-1.4999999999999998	1.1641883805575253
-1.4989999999999999	1.163800250437928
-1.4979999999999998	1.1634119908310523
-1.4969999999999999	1.1630236016072861
-1.4959999999999998	1.1626350826366456
-1.4949999999999999	1.162246433789053
-1.4939999999999998	1.1618576549341566
-1.4929999999999999	1.1614687459413613
-1.4919999999999998	1.1610797066799734
-1.4909999999999999	1.1606905370189733
-1.4899999999999998	1.1603012368270953
-1.4889999999999999	1.159911805972976
-1.4879999999999998	1.1595222443249358
-1.4869999999999999	1.1591325517510738
-1.4859999999999998	1.1587427281193148
-1.4849999999999999	1.1583527732973347
-1.4839999999999998	1.1579626871525788
-1.4829999999999999	1.157572469552325
-1.4819999999999998	1.1571821203635235
-1.4809999999999999	1.1567916394530382
-1.4799999999999998	1.1564010266873586
-1.4789999999999999	1.1560102819328555
-1.4779999999999998	1.1556194050556057
-1.4769999999999999	1.155228395921556
-1.4759999999999998	1.1548372543963035
-1.4749999999999999	1.154445980345279
-1.4739999999999998	1.1540545736337346
-1.4729999999999999	1.1536630341265675
-1.4719999999999998	1.1532713616885941
-1.4709999999999999	1.1528795561842762
-1.4699999999999998	1.15248761747792
-1.4689999999999999	1.1520955454335644
-1.4679999999999997	1.1517033399150323
-1.4669999999999999	1.1513110007859242
-1.4659999999999997	1.150918527909577
-1.4649999999999999	1.150525921149149
-1.4639999999999997	1.1501331803674772
-1.4629999999999999	1.1497403054272435
-1.4619999999999997	1.1493472961908904
-1.4609999999999999	1.1489541525205471
-1.4599999999999997	1.1485608742782019
-1.4589999999999999	1.1481674613255877
-1.4579999999999997	1.1477739135241154
-1.4569999999999999	1.1473802307350998
-1.456	1.1469864128194815
-1.455	1.146592459638052
-1.454	1.1461983710512806
-1.453	1.1458041469195226
-1.452	1.145409787102802
-1.451	1.1450152914608647
-1.45	1.1446206598533404
-1.449	1.1442258921395114
-1.448	1.1438309881784408
-1.447	1.1434359478289648
-1.446	1.1430407709496888
-1.445	1.1426454573989544
-1.444	1.1422500070348343
-1.443	1.1418544197152092
-1.442	1.1414586952976515
-1.441	1.141062833639532
-1.44	1.1406668345979616
-1.439	1.1402706980298092
-1.438	1.1398744237916907
-1.437	1.1394780117399599
-1.436	1.1390814617307223
-1.435	1.1386847736198762
-1.434	1.138287947262969
-1.433	1.1378909825154209
-1.432	1.1374938792323535
-1.431	1.1370966372685691
-1.43	1.1366992564786824
-1.429	1.1363017367170507
-1.428	1.1359040778377811
-1.427	1.1355062796946898
-1.426	1.1351083421413593
-1.425	1.1347102650310978
-1.424	1.134312048217011
-1.423	1.1339136915518866
-1.422	1.1335151948882685
-1.421	1.133116558078447
-1.42	1.132717780974482
-1.419	1.1323188634280925
-1.418	1.1319198052908395
-1.417	1.1315206064139343
-1.416	1.1311212666483854
-1.415	1.1307217858448995
-1.414	1.1303221638539371
-1.413	1.1299224005256858
-1.412	1.1295224957100811
-1.411	1.1291224492567844
-1.41	1.1287222610152097
-1.409	1.128321930834457
-1.408	1.1279214585634014
-1.407	1.1275208440506441
-1.406	1.127120087144462
-1.405	1.126719187692983
-1.404	1.1263181455439244
-1.403	1.1259169605448431
-1.402	1.1255156325429359
-1.401	1.125114161385232
-1.4	1.1247125469183579
-1.399	1.124310788988792
-1.398	1.1239088874426542
-1.397	1.1235068421258143
-1.396	1.1231046528838673
-1.395	1.1227023195621486
-1.394	1.1222998420056847
-1.393	1.1218972200592368
-1.392	1.121494453567293
-1.391	1.121091542374077
-1.39	1.120688486323484
-1.389	1.120285285259179
-1.388	1.1198819390245165
-1.387	1.1194784474625947
-1.386	1.1190748104161883
-1.385	1.1186710277278278
-1.384	1.1182670992397392
-1.383	1.1178630247938381
-1.382	1.1174588042318585
-1.381	1.1170544373950997
-1.38	1.1166499241246552
-1.379	1.116245264261374
-1.378	1.1158404576457321
-1.377	1.1154355041179453
-1.376	1.11503040351794
-1.375	1.1146251556853786
-1.3739999999999999	1.1142197604595843
-1.373	1.1138142176796089
-1.3719999999999999	1.1134085271842307
-1.371	1.1130026888119076
-1.3699999999999999	1.1125967024008365
-1.369	1.1121905677888309
-1.3679999999999999	1.1117842848135562
-1.367	1.1113778533122705
-1.3659999999999999	1.1109712731219072
-1.365	1.110564544079219
-1.3639999999999999	1.1101576660205439
-1.363	1.109750638782017
-1.3619999999999999	1.109343462199415
-1.361	1.1089361361082066
-1.3599999999999999	1.1085286603435909
-1.359	1.1081210347404533
-1.3579999999999999	1.107713259133324
-1.357	1.107305333356591
-1.3559999999999999	1.1068972572441043
-1.355	1.1064890306295794
-1.3539999999999999	1.106080653346353
-1.353	1.1056721252275066
-1.3519999999999999	1.10526344610573
-1.351	1.1048546158134693
-1.3499999999999999	1.1044456341828839
-1.349	1.1040365010457014
-1.3479999999999999	1.1036272162334928
-1.347	1.1032177795774416
-1.3459999999999999	1.1028081909083305
-1.345	1.102398450056801
-1.3439999999999999	1.101988556853099
-1.343	1.1015785111270953
-1.3419999999999999	1.1011683127084255
-1.341	1.1007579614263716
-1.3399999999999999	1.1003474571099237
-1.339	1.0999367995877178
-1.3379999999999999	1.09952598868808
-1.337	1.0991150242390504
-1.3359999999999999	1.0987039060683064
-1.335	1.0982926340032078
-1.3339999999999999	1.097881207870829
-1.333	1.0974696274978697
-1.3319999999999999	1.0970578927107004
-1.331	1.0966460033354157
-1.3299999999999998	1.096233959197798
-1.329	1.0958217601232068
-1.3279999999999998	1.09540940593674
-1.327	1.0949968964631773
-1.3259999999999998	1.0945842315269037
-1.325	1.0941714109520777
-1.3239999999999998	1.0937584345624305
-1.323	1.0933453021813755
-1.3219999999999998	1.0929320136320533
-1.321	1.0925185687371606
-1.3199999999999998	1.0921049673192007
-1.319	1.0916912092002213
-1.3179999999999998	1.0912772942019822
-1.317	1.0908632221458918
-1.3159999999999998	1.0904489928530716
-1.315	1.090034606144196
-1.3139999999999998	1.089620061839711
-1.313	1.0892053597596232
-1.3119999999999998	1.0887904997236926
-1.311	1.0883754815512514
-1.3099999999999998	1.0879603050613473
-1.309	1.0875449700726323
-1.3079999999999998	1.0871294764034753
-1.307	1.0867138238718208
-1.3059999999999998	1.0862980122953285
-1.305	1.0858820414912613
-1.3039999999999998	1.085465911276608
-1.303	1.0850496214678835
-1.302	1.0846331718813669
-1.301	1.0842165623329345
-1.3	1.0837997926380905
-1.299	1.0833828626120545
-1.298	1.082965772069586
-1.297	1.082548520825179
-1.296	1.0821311086929226
-1.295	1.0817135354865406
-1.294	1.0812958010194678
-1.293	1.0808779051046897
-1.292	1.080459847554846
-1.291	1.0800416281823149
-1.29	1.0796232467989408
-1.289	1.0792047032163614
-1.288	1.0787859972456975
-1.287	1.0783671286978707
-1.286	1.077948097383337
-1.285	1.0775289031121584
-1.284	1.0771095456941264
-1.283	1.0766900249385303
-1.282	1.0762703406544423
-1.281	1.0758504926504067
-1.28	1.075430480734717
-1.279	1.0750103047152018
-1.2779999999999998	1.0745899643993855
-1.277	1.0741694595943743
-1.2759999999999998	1.0737487901069223
-1.275	1.0733279557433661
-1.2739999999999998	1.0729069563097064
-1.273	1.072485791611523
-1.2719999999999998	1.0720644614540722
-1.271	1.0716429656421445
-1.2699999999999998	1.0712213039802039
-1.269	1.070799476272347
-1.2679999999999998	1.070377482322238
-1.267	1.0699553219331062
-1.2659999999999998	1.0695329949079486
-1.265	1.0691105010492428
-1.2639999999999998	1.0686878401591178
-1.263	1.0682650120393204
-1.2619999999999998	1.0678420164911488
-1.261	1.0674188533155806
-1.2599999999999998	1.066995522313176
-1.259	1.0665720232840743
-1.2579999999999998	1.0661483560280598
-1.257	1.0657245203444434
-1.256	1.0653005160322573
-1.255	1.0648763428900234
-1.254	1.064452000715891
-1.253	1.0640274893076378
-1.252	1.0636028084626212
-1.251	1.0631779579777967
-1.25	1.0627529376496765
-1.2489999999999999	1.0623277472744395
-1.248	1.0619023866477892
-1.2469999999999999	1.0614768555650582
-1.246	1.0610511538211442
-1.2449999999999999	1.0606252812105323
-1.244	1.0601992375273428
-1.2429999999999999	1.0597730225652282
-1.242	1.0593466361174542
-1.2409999999999999	1.0589200779768466
-1.24	1.058493347935819
-1.2389999999999999	1.0580664457864069
-1.238	1.0576393713201728
-1.2369999999999999	1.0572121243282677
-1.236	1.0567847046014591
-1.2349999999999999	1.0563571119300728
-1.234	1.0559293461039587
-1.2329999999999999	1.0555014069126187
-1.2319999999999998	1.0550732941450616
-1.2309999999999999	1.054645007589927
-1.2299999999999998	1.0542165470354201
-1.2289999999999999	1.0537879122692178
-1.2279999999999998	1.0533591030787006
-1.2269999999999999	1.0529301192507148
-1.2259999999999998	1.052500960571763
-1.2249999999999999	1.052071626827832
-1.2239999999999998	1.0516421178045123
-1.2229999999999999	1.0512124332869281
-1.2219999999999998	1.05078257305978
-1.2209999999999999	1.0503525369073554
-1.2199999999999998	1.0499223246134664
-1.2189999999999999	1.0494919359614865
-1.2179999999999997	1.0490613707343428
-1.2169999999999999	1.0486306287145268
-1.2159999999999997	1.0481997096840694
-1.2149999999999999	1.0477686134245883
-1.2139999999999997	1.047337339717203
-1.2129999999999999	1.0469058883426081
-1.2119999999999997	1.0464742590810443
-1.2109999999999999	1.046042451712296
-1.21	1.0456104660157066
-1.2089999999999999	1.0451783017701481
-1.208	1.0447459587540302
-1.2069999999999999	1.0443134367452982
-1.206	1.043880735521466
-1.2049999999999998	1.043447854859603
-1.204	1.0430147945362431
-1.2029999999999998	1.0425815543274928
-1.202	1.0421481340090122
-1.2009999999999998	1.0417145333559958
-1.2	1.0412807521431353
-1.1989999999999998	1.0408467901446727
-1.198	1.0404126471343889
-1.1969999999999998	1.0399783228855637
-1.196	1.0395438171710256
-1.1949999999999998	1.0391091297631516
-1.194	1.0386742604337822
-1.1929999999999998	1.038239208954337
-1.192	1.0378039750956862
-1.1909999999999998	1.0373685586283365
-1.19	1.036932959322202
-1.1889999999999998	1.0364971769467275
-1.188	1.0360612112709395
-1.187	1.035625062063321
-1.186	1.0351887290918824
-1.185	1.0347522121241386
-1.184	1.0343155109271682
-1.183	1.033878625267435
-1.182	1.033441554911055
-1.181	1.0330042996235063
-1.18	1.0325668591699215
-1.179	1.0321292333147727
-1.178	1.0316914218222077
-1.177	1.0312534244557328
-1.176	1.0308152409783913
-1.175	1.0303768711527572
-1.174	1.0299383147408727
-1.173	1.0294995715042767
-1.172	1.029060641203979
-1.171	1.028621523600501
-1.17	1.028182218453905
-1.169	1.0277427255236222
-1.168	1.0273030445686566
-1.167	1.0268631753474513
-1.166	1.0264231176180008
-1.165	1.0259828711377066
-1.164	1.0255424356634772
-1.1629999999999998	1.0251018109516796
-1.162	1.0246609967581817
-1.1609999999999998	1.0242199928383506
-1.16	1.023778798946965
-1.1589999999999998	1.0233374148383372
-1.158	1.0228958402661668
-1.1569999999999998	1.0224540749836926
-1.156	1.0220121187436164
-1.1549999999999998	1.0215699712980846
-1.154	1.0211276323987057
-1.1529999999999998	1.0206851017965344
-1.152	1.0202423792421371
-1.1509999999999998	1.0197994644854915
-1.15	1.019356357276052
-1.1489999999999998	1.0189130573627143
-1.148	1.0184695644938542
-1.1469999999999998	1.0180258784172467
-1.146	1.0175819988802286
-1.1449999999999998	1.0171379256294235
-1.144	1.0166936584110424
-1.1429999999999998	1.0162491969706589
-1.142	1.0158045410533185
-1.141	1.0153596904035376
-1.14	1.0149146447652324
-1.139	1.0144694038817275
-1.138	1.0140239674958618
-1.137	1.0135783353498595
-1.136	1.0131325071854245
-1.135	1.0126864827436082
-1.134	1.0122402617649364
-1.133	1.0117938439894207
-1.132	1.0113472291563859
-1.131	1.0109004170046996
-1.13	1.010453407272532
-1.129	1.0100061996975696
-1.128	1.0095587940169086
-1.127	1.0091111899669591
-1.126	1.0086633872836974
-1.125	1.0082153857024072
-1.1239999999999999	1.007767184957813
-1.123	1.007318784784067
-1.1219999999999999	1.0068701849146873
-1.121	1.0064213850826582
-1.1199999999999999	1.0059723850203186
-1.119	1.0055231844594306
-1.1179999999999999	1.0050737831311607
-1.1169999999999998	1.004624180766048
-1.1159999999999999	1.0041743770940552
-1.1149999999999998	1.0037243718445437
-1.1139999999999999	1.0032741647462247
-1.1129999999999998	1.0028237555272594
-1.1119999999999999	1.0023731439151806
-1.1109999999999998	1.0019223296368411
-1.1099999999999999	1.0014713124186014
-1.1089999999999998	1.0010200919860863
-1.1079999999999999	1.000568668064442
-1.1069999999999998	1.0001170403779847
-1.1059999999999999	0.9996652086506103
-1.1049999999999998	0.9992131726054662
-1.1039999999999999	0.9987609319651711
-1.1029999999999998	0.9983084864516267
-1.1019999999999999	0.9978558357861632
-1.1009999999999998	0.9974029796894108
-1.0999999999999999	0.9969499178814454
-1.0989999999999998	0.9964966500816576
-1.0979999999999999	0.9960431760088335
-1.0969999999999998	0.9955894953810739
-1.0959999999999999	0.9951356079158459
-1.095	0.9946815133300473
-1.0939999999999999	0.9942272113398082
-1.093	0.9937727016606506
-1.0919999999999999	0.9933179840075617
-1.091	0.9928630580947009
-1.0899999999999999	0.992407923635682
-1.089	0.9919525803433792
-1.0879999999999999	0.9914970279301437
-1.087	0.9910412661075069
-1.0859999999999999	0.9905852945864742
-1.085	0.9901291130772517
-1.0839999999999999	0.9896727212894922
-1.083	0.9892161189321395
-1.0819999999999999	0.98875930571344
-1.081	0.988302281340973
-1.0799999999999998	0.9878450455216801
-1.079	0.9873875979618029
-1.0779999999999998	0.9869299383668584
-1.077	0.9864720664417682
-1.0759999999999998	0.986013981890659
-1.075	0.9855556844170829
-1.0739999999999998	0.9850971737238358
-1.073	0.9846384495130525
-1.072	0.984179511486104
-1.071	0.983720359343775
-1.07	0.9832609927860584
-1.069	0.9828014115122887
-1.068	0.9823416152211045
-1.067	0.9818816036104108
-1.066	0.9814213763774106
-1.065	0.9809609332186529
-1.064	0.980500273829831
-1.063	0.980039397906104
-1.062	0.9795783051417924
-1.061	0.9791169952305151
-1.06	0.9786554678652233
-1.059	0.9781937227380951
-1.058	0.9777317595405618
-1.057	0.977269577963381
-1.056	0.9768071776965513
-1.055	0.9763445584293272
-1.054	0.975881719850257
-1.053	0.9754186616471375
-1.052	0.9749553835069839
-1.051	0.9744918851161178
-1.05	0.9740281661601088
-1.049	0.9735642263237614
-1.0479999999999998	0.9731000652911166
-1.047	0.9726356827455148
-1.0459999999999998	0.9721710783694719
-1.045	0.9717062518447832
-1.0439999999999998	0.971241202852501
-1.043	0.9707759310728487
-1.0419999999999998	0.9703104361853623
-1.041	0.9698447178687455
-1.0399999999999998	0.9693787758009591
-1.039	0.9689126096591651
-1.0379999999999998	0.9684462191197996
-1.037	0.9679796038585105
-1.0359999999999998	0.9675127635500876
-1.035	0.9670456978686042
-1.0339999999999998	0.9665784064873103
-1.033	0.9661108890787539
-1.0319999999999998	0.9656431453145504
-1.031	0.9651751748656043
-1.0299999999999998	0.9647069774020447
-1.029	0.9642385525931325
-1.0279999999999998	0.9637699001073746
-1.027	0.96330101961242
-1.026	0.9628319107751973
-1.025	0.9623625732617102
-1.024	0.9618930067372524
-1.023	0.9614232108661858
-1.022	0.9609531853121818
-1.021	0.9604829297380157
-1.02	0.9600124438056169
-1.019	0.9595417271761418
-1.018	0.9590707795098826
-1.017	0.9585996004662924
-1.016	0.9581281897039965
-1.015	0.957656546880814
-1.014	0.9571846716536597
-1.013	0.9567125636786309
-1.012	0.9562402226109793
-1.011	0.9557676481050732
-1.01	0.955294839814513
-1.009	0.95482179739193
-1.008	0.9543485204891675
-1.007	0.9538750087571863
-1.006	0.9534012618460682
-1.005	0.9529272794050405
-1.004	0.9524530610824371
-1.003	0.9519786065257979
-1.002	0.9515039153816017
-1.001	0.9510289872956454
-1.	0.9505538219127321
-0.999	0.9500784188768003
-0.998	0.9496027778308991
-0.997	0.9491268984171638
-0.996	0.9486507802768672
-0.995	0.9481744230503788
-0.994	0.9476978263771184
-0.993	0.9472209898956412
-0.992	0.9467439132435848
-0.991	0.9462665960576602
-0.99	0.9457890379736422
-0.989	0.9453112386264749
-0.988	0.9448331976500743
-0.987	0.9443549146774752
-0.986	0.9438763893407995
-0.985	0.9433976212712039
-0.984	0.9429186100989236
-0.983	0.942439355453242
-0.982	0.9419598569625172
-0.981	0.9414801142541626
-0.9800000000000001	0.941000126954611
-0.9790000000000001	0.9405198946893972
-0.9780000000000001	0.9400394170830348
-0.9770000000000001	0.9395586937591004
-0.9760000000000001	0.9390777243402308
-0.9750000000000001	0.9385965084480697
-0.9740000000000001	0.9381150457033175
-0.9730000000000001	0.9376333357256713
-0.9720000000000001	0.9371513781338647
-0.9710000000000001	0.9366691725456403
-0.9700000000000001	0.9361867185777738
-0.9690000000000001	0.9357040158460338
-0.9680000000000001	0.9352210639652005
-0.9670000000000001	0.9347378625490865
-0.9660000000000001	0.934254411210463
-0.9650000000000001	0.9337707095611321
-0.9640000000000001	0.9332867572118713
-0.9630000000000001	0.9328025537724375
-0.9620000000000001	0.9323180988516319
-0.9610000000000001	0.931833392057171
-0.9600000000000001	0.9313484329957684
-0.9590000000000001	0.930863221273134
-0.9580000000000001	0.9303777564939589
-0.957	0.9298920382618098
-0.956	0.9294060661793617
-0.955	0.9289198398481424
-0.954	0.9284333588687079
-0.953	0.9279466228404673
-0.952	0.9274596313618563
-0.951	0.9269723840302871
-0.95	0.9264848804420097
-0.949	0.9259971201923022
-0.948	0.9255091028753247
-0.947	0.9250208280842039
-0.946	0.9245322954109486
-0.945	0.9240435044465231
-0.944	0.9235544547807844
-0.943	0.9230651460025284
-0.942	0.9225755776994587
-0.941	0.9220857494581537
-0.94	0.9215956608641119
-0.939	0.9211053115017509
-0.938	0.9206147009543478
-0.9369999999999999	0.9201238288040586
-0.9359999999999999	0.9196326946319936
-0.9349999999999999	0.9191412980180644
-0.934	0.9186496385411406
-0.933	0.9181577157788157
-0.932	0.9176655293077481
-0.931	0.9171730787033234
-0.93	0.9166803635397939
-0.929	0.9161873833903768
-0.928	0.915694137826996
-0.927	0.9152006264205068
-0.926	0.9147068487406254
-0.925	0.9142128043557873
-0.924	0.9137184928334163
-0.923	0.9132239137396607
-0.922	0.9127290666395371
-0.921	0.9122339510968458
-0.92	0.9117385666742356
-0.919	0.9112429129331561
-0.918	0.9107469894338854
-0.917	0.9102507957354667
-0.916	0.9097543313957276
-0.915	0.9092575959713638
-0.914	0.9087605890177844
-0.913	0.9082633100892105
-0.912	0.9077657587386685
-0.911	0.9072679345178959
-0.91	0.9067698369774326
-0.909	0.906271465666637
-0.908	0.9057728201335197
-0.907	0.9052738999249449
-0.906	0.904774704586458
-0.905	0.9042752336623937
-0.904	0.9037754866957991
-0.903	0.9032754632284672
-0.902	0.9027751628009456
-0.901	0.9022745849524736
-0.9	0.9017737292210087
-0.899	0.9012725951432681
-0.898	0.9007711822546308
-0.897	0.9002694900892131
-0.896	0.8997675181798256
-0.895	0.8992652660579747
-0.894	0.8987627332538144
-0.893	0.8982599192962982
-0.892	0.8977568237129064
-0.891	0.8972534460299345
-0.89	0.8967497857722752
-0.889	0.8962458424634713
-0.888	0.8957416156257691
-0.887	0.895237104780076
-0.886	0.8947323094458632
-0.885	0.8942272291413943
-0.884	0.893721863383432
-0.883	0.8932162116874243
-0.882	0.8927102735674519
-0.881	0.8922040485362381
-0.88	0.891697536105058
-0.879	0.8911907357838758
-0.878	0.890683647081216
-0.877	0.8901762695041503
-0.876	0.8896686025584908
-0.875	0.8891606457484942
-0.874	0.8886523985771028
-0.873	0.8881438605457607
-0.872	0.8876350311545311
-0.871	0.8871259099020022
-0.87	0.8866164962853691
-0.869	0.8861067898003462
-0.868	0.885596789941255
-0.867	0.8850864962008415
-0.866	0.8845759080705219
-0.8650000000000001	0.884065025040154
-0.8640000000000001	0.8835538465981636
-0.8630000000000001	0.8830423722314655
-0.8620000000000001	0.8825306014255032
-0.8610000000000001	0.8820185336642685
-0.8600000000000001	0.8815061684301645
-0.8590000000000001	0.8809935052041775
-0.8580000000000001	0.8804805434656942
-0.8570000000000001	0.8799672826927105
-0.8560000000000001	0.8794537223615412
-0.8550000000000001	0.8789398619470928
-0.8540000000000001	0.878425700922689
-0.8530000000000001	0.8779112387601259
-0.8520000000000001	0.8773964749296115
-0.8510000000000001	0.8768814088998583
-0.8500000000000001	0.8763660401379632
-0.8490000000000001	0.875850368109514
-0.8480000000000001	0.8753343922784468
-0.8470000000000001	0.8748181121071735
-0.8460000000000001	0.8743015270565161
-0.8450000000000001	0.8737846365856754
-0.8440000000000001	0.873267440152303
-0.8430000000000001	0.872749937212357
-0.8420000000000001	0.8722321272202592
-0.8410000000000001	0.8717140096287804
-0.8400000000000001	0.8711955838890494
-0.8390000000000001	0.8706768494506072
-0.8380000000000001	0.8701578057612998
-0.8370000000000001	0.8696384522673662
-0.8360000000000001	0.869118788413363
-0.8350000000000001	0.8685988136422035
-0.8340000000000001	0.8680785273951206
-0.8330000000000001	0.8675579291116734
-0.8320000000000001	0.8670370182297442
-0.8310000000000001	0.8665157941855389
-0.8300000000000001	0.8659942564135226
-0.8290000000000001	0.8654724043464852
-0.8280000000000001	0.8649502374155477
-0.8270000000000001	0.8644277550500036
-0.8260000000000001	0.8639049566775251
-0.8250000000000001	0.8633818417240052
-0.8240000000000001	0.8628584096135988
-0.8230000000000001	0.8623346597687062
-0.8220000000000001	0.8618105916100048
-0.8210000000000001	0.8612862045563666
-0.8200000000000001	0.8607614980249422
-0.8190000000000001	0.860236471431059
-0.8180000000000001	0.8597111241882381
-0.8170000000000001	0.8591854557083158
-0.8160000000000001	0.8586594654012183
-0.8150000000000001	0.8581331526751053
-0.8140000000000001	0.8576065169363148
-0.8130000000000001	0.8570795575893618
-0.812	0.8565522740369561
-0.811	0.856024665679913
-0.81	0.8554967319172173
-0.809	0.8549684721460481
-0.808	0.8544398857616711
-0.807	0.8539109721574697
-0.806	0.8533817307249878
-0.805	0.8528521608538572
-0.804	0.8523222619318149
-0.803	0.8517920333446911
-0.802	0.8512614744764367
-0.801	0.8507305847090088
-0.8	0.8501993634225046
-0.799	0.849667809995051
-0.798	0.8491359238028496
-0.797	0.8486037042201078
-0.796	0.8480711506191182
-0.795	0.847538262370135
-0.794	0.8470050388415192
-0.793	0.8464714793995604
-0.792	0.8459375834085918
-0.791	0.8454033502309511
-0.79	0.8448687792269097
-0.789	0.844333869754769
-0.788	0.8437986211707297
-0.787	0.8432630328290375
-0.786	0.8427271040818131
-0.785	0.8421908342791482
-0.784	0.8416542227690611
-0.783	0.8411172688974484
-0.782	0.8405799720082058
-0.781	0.8400423314430499
-0.78	0.8395043465416132
-0.779	0.8389660166414197
-0.778	0.8384273410778788
-0.777	0.8378883191842217
-0.776	0.8373489502915522
-0.775	0.836809233728858
-0.774	0.8362691688229069
-0.773	0.8357287548983099
-0.772	0.8351879912774913
-0.771	0.834646877280671
-0.77	0.8341054122258932
-0.769	0.8335635954289645
-0.768	0.833021426203468
-0.767	0.8324789038607608
-0.766	0.8319360277099176
-0.765	0.8313927970578157
-0.764	0.8308492112089967
-0.763	0.8303052694658564
-0.762	0.8297609711283244
-0.761	0.8292163154941153
-0.76	0.8286713018587161
-0.759	0.8281259295151643
-0.758	0.8275801977542235
-0.757	0.8270341058643275
-0.756	0.826487653131542
-0.755	0.8259408388395719
-0.754	0.8253936622697664
-0.753	0.8248461227010729
-0.752	0.8242982194100406
-0.751	0.8237499516708414
-0.7500000000000001	0.8232013187551694
-0.7490000000000001	0.8226523199323637
-0.7480000000000001	0.8221029544692873
-0.7470000000000001	0.8215532216303509
-0.7460000000000001	0.8210031206774366
-0.7450000000000001	0.8204526508701262
-0.7440000000000001	0.8199018114653405
-0.7430000000000001	0.8193506017175699
-0.7420000000000001	0.8187990208788477
-0.7410000000000001	0.8182470681985745
-0.7400000000000001	0.8176947429236968
-0.7390000000000001	0.8171420442985899
-0.7380000000000001	0.8165889715650821
-0.7370000000000001	0.8160355239624403
-0.7360000000000001	0.8154817007273056
-0.7350000000000001	0.8149275010937506
-0.7340000000000001	0.8143729242932805
-0.7330000000000001	0.8138179695547126
-0.7320000000000001	0.8132626361043013
-0.7310000000000001	0.8127069231655824
-0.7300000000000001	0.8121508299594898
-0.7290000000000001	0.8115943557042796
-0.7280000000000001	0.8110374996155195
-0.7270000000000001	0.8104802609060644
-0.7260000000000001	0.8099226387860828
-0.7250000000000001	0.809364632463029
-0.7240000000000001	0.8088062411415886
-0.7230000000000001	0.8082474640237233
-0.7220000000000001	0.8076883003086445
-0.7210000000000001	0.8071287491927777
-0.7200000000000001	0.8065688098697589
-0.7190000000000001	0.8060084815303975
-0.7180000000000001	0.8054477633627406
-0.7170000000000001	0.8048866545519562
-0.7160000000000001	0.8043251542804136
-0.7150000000000001	0.8037632617276079
-0.7140000000000001	0.8032009760701381
-0.7130000000000001	0.8026382964817524
-0.7120000000000001	0.8020752221332866
-0.7110000000000001	0.8015117521926447
-0.7100000000000001	0.8009478858248477
-0.7090000000000001	0.8003836221919787
-0.7080000000000001	0.7998189604530767
-0.7070000000000001	0.7992538997643109
-0.7060000000000001	0.7986884392787972
-0.7050000000000001	0.7981225781467123
-0.7040000000000001	0.7975563155151438
-0.7030000000000001	0.7969896505282079
-0.7020000000000001	0.79642258232695
-0.7010000000000001	0.7958551100493789
-0.7000000000000001	0.7952872328303611
-0.6990000000000001	0.7947189498017849
-0.6980000000000001	0.7941502600923173
-0.6970000000000001	0.7935811628275611
-0.6960000000000001	0.7930116571299615
-0.6950000000000001	0.7924417421188481
-0.6940000000000001	0.7918714169103312
-0.6930000000000001	0.791300680617366
-0.6920000000000001	0.7907295323496975
-0.6910000000000001	0.7901579712138309
-0.6900000000000001	0.7895859963130988
-0.6890000000000001	0.7890136067474978
-0.6880000000000001	0.7884408016138197
-0.687	0.7878675800055407
-0.686	0.7872939410128816
-0.685	0.78671988372267
-0.684	0.7861454072184643
-0.683	0.7855705105804619
-0.682	0.7849951928854413
-0.681	0.7844194532068524
-0.68	0.7838432906147283
-0.679	0.7832667041756647
-0.678	0.7826896929528415
-0.677	0.7821122560059387
-0.676	0.7815343923912206
-0.675	0.780956101161404
-0.674	0.7803773813657434
-0.673	0.7797982320499307
-0.672	0.7792186522561201
-0.671	0.778638641022909
-0.67	0.7780581973853027
-0.669	0.7774773203747026
-0.668	0.77689600901888
-0.667	0.7763142623420028
-0.666	0.775732079364537
-0.665	0.7751494591032699
-0.664	0.774566400571338
-0.663	0.7739829027780943
-0.662	0.7733989647291952
-0.661	0.7728145854265394
-0.66	0.772229763868232
-0.659	0.7716444990486077
-0.658	0.7710587899581279
-0.657	0.7704726355834987
-0.656	0.7698860349074838
-0.655	0.7692989869090189
-0.654	0.7687114905631306
-0.653	0.7681235448408954
-0.652	0.7675351487095355
-0.651	0.7669463011321808
-0.65	0.7663570010680745
-0.649	0.7657672474724422
-0.648	0.7651770392964218
-0.647	0.7645863754872049
-0.646	0.7639952549877794
-0.645	0.7634036767371816
-0.644	0.7628116396702291
-0.643	0.7622191427176332
-0.642	0.7616261848059844
-0.641	0.7610327648576228
-0.64	0.7604388817907017
-0.639	0.7598445345192074
-0.638	0.7592497219527785
-0.637	0.7586544429968612
-0.636	0.7580586965525433
-0.635	0.7574624815166383
-0.634	0.7568657967815781
-0.633	0.7562686412354347
-0.632	0.7556710137618974
-0.631	0.7550729132402064
-0.63	0.7544743385451884
-0.629	0.7538752885472005
-0.628	0.7532757621120969
-0.627	0.7526757581012203
-0.626	0.7520752753713357
-0.625	0.7514743127747033
-0.624	0.7508728691589441
-0.623	0.7502709433670814
-0.622	0.749668534237476
-0.621	0.7490656406038175
-0.62	0.7484622612950947
-0.619	0.7478583951355818
-0.618	0.7472540409448143
-0.617	0.7466491975375072
-0.616	0.7460438637236299
-0.615	0.7454380383082466
-0.614	0.7448317200916232
-0.613	0.7442249078691097
-0.6120000000000001	0.7436176004311181
-0.6110000000000001	0.7430097965631703
-0.6100000000000001	0.7424014950457569
-0.6090000000000001	0.7417926946544389
-0.6080000000000001	0.741183394159655
-0.6070000000000001	0.7405735923268708
-0.6060000000000001	0.7399632879164129
-0.6050000000000001	0.7393524796834804
-0.6040000000000001	0.7387411663781885
-0.6030000000000001	0.7381293467454028
-0.6020000000000001	0.7375170195248277
-0.6010000000000001	0.7369041834509256
-0.6000000000000001	0.7362908372528615
-0.5990000000000001	0.7356769796545207
-0.5980000000000001	0.7350626093744882
-0.5970000000000001	0.7344477251259256
-0.5960000000000001	0.733832325616654
-0.5950000000000001	0.7332164095490371
-0.5940000000000001	0.7325999756200218
-0.5930000000000001	0.7319830225210242
-0.5920000000000001	0.7313655489379572
-0.5910000000000001	0.7307475535511774
-0.5900000000000001	0.7301290350354633
-0.5890000000000001	0.7295099920599878
-0.5880000000000001	0.7288904232882208
-0.5870000000000001	0.7282703273779836
-0.5860000000000001	0.7276497029813799
-0.5850000000000001	0.7270285487447573
-0.5840000000000001	0.7264068633086384
-0.5830000000000001	0.7257846453077543
-0.5820000000000001	0.7251618933710096
-0.5810000000000001	0.7245386061213248
-0.5800000000000001	0.7239147821757927
-0.5790000000000001	0.7232904201454459
-0.5780000000000001	0.7226655186353839
-0.5770000000000001	0.7220400762446556
-0.5760000000000001	0.7214140915661961
-0.5750000000000001	0.7207875631868677
-0.5740000000000001	0.720160489687405
-0.5730000000000001	0.719532869642279
-0.5720000000000001	0.7189047016198105
-0.5710000000000001	0.7182759841820258
-0.5700000000000001	0.7176467158846423
-0.5690000000000001	0.7170168952770684
-0.5680000000000001	0.7163865209023028
-0.5670000000000001	0.7157555912969431
-0.5660000000000001	0.7151241049911213
-0.5650000000000001	0.7144920605085007
-0.5640000000000001	0.7138594563661556
-0.5630000000000001	0.7132262910746124
-0.562	0.712592563137791
-0.561	0.7119582710529246
-0.56	0.7113234133105589
-0.559	0.7106879883944943
-0.558	0.7100519947817396
-0.557	0.7094154309424745
-0.556	0.7087782953400064
-0.555	0.7081405864307578
-0.554	0.707502302664139
-0.553	0.7068634424825828
-0.552	0.7062240043214817
-0.551	0.7055839866091337
-0.55	0.7049433877667093
-0.549	0.7043022062081694
-0.548	0.7036604403402613
-0.547	0.7030180885624655
-0.546	0.7023751492669432
-0.545	0.7017316208384552
-0.544	0.701087501654388
-0.543	0.700442790084655
-0.542	0.6997974844916265
-0.541	0.6991515832301735
-0.54	0.6985050846474774
-0.539	0.6978579870831345
-0.538	0.6972102888690144
-0.537	0.6965619883292028
-0.536	0.695913083779992
-0.535	0.6952635735298206
-0.534	0.694613455879223
-0.533	0.6939627291207358
-0.532	0.6933113915389228
-0.531	0.6926594414102472
-0.53	0.6920068770030754
-0.529	0.6913536965775867
-0.528	0.6906998983857147
-0.527	0.6900454806711438
-0.526	0.6893904416691942
-0.525	0.6887347796067942
-0.524	0.6880784927024437
-0.523	0.687421579166097
-0.522	0.6867640371991747
-0.521	0.6861058649944786
-0.52	0.6854470607360988
-0.519	0.6847876225994212
-0.518	0.6841275487510271
-0.517	0.6834668373486221
-0.516	0.6828054865409989
-0.515	0.6821434944680077
-0.514	0.6814808592604309
-0.513	0.6808175790399567
-0.512	0.6801536519191063
-0.511	0.6794890760011975
-0.51	0.6788238493802159
-0.509	0.6781579701408424
-0.508	0.6774914363583149
-0.507	0.6768242460984175
-0.506	0.6761563974173532
-0.505	0.6754878883617341
-0.504	0.674818716968512
-0.503	0.6741488812648233
-0.502	0.6734783792680713
-0.501	0.6728072089857152
-0.5	0.672135368415309
-0.499	0.6714628555443642
-0.498	0.6707896683502811
-0.4970000000000001	0.6701158048003278
-0.4960000000000001	0.6694412628515213
-0.4950000000000001	0.6687660404505895
-0.4940000000000001	0.6680901355338468
-0.4930000000000001	0.6674135460271793
-0.4920000000000001	0.666736269845957
-0.4910000000000001	0.6660583048949256
-0.4900000000000001	0.6653796490681287
-0.4890000000000001	0.664700300248907
-0.4880000000000001	0.6640202563097511
-0.4870000000000001	0.6633395151122309
-0.4860000000000001	0.6626580745069188
-0.4850000000000001	0.6619759323333541
-0.4840000000000001	0.661293086419911
-0.4830000000000001	0.6606095345837127
-0.4820000000000001	0.6599252746305969
-0.4810000000000001	0.6592403043550318
-0.4800000000000001	0.6585546215399596
-0.4790000000000001	0.6578682239568144
-0.4780000000000001	0.6571811093653388
-0.4770000000000001	0.6564932755135651
-0.4760000000000001	0.6558047201377603
-0.4750000000000001	0.6551154409622139
-0.4740000000000001	0.6544254356992717
-0.4730000000000001	0.6537347020491805
-0.4720000000000001	0.6530432377000336
-0.4710000000000001	0.6523510403276593
-0.4700000000000001	0.6516581075955307
-0.4690000000000001	0.6509644371547073
-0.4680000000000001	0.6502700266436803
-0.4670000000000001	0.649574873688344
-0.4660000000000001	0.6488789759018309
-0.4650000000000001	0.6481823308845146
-0.4640000000000001	0.6474849362237753
-0.4630000000000001	0.6467867894940497
-0.4620000000000001	0.6460878882566248
-0.4610000000000001	0.6453882300596138
-0.4600000000000001	0.6446878124377916
-0.4590000000000001	0.6439866329124951
-0.4580000000000001	0.6432846889916081
-0.4570000000000001	0.6425819781693631
-0.45600000000000007	0.6418784979262531
-0.45500000000000007	0.6411742457289779
-0.45400000000000007	0.6404692190302775
-0.45300000000000007	0.6397634152688769
-0.45200000000000007	0.6390568318693277
-0.45100000000000007	0.6383494662419144
-0.45000000000000007	0.6376413157825834
-0.44900000000000007	0.6369323778727785
-0.44800000000000006	0.6362226498793454
-0.44700000000000006	0.6355121291544016
-0.44600000000000006	0.6348008130352876
-0.44500000000000006	0.6340886988443827
-0.44400000000000006	0.6333757838889646
-0.44300000000000006	0.6326620654611835
-0.44200000000000006	0.6319475408378992
-0.44100000000000006	0.6312322072804815
-0.44000000000000006	0.6305160620348396
-0.43900000000000006	0.6297991023311608
-0.43800000000000006	0.6290813253838781
-0.43700000000000006	0.6283627283914665
-0.43600000000000005	0.627643308536405
-0.43500000000000005	0.626923062984967
-0.43400000000000005	0.6262019888871001
-0.43300000000000005	0.625480083376389
-0.43200000000000005	0.6247573435697664
-0.43100000000000005	0.6240337665675151
-0.43000000000000005	0.6233093494530563
-0.42900000000000005	0.6225840892928476
-0.42800000000000005	0.6218579831362054
-0.42700000000000005	0.621131028015236
-0.42600000000000005	0.6204032209445981
-0.42500000000000004	0.6196745589214583
-0.42400000000000004	0.6189450389252554
-0.42300000000000004	0.6182146579176204
-0.42200000000000004	0.6174834128421961
-0.42100000000000004	0.6167513006245107
-0.42000000000000004	0.6160183181718101
-0.41900000000000004	0.6152844623728922
-0.41800000000000004	0.6145497300979809
-0.41700000000000004	0.6138141181985602
-0.41600000000000004	0.6130776235072175
-0.41500000000000004	0.6123402428374801
-0.41400000000000003	0.6116019729836425
-0.41300000000000003	0.6108628107206343
-0.41200000000000003	0.610122752803829
-0.41100000000000003	0.6093817959688865
-0.41000000000000003	0.6086399369316083
-0.40900000000000003	0.6078971723877244
-0.40800000000000003	0.6071534990127194
-0.40700000000000003	0.606408913461724
-0.406	0.6056634123692851
-0.405	0.6049169923491966
-0.404	0.6041696499943012
-0.403	0.6034213818763716
-0.402	0.6026721845458592
-0.401	0.6019220545317272
-0.4	0.6011709883413088
-0.399	0.6004189824600438
-0.398	0.5996660333513414
-0.397	0.5989121374563413
-0.396	0.5981572911937924
-0.395	0.5974014909597327
-0.394	0.5966447331274434
-0.393	0.5958870140470979
-0.392	0.5951283300456491
-0.391	0.5943686774265908
-0.39	0.5936080524697379
-0.389	0.5928464514310225
-0.388	0.592083870542337
-0.387	0.5913203060111868
-0.386	0.5905557540205775
-0.385	0.5897902107287705
-0.384	0.5890236722690355
-0.383	0.5882561347494121
-0.382	0.5874875942525482
-0.381	0.5867180468353669
-0.38	0.5859474885289108
-0.379	0.5851759153380853
-0.378	0.5844033232413813
-0.377	0.5836297081906527
-0.376	0.5828550661108827
-0.375	0.5820793928999225
-0.374	0.581302684428246
-0.373	0.5805249365386568
-0.372	0.5797461450460741
-0.371	0.5789663057372413
-0.37	0.5781854143704698
-0.369	0.5774034666753878
-0.368	0.5766204583526218
-0.367	0.5758363850735679
-0.366	0.5750512424800738
-0.365	0.5742650261841812
-0.364	0.5734777317678375
-0.363	0.5726893547826114
-0.362	0.571899890749356
-0.361	0.5711093351579691
-0.36	0.5703176834670616
-0.359	0.5695249311036705
-0.358	0.5687310734628986
-0.357	0.5679361059077117
-0.356	0.5671400237684677
-0.355	0.5663428223427515
-0.354	0.5655444968949482
-0.353	0.5647450426559513
-0.352	0.5639444548228327
-0.351	0.5631427285584798
-0.35	0.5623398589913043
-0.349	0.5615358412148247
-0.348	0.5607306702873937
-0.347	0.5599243412317869
-0.346	0.5591168490348657
-0.345	0.5583081886472041
-0.344	0.5574983549827484
-0.34299999999999997	0.5566873429183905
-0.34199999999999997	0.5558751472936753
-0.34099999999999997	0.5550617629102655
-0.33999999999999997	0.5542471845317463
-0.33899999999999997	0.5534314068830797
-0.33799999999999997	0.5526144246502936
-0.33699999999999997	0.5517962324800243
-0.3360000000000001	0.5509768249791276
-0.3350000000000001	0.5501561967142559
-0.3340000000000001	0.5493343422114858
-0.3330000000000001	0.5485112559558054
-0.3320000000000001	0.5476869323907514
-0.33100000000000007	0.5468613659179266
-0.33000000000000007	0.5460345508966021
-0.32900000000000007	0.5452064816432141
-0.32800000000000007	0.5443771524309561
-0.32700000000000007	0.5435465574893098
-0.32600000000000007	0.5427146910034983
-0.32500000000000007	0.5418815471141466
-0.32400000000000007	0.5410471199166683
-0.32300000000000006	0.5402114034608908
-0.32200000000000006	0.5393743917504321
-0.32100000000000006	0.5385360787423569
-0.32000000000000006	0.5376964583464953
-0.31900000000000006	0.5368555244250779
-0.31800000000000006	0.5360132707920968
-0.31700000000000006	0.5351696912128464
-0.31600000000000006	0.5343247794033751
-0.31500000000000006	0.5334785290298701
-0.31400000000000006	0.5326309337082035
-0.31300000000000006	0.5317819870033013
-0.31200000000000006	0.5309316824285977
-0.31100000000000005	0.5300800134454596
-0.31000000000000005	0.5292269734625821
-0.30900000000000005	0.5283725558353879
-0.30800000000000005	0.527516753865466
-0.30700000000000005	0.5266595607999104
-0.30600000000000005	0.5258009698307207
-0.30500000000000005	0.5249409740941695
-0.30400000000000005	0.5240795666701342
-0.30300000000000005	0.5232167405815078
-0.30200000000000005	0.5223524887934763
-0.30100000000000005	0.5214868042128847
-0.30000000000000004	0.5206196796875104
-0.29900000000000004	0.5197511080054741
-0.29800000000000004	0.5188810818943954
-0.29700000000000004	0.5180095940208271
-0.29600000000000004	0.5171366369894238
-0.29500000000000004	0.5162622033422535
-0.29400000000000004	0.5153862855580481
-0.29300000000000004	0.5145088760514848
-0.29200000000000004	0.5136299671723378
-0.29100000000000004	0.512749551204741
-0.29000000000000004	0.5118676203664402
-0.28900000000000003	0.5109841668079201
-0.28800000000000003	0.5100991826116041
-0.28700000000000003	0.5092126597910716
-0.28600000000000003	0.5083245902901617
-0.28500000000000003	0.5074349659821265
-0.28400000000000003	0.5065437786687756
-0.28300000000000003	0.5056510200796394
-0.28200000000000003	0.5047566818709488
-0.281	0.503860755624844
-0.28	0.5029632328483962
-0.279	0.5020641049726606
-0.278	0.5011633633517677
-0.277	0.5002609992618638
-0.276	0.4993570039002282
-0.275	0.49845136838420173
-0.274	0.497544083750167
-0.273	0.496635140952545
-0.272	0.49572453086274715
-0.271	0.49481224426801335
-0.27	0.4938982718704805
-0.269	0.4929826042859038
-0.268	0.49206523204267166
-0.267	0.49114614558058517
-0.266	0.49022533524967404
-0.265	0.4893027913091027
-0.264	0.48837850392586774
-0.263	0.48745246317364904
-0.262	0.4865246590315153
-0.261	0.48559508138267143
-0.26	0.48466372001318664
-0.259	0.4837305646106133
-0.258	0.4827956047627973
-0.257	0.4818588299563598
-0.256	0.4809202295753742
-0.255	0.4799797929000226
-0.254	0.47903750910507875
-0.253	0.4780933672585006
-0.252	0.47714735631989175
-0.251	0.47619946513908695
-0.25	0.4752496824545233
-0.24900000000000003	0.4742979968917312
-0.24800000000000003	0.47334439696171315
-0.24700000000000003	0.4723888710593286
-0.24600000000000002	0.4714314074616617
-0.24500000000000002	0.47047199432631637
-0.244	0.46951061968971586
-0.243	0.4685472714653615
-0.242	0.467581937442039
-0.241	0.4666146052820253
-0.24	0.4656452625192246
-0.239	0.4646738965573469
-0.238	0.4637004946678961
-0.237	0.46272504398832487
-0.23600000000000002	0.4617475315199704
-0.23500000000000001	0.4607679441260564
-0.234	0.4597862685296302
-0.233	0.45880249131148926
-0.232	0.4578165989079473
-0.231	0.4568285776087239
-0.23	0.4558384135547411
-0.229	0.4548460927357422
-0.228	0.45385160098805793
-0.227	0.45285492399222355
-0.226	0.4518560472705579
-0.225	0.45085495618470295
-0.224	0.44985163593312716
-0.223	0.44884607154857203
-0.222	0.44783824789540594
-0.22099999999999997	0.4468281496669717
-0.21999999999999997	0.4458157613829124
-0.21899999999999997	0.4448010673863313
-0.21799999999999997	0.44378405184100983
-0.21699999999999997	0.44276469872846796
-0.21599999999999997	0.44174299184506266
-0.21499999999999997	0.44071891479894354
-0.21399999999999997	0.439692451006988
-0.213	0.43866358369164254
-0.212	0.43763229587773583
-0.211	0.43659857038920696
-0.21	0.4355623898457331
-0.209	0.4345237366593145
-0.208	0.43348259303079556
-0.207	0.4324389409463017
-0.206	0.43139276217357647
-0.205	0.4303440382582268
-0.204	0.42929275051999316
-0.20299999999999999	0.4282388800487836
-0.20199999999999999	0.42718240770070565
-0.20099999999999998	0.4261233140940138
-0.19999999999999998	0.425061579604965
-0.19899999999999998	0.4239971843635135
-0.198	0.42293010824900107
-0.197	0.42186033088566877
-0.196	0.42078783163814054
-0.195	0.41971258960674307
-0.194	0.41863458362273437
-0.193	0.4175537922434308
-0.192	0.4164701937472352
-0.191	0.4153837661284753
-0.19000000000000003	0.41429448709222805
-0.18900000000000003	0.41320233404892764
-0.18800000000000003	0.41210728410886555
-0.18700000000000003	0.41100931407665575
-0.18600000000000003	0.40990840044536275
-0.18500000000000003	0.4088045193907043
-0.18400000000000002	0.40769764676496595
-0.18300000000000002	0.40658775809083797
-0.18200000000000002	0.4054748285550353
-0.18100000000000002	0.4043588330018699
-0.18000000000000002	0.40323974592653056
-0.17900000000000002	0.4021175414682868
-0.17800000000000002	0.40099219340346887
-0.17700000000000002	0.39986367513828425
-0.17600000000000002	0.3987319597015162
-0.175	0.39759701973687933
-0.174	0.39645882749535144
-0.173	0.39531735482717717
-0.172	0.3941725731737272
-0.17099999999999999	0.3930244535591284
-0.16999999999999998	0.39187296658165655
-0.16899999999999998	0.3907180824049373
-0.16799999999999998	0.38955977074886194
-0.167	0.38839800088029186
-0.166	0.387232741603515
-0.165	0.38606396125038206
-0.164	0.3848916276702708
-0.163	0.38371570821970385
-0.162	0.38253616975166294
-0.161	0.38135297860468653
-0.16	0.38016610059153577
-0.159	0.37897550098769117
-0.158	0.3777811445193912
-0.157	0.3765829953513581
-0.156	0.3753810170742706
-0.155	0.37417517269169004
-0.154	0.3729654246067575
-0.153	0.3717517346084362
-0.152	0.3705340638573579
-0.151	0.3693123728712032
-0.15	0.3680866215097372
-0.149	0.3668567689592974
-0.14800000000000002	0.3656227737168314
-0.14700000000000002	0.3643845935735272
-0.14600000000000002	0.36314218559779304
-0.14500000000000002	0.3618955061178107
-0.14400000000000002	0.3606445107035499
-0.14300000000000002	0.3593891541481235
-0.14200000000000002	0.35812939044864583
-0.14100000000000001	0.3568651727864084
-0.14	0.3555964535064814
-0.139	0.3543231840965934
-0.138	0.3530453151653389
-0.137	0.3517627964196879
-0.136	0.3504755766417278
-0.135	0.34918360366464196
-0.134	0.34788682434782847
-0.133	0.346585184551263
-0.132	0.3452786291088984
-0.131	0.3439671018012148
-0.13	0.34265054532673445
-0.129	0.3413289012726333
-0.128	0.34000211008424497
-0.127	0.3386701110334968
-0.126	0.3373328421862386
-0.125	0.3359902403683392
-0.12400000000000001	0.33464224113059865
-0.12300000000000001	0.3332887787123291
-0.12200000000000001	0.3319297860036079
-0.12100000000000001	0.3305651945061161
-0.12000000000000001	0.32919493429248226
-0.11900000000000001	0.327818933964114
-0.11800000000000001	0.3264371206073637
-0.117	0.3250494197480602
-0.11600000000000002	0.32365575530416835
-0.11500000000000002	0.3222560495367272
-0.11400000000000002	0.3208502229986681
-0.11300000000000002	0.3194381944817204
-0.11200000000000002	0.31801988096112327
-0.11100000000000002	0.3165951975380054
-0.11000000000000001	0.31516405737953035
-0.10900000000000001	0.3137263716564195
-0.10800000000000001	0.31228204947792576
-0.10700000000000001	0.3108309978240412
-0.10599999999999998	0.30937312147476226
-0.105	0.3079083229363302
-0.104	0.30643650236425624
-0.103	0.3049575574829546
-0.102	0.3034713835017085
-0.10099999999999999	0.3019778730270182
-0.09999999999999999	0.30047691597080467
-0.09899999999999999	0.2989683994544969
-0.09799999999999999	0.2974522077085994
-0.09699999999999999	0.295928221967635
-0.09599999999999999	0.29439632035998997
-0.09499999999999999	0.29285637779258555
-0.09399999999999999	0.2913082658299076
-0.093	0.28975185256707336
-0.092	0.28818700249673157
-0.091	0.2866135763691477
-0.09	0.28503143104526035
-0.089	0.28344041934222985
-0.088	0.28184038987091015
-0.087	0.28023118686485105
-0.086	0.27861265000015334
-0.08499999999999999	0.2769846142056253
-0.08399999999999999	0.27534690946269774
-0.08299999999999999	0.27369936059414257
-0.082	0.27204178704116044
-0.081	0.2703740026276762
-0.08	0.26869581531126957
-0.079	0.26700702691957173
-0.078	0.265307432871107
-0.077	0.2635968218795372
-0.076	0.2618749756399541
-0.075	0.26014166849595827
-0.074	0.2583966670859368
-0.073	0.25663972996711615
-0.072	0.25487060721538335
-0.071	0.2530890399991502
-0.07	0.2512947601250656
-0.069	0.24948748955316863
-0.068	0.24766693987910085
-0.067	0.2458328117804021
-0.066	0.24398479442377694
-0.065	0.24212256483008618
-0.064	0.24024578719294276
-0.063	0.23835411214699828
-0.062	0.23644717598095769
-0.061	0.23452459979031987
-0.060000000000000005	0.23258598856383536
-0.05900000000000001	0.23063093019727926
-0.05800000000000001	0.22865899442716142
-0.05700000000000001	0.22666973167622828
-0.05600000000000001	0.224662671801535
-0.05500000000000001	0.22263732273459214
-0.054000000000000006	0.2205931690019497
-0.053000000000000005	0.21852967011277882
-0.052000000000000005	0.21644625879828847
-0.051000000000000004	0.2143423390856934
-0.05	0.21221728418689753
-0.049	0.21007043417917576
-0.04800000000000001	0.2079010934516121
-0.04700000000000001	0.2057085278870382
-0.046000000000000006	0.20349196174429823
-0.045000000000000005	0.20125057419977588
-0.044000000000000004	0.1989834955002133
-0.043000000000000003	0.1966898026702092
-0.04200000000000001	0.1943685147075577
-0.04100000000000001	0.19201858718669057
-0.04000000000000001	0.18963890617493334
-0.03900000000000001	0.18722828134648806
-0.038000000000000006	0.18478543815436677
-0.037	0.18230900888901708
-0.036000000000000004	0.1797975224116345
-0.035	0.17724939229717224
-0.034	0.17466290305155865
-0.033	0.1720361939721515
-0.032	0.16936724008881401
-0.031	0.16665382943575796
-0.03	0.1638935356300508
-0.028999999999999998	0.16108368431369796
-0.028	0.15822131134080544
-0.027	0.15530310942019424
-0.026	0.15232535765699298
-0.025	0.14928382315715144
-0.024	0.14617360508022328
-0.023	0.14298887207345823
-0.022	0.13972254536788883
-0.020999999999999998	0.1363670324159145
-0.02	0.13290896238954242
-0.019	0.1293439131989522
-0.018	0.12565688662681204
-0.017	0.12184686970495993
-0.016	0.11789540642307204
-0.015	0.11378992788748167
-0.013999999999999992	0.10952726717026176
-0.012999999999999994	0.10509002667529475
-0.011999999999999993	0.10044597322875959
-0.010999999999999992	0.09557866941453375
-0.009999999999999995	0.09047351518995597
-0.008999999999999994	0.08510810172537546
-0.007999999999999993	0.07949619525792344
-0.006999999999999992	0.07363108904436588
-0.005999999999999993	0.06755384293159342
-0.004999999999999994	0.06128177693661396
-0.003999999999999993	0.054848882657123364
-0.0029999999999999923	0.048347537840465186
-0.001999999999999993	0.041919006100280695
-0.000999999999999994	0.03567431126582075
6.938893903907228e-18	0.029737696090385755
0.001000000000000007	0.024195273602175753
0.002000000000000007	0.019221952502440885
0.003000000000000007	0.014784097482059827
0.004000000000000007	0.010990819769328726
0.005000000000000007	0.007922067273614318
0.006000000000000007	0.005528308964656126
0.007000000000000007	0.003725817506709176
0.008000000000000007	0.0024134487890896386
0.009000000000000001	0.0014965322801026625
0.009999999999999998	0.0008622471585456337
0.011	0.0004625018754307408
0.012	0.00022941251991651895
0.012999999999999998	0.000102992123623111
0.013999999999999999	0.00004009028202768734
0.015	0.000014782421235290576
0.016	4.7802921668905615e-6
0.017	5.872098944163705e-7
0.018	0
3.623	0
3.6239999999999997	5.894750813660114e-8
3.625	6.376044473406961e-7
3.626	2.6439838491128415e-6
3.627	7.901322243772103e-6
3.6279999999999997	0.000019755017629971887
3.6289999999999996	0.00004375077334338668
3.63	0.00008946964494519926
3.631	0.00016645258261391036
3.6319999999999997	0.0002794114709779757
3.6329999999999996	0.0004328256041468342
3.634	0.0006248908064323819
3.635	0.0008554184652918358
3.6359999999999997	0.0011145039258069135
3.6369999999999996	0.001385291789748815
3.638	0.001657920061138181
3.639	0.0019260488586662315
3.6399999999999997	0.00218603626822829
3.6409999999999996	0.0024310079227254523
3.642	0.0026589390634852487
3.643	0.0028714543832795837
3.6439999999999997	0.003070325643540482
3.6449999999999996	0.00325652864205182
3.646	0.0034318559694079785
3.647	0.003597150961132204
3.6479999999999997	0.0037540069478337107
3.6489999999999996	0.003903514470650896
3.65	0.0040465458511678215
3.651	0.004184112600682448
3.6519999999999997	0.004316907479486725
3.6529999999999996	0.004445450606351476
3.654	0.004570160338444973
3.655	0.004691383629227538
3.6559999999999997	0.004809413946735803
3.6569999999999996	0.004924503149273019
3.658	0.005036869874809633
3.659	0.005146705719393426
3.6599999999999997	0.005254179925629907
3.6609999999999996	0.00535944302324879
3.662	0.005462629708561995
3.663	0.005563861156946999
3.6639999999999997	0.005663246904178634
3.6649999999999996	0.005760886394193583
3.666	0.005856870264959538
3.667	0.005951281426080127
3.6679999999999997	0.00604419596891607
3.6689999999999996	0.006135683940665277
3.67	0.006225810006951982
3.671	0.006314634022296778
3.6719999999999997	0.00640221152391912
3.6729999999999996	0.006488594161292545
3.674	0.006573830071531468
3.675	0.006657964208843059
3.6759999999999997	0.006741038634816406
3.6769999999999996	0.006823092775163614
3.678	0.006904163647580448
3.679	0.006984286064644242
3.6799999999999997	0.00706349281504568
3.6809999999999996	0.0071418148259388995
3.682	0.007219281308786622
3.683	0.007295919890716783
3.6839999999999997	0.007371756733130249
3.6849999999999996	0.007446816639049274
3.686	0.007521123150495886
3.687	0.007594698637016595
3.6879999999999997	0.0076675643763237005
3.6889999999999996	0.007739740627901505
3.69	0.007811246700316824
3.691	0.007882101012881318
3.6919999999999997	0.007952321152242184
3.6929999999999996	0.00802192392440001
3.694	0.008090925402601978
3.695	0.008159340971505563
3.6959999999999997	0.008227185367960483
3.6969999999999996	0.008294472718726032
3.698	0.00836121657539721
3.699	0.008427429946792858
3.6999999999999997	0.008493125329025308
3.7009999999999996	0.008558314733454368
3.702	0.008623009712705215
3.703	0.00868722138491036
3.7039999999999997	0.008750960456324591
3.7049999999999996	0.008814237242442704
3.706	0.00887706168774208
3.707	0.008939443384155036
3.7079999999999997	0.00900139158837399
3.7089999999999996	0.00906291523807557
3.71	0.009124022967144374
3.711	0.009184723119975818
3.7119999999999997	0.009245023764920446
3.7129999999999996	0.00930493270693307
3.714	0.00936445749948743
3.715	0.009423605455801377
3.7159999999999997	0.009482383659427558
3.7169999999999996	0.009540798974247712
3.718	0.009598858053915063
3.719	0.009656567350778399
3.7199999999999998	0.009713933124325318
3.7209999999999996	0.009770961449173884
3.722	0.009827658222642977
3.723	0.009884029171927117
3.7239999999999998	0.009940079860902397
3.7249999999999996	0.009995815696585232
3.726	0.010051241935266011
3.727	0.010106363688336565
3.7279999999999998	0.010161185927832023
3.7289999999999996	0.010215713491700565
3.73	0.01026995108882097
3.731	0.010323903303780082
3.7319999999999998	0.010377574601425852
3.7329999999999997	0.010430969331206196
3.734	0.010484091731309118
3.735	0.010536945932612037
3.7359999999999998	0.01058953596245469
3.7369999999999997	0.010641865748239198
3.738	0.010693939120874858
3.739	0.010745759818068195
3.7399999999999998	0.0107973314874716
3.7409999999999997	0.01084865768969624
3.742	0.010899741901195683
3.743	0.010950587517028426
3.7439999999999998	0.011001197853504164
3.7449999999999997	0.011051576150721778
3.746	0.011101725574999615
3.747	0.011151649221211963
3.7479999999999998	0.011201350115025804
3.7489999999999997	0.011250831215052704
3.75	0.011300095414911976
3.751	0.011349145545214738
3.752	0.011397984375470942
3.7529999999999997	0.011446614615920654
3.754	0.011495038919297198
3.755	0.011543259882523754
3.756	0.011591280048343661
3.7569999999999997	0.011639101906892218
3.758	0.01168672789720911
3.759	0.011734160408696183
3.76	0.011781401782520733
3.7609999999999997	0.011828454312971045
3.7619999999999996	0.011875320248757783
3.763	0.011922001794276396
3.764	0.011968501110819154
3.7649999999999997	0.012014820317748007
3.766	0.012060961493624392
3.767	0.012106926677302841
3.768	0.012152717868984926
3.7689999999999997	0.012198337031238023
3.7699999999999996	0.012243786089981414
3.771	0.012289066935435888
3.772	0.012334181423045924
3.7729999999999997	0.012379131374368984
3.774	0.012423918577935423
3.775	0.012468544790083321
3.776	0.012513011735762684
3.7769999999999997	0.012557321109316294
3.7779999999999996	0.012601474575236115
3.779	0.012645473768893712
3.78	0.012689320297249961
3.7809999999999997	0.01273301573954015
3.782	0.012776561647942625
3.783	0.012819959548220588
3.784	0.012863210940349078
3.7849999999999997	0.012906317299121393
3.7859999999999996	0.012949280074737586
3.787	0.012992100693374843
3.788	0.013034780557740924
3.7889999999999997	0.013077321047612266
3.7899999999999996	0.013119723520356105
3.791	0.013161989311434932
3.792	0.01320411973490173
3.7929999999999997	0.013246116083875123
3.7939999999999996	0.013287979631004775
3.795	0.013329711628921681
3.796	0.013371313310677119
3.7969999999999997	0.013412785890169102
3.7979999999999996	0.013454130562554519
3.799	0.013495348504654765
3.8	0.013536440875345356
3.8009999999999997	0.0135774088159377
3.8019999999999996	0.013618253450549147
3.803	0.013658975886464626
3.804	0.013699577214486752
3.8049999999999997	0.01374005850927791
3.8059999999999996	0.0137804208296924
3.807	0.013820665219100593
3.808	0.013860792705704126
3.8089999999999997	0.013900804302842708
3.8099999999999996	0.013940701009294116
3.811	0.013980483809564489
3.812	0.014020153674173242
3.8129999999999997	0.014059711559929359
3.8139999999999996	0.014099158410201481
3.815	0.01413849515518008
3.816	0.014177722712134834
3.8169999999999997	0.014216841985664714
3.8179999999999996	0.01425585386794004
3.819	0.014294759238942484
3.82	0.01433355896669648
3.8209999999999997	0.01437225390749407
3.8219999999999996	0.014410844906117859
3.823	0.014449332796054943
3.824	0.014487718399708766
3.8249999999999997	0.01452600252860299
3.8259999999999996	0.014564185983582398
3.827	0.014602269555010481
3.828	0.014640254022957384
3.8289999999999997	0.014678140157389346
3.8299999999999996	0.014715928718349503
3.831	0.014753620456136743
3.832	0.014791216111480373
3.8329999999999997	0.014828716415708687
3.8339999999999996	0.01486612209091536
3.835	0.014903433850124381
3.836	0.01494065239744534
3.8369999999999997	0.014977778428231666
3.8379999999999996	0.01501481262923024
3.839	0.015051755678731068
3.84	0.015088608246711755
3.8409999999999997	0.01512537099498034
3.8419999999999996	0.015162044577312827
3.843	0.015198629639590532
3.844	0.01523512681993173
3.8449999999999998	0.015271536748822439
3.8459999999999996	0.015307860049242372
3.847	0.015344097336792224
3.848	0.015380249219812988
3.8489999999999998	0.015416316299505689
3.8499999999999996	0.015452299170048976
3.851	0.015488198418713156
3.852	0.015524014625971444
3.8529999999999998	0.015559748365611269
3.8539999999999996	0.015595400204840062
3.8549999999999995	0.015630970704390745
3.856	0.015666460418625187
3.8569999999999998	0.01570186989563538
3.8579999999999997	0.015737199677340996
3.859	0.015772450299588223
3.86	0.015807622292242047
3.8609999999999998	0.015842716179282828
3.8619999999999997	0.01587773247889403
3.863	0.01591267170355269
3.864	0.015947534360119635
3.8649999999999998	0.01598232094992054
3.8659999999999997	0.01601703196883426
3.867	0.016051667907372932
3.868	0.01608622925076429
3.8689999999999998	0.01612071647903119
3.8699999999999997	0.016155130067067848
3.871	0.01618947048471743
3.872	0.016223738196847512
3.8729999999999998	0.016257933663422243
3.8739999999999997	0.01629205733957486
3.875	0.0163261096756797
3.876	0.016360091117419314
3.877	0.01639400210585492
3.8779999999999997	0.016427843077490793
3.8789999999999996	0.016461614464343282
3.88	0.01649531669400117
3.881	0.016528950189692436
3.8819999999999997	0.01656251537034395
3.883	0.01659601265064362
3.884	0.0166294424410997
3.885	0.01666280514810015
3.8859999999999997	0.0166961011739696
3.8869999999999996	0.016729330917025814
3.888	0.016762494771637267
3.889	0.016795593128274635
3.8899999999999997	0.016828626373567
3.891	0.01686159489035452
3.892	0.016894499057738724
3.893	0.01692733925113297
3.8939999999999997	0.016960115842316867
3.8949999999999996	0.016992829199479236
3.896	0.017025479687271118
3.897	0.017058067666850946
3.8979999999999997	0.017090593495931557
3.899	0.017123057528826872
3.9	0.017155460116496365
3.901	0.01718780160658894
3.9019999999999997	0.017220082343486737
3.9029999999999996	0.01725230266834866
3.904	0.017284462919152276
3.905	0.01731656343073363
3.9059999999999997	0.01734860453483018
3.907	0.01738058656011961
3.908	0.01741250983225946
3.909	0.017444374673925744
3.9099999999999997	0.017476181404850938
3.9109999999999996	0.017507930341862203
3.912	0.017539621798916605
3.913	0.017571256087139813
3.9139999999999997	0.017602833514858817
3.915	0.017634354387639314
3.916	0.01766581900831942
3.917	0.017697227677044052
3.9179999999999997	0.01772858069129727
3.9189999999999996	0.017759878345935943
3.92	0.017791120933223045
3.921	0.017822308742857347
3.9219999999999997	0.017853442062006234
3.923	0.01788452117533696
3.924	0.01791554636504524
3.925	0.01794651791088792
3.9259999999999997	0.017977436090208774
3.9269999999999996	0.018008301177971926
3.928	0.018039113446785972
3.929	0.018069873166935188
3.9299999999999997	0.01810058060640562
3.931	0.018131236030913517
3.932	0.018161839703931072
3.933	0.018192391886713694
3.9339999999999997	0.01822289283832468
3.9349999999999996	0.01825334281566379
3.936	0.018283742073488127
3.937	0.018314090864441662
3.9379999999999997	0.01834438943907621
3.939	0.018374638045877342
3.94	0.018404836931287874
3.941	0.01843498633973069
3.9419999999999997	0.018465086513633162
3.9429999999999996	0.018495137693448366
3.944	0.01852514011767837
3.945	0.01855509402289671
3.9459999999999997	0.01858499964376851
3.947	0.018614857213074237
3.948	0.01864466696172867
3.949	0.018674429118803817
3.9499999999999997	0.0187041439115479
3.9509999999999996	0.01873381156540629
3.952	0.018763432304040123
3.953	0.01879300634934894
3.9539999999999997	0.018822533921487354
3.955	0.01885201523888564
3.956	0.018881450518267336
3.957	0.018910839974668987
3.9579999999999997	0.018940183821458484
3.9589999999999996	0.018969482270352354
3.96	0.0189987355314342
3.961	0.019027943813171317
3.9619999999999997	0.01905710732243442
3.963	0.019086226264511605
3.964	0.01911530084312794
3.965	0.019144331260459373
3.9659999999999997	0.019173317717151795
3.9669999999999996	0.019202260412336844
3.968	0.01923115954364495
3.969	0.019260015307225636
3.9699999999999998	0.019288827897758678
3.971	0.01931759750847226
3.9719999999999995	0.019346324331158772
3.973	0.01937500855618573
3.9739999999999998	0.019403650372514392
3.9749999999999996	0.019432249967712742
3.976	0.019460807527970667
3.977	0.019489323238111315
3.9779999999999998	0.019517797281610006
3.9789999999999996	0.01954622984060357
3.9799999999999995	0.019574621095905635
3.981	0.01960297122702023
3.9819999999999998	0.019631280412155505
3.9829999999999997	0.01965954882823391
3.984	0.019687776650910253
3.985	0.01971596405457927
3.9859999999999998	0.01974411121239128
3.9869999999999997	0.019772218296263352
3.9879999999999995	0.019800285476892575
3.989	0.019828312923766665
3.9899999999999998	0.01985630080517715
3.9909999999999997	0.019884249288231348
3.992	0.019912158538862655
3.993	0.019940028721842935
3.9939999999999998	0.019967860000793952
3.9949999999999997	0.019995652538198277
3.9959999999999996	0.0200234064954105
3.997	0.020051122032668775
3.9979999999999998	0.020078799309103907
3.9989999999999997	0.02010643848275213
4.	0.02013403971056355
4.0009999999999994	0.020161603148414687
4.002	0.02018912895111651
4.003	0.020216617272427243
4.004	0.020244068265059305
4.005	0.02027148208069205
4.006	0.020298858869979546
4.007	0.020326198782561096
4.008	0.020353501967070656
4.0089999999999995	0.0203807685711476
4.01	0.020407998741442373
4.011	0.020435192623629674
4.012	0.020462350362415473
4.013	0.02048947210154652
4.013999999999999	0.02051655798381904
4.015	0.020543608151087772
4.016	0.020570622744274812
4.0169999999999995	0.020597601903376835
4.018	0.020624545767475744
4.019	0.02065145447474567
4.02	0.02067832816246038
4.021	0.02070516696700408
4.022	0.0207319710238767
4.023	0.020758740467703676
4.024	0.020785475432243967
4.0249999999999995	0.020812176050395384
4.026	0.020838842454206235
4.027	0.02086547477487851
4.028	0.020892073142780063
4.029	0.020918637687448168
4.029999999999999	0.020945168537598848
4.031	0.020971665821133384
4.032	0.020998129665147042
4.0329999999999995	0.021024560195933087
4.034	0.021050957538993036
4.035	0.021077321819042965
4.036	0.021103653160017766
4.037	0.02112995168508126
4.038	0.021156217516631267
4.039	0.021182450776306826
4.04	0.02120865158499392
4.0409999999999995	0.021234820062832803
4.042	0.02126095632922481
4.043	0.021287060502836956
4.044	0.021313132701610286
4.045	0.021339173042764243
4.045999999999999	0.021365181642804883
4.047	0.02139115861752929
4.048	0.021417104082031433
4.0489999999999995	0.021443018150710296
4.05	0.02146890093727235
4.051	0.02149475255474136
4.052	0.021520573115460864
4.053	0.021546362731100728
4.054	0.021572121512664372
4.055	0.021597849570492086
4.056	0.021623547014268076
4.0569999999999995	0.021649213953025798
4.058	0.021674850495151617
4.059	0.021700456748392924
4.06	0.02172603281986123
4.061	0.02175157881603912
4.061999999999999	0.021777094842782865
4.063	0.021802581005330945
4.064	0.02182803740830537
4.0649999999999995	0.021853464155720335
4.066	0.021878861350985213
4.067	0.021904229096909523
4.068	0.021929567495707295
4.069	0.021954876649003353
4.07	0.021980156657837473
4.071	0.02200540762266869
4.072	0.022030629643379773
4.0729999999999995	0.022055822819283193
4.074	0.022080987249123094
4.075	0.0221061230310842
4.076	0.022131230262790107
4.077	0.02215630904131409
4.077999999999999	0.02218135946317909
4.079	0.022206381624364547
4.08	0.02223137562030774
4.0809999999999995	0.022256341545911648
4.082	0.022281279495547153
4.083	0.02230618956305728
4.084	0.02233107184176077
4.085	0.02235592642445826
4.086	0.02238075340343488
4.087	0.022405552870463568
4.088	0.0224303249168099
4.0889999999999995	0.022455069633236235
4.09	0.02247978711000584
4.091	0.022504477436885103
4.092	0.022529140703149066
4.093	0.02255377699758434
4.093999999999999	0.02257838640849344
4.095	0.022602969023697635
4.096	0.022627524930540904
4.0969999999999995	0.02265205421589437
4.098	0.02267655696615874
4.099	0.022701033267268272
4.1	0.02272548320469487
4.101	0.02274990686345041
4.102	0.022774304328091674
4.103	0.022798675682720766
4.104	0.022823021010994426
4.1049999999999995	0.022847340396120287
4.106	0.022871633920864703
4.107	0.022895901667555982
4.108	0.022920143718083392
4.109	0.022944360153907307
4.109999999999999	0.022968551056055574
4.111	0.022992716505132127
4.112	0.023016856581315186
4.1129999999999995	0.023040971364364816
4.114	0.02306506093362352
4.115	0.023089125368019842
4.116	0.023113164746070836
4.117	0.02313717914588588
4.118	0.023161168645170184
4.119	0.023185133321225376
4.12	0.02320907325095547
4.1209999999999996	0.023232988510866203
4.122	0.023256879177072257
4.123	0.023280745325296528
4.124	0.023304587030873687
4.125	0.02332840436875375
4.1259999999999994	0.02335219741350513
4.127	0.02337596623931526
4.128	0.023399710919995466
4.129	0.02342343152898421
4.13	0.023447128139346435
4.131	0.023470800823778032
4.132	0.023494449654611185
4.133	0.023518074703810874
4.1339999999999995	0.02354167604298343
4.135	0.023565253743376795
4.136	0.02358880787588012
4.137	0.02361233851103162
4.138	0.02363584571901714
4.138999999999999	0.02365932956967312
4.14	0.02368279013249149
4.141	0.023706227476619036
4.1419999999999995	0.023729641670860963
4.143	0.02375303278368413
4.144	0.023776400883218227
4.145	0.02379974603725684
4.146	0.02382306831326358
4.147	0.023846367778371683
4.148	0.023869644499385573
4.149	0.023892898542785507
4.1499999999999995	0.023916129974727262
4.151	0.023939338861046343
4.152	0.023962525267259255
4.153	0.023985689258565954
4.154	0.024008830899850796
4.154999999999999	0.024031950255687894
4.156	0.024055047390338202
4.157	0.024078122367756603
4.1579999999999995	0.024101175251590973
4.159	0.024124206105185064
4.16	0.024147214991579905
4.161	0.024170201973517547
4.162	0.024193167113441355
4.163	0.024216110473497907
4.164	0.02423903211554158
4.165	0.02426193210113159
4.1659999999999995	0.02428481049154018
4.167	0.02430766734774842
4.168	0.024330502730452484
4.169	0.02435331670006358
4.17	0.024376109316709513
4.170999999999999	0.02439888064023825
4.172	0.0244216307302179
4.173	0.024444359645939627
4.1739999999999995	0.024467067446419202
4.175	0.02448975419039932
4.176	0.024512419936349304
4.177	0.024535064742470115
4.178	0.024557688666692105
4.179	0.024580291766681032
4.18	0.024602874099838405
4.181	0.024625435723299963
4.1819999999999995	0.024647976693939984
4.183	0.024670497068376315
4.184	0.024692996902964306
4.185	0.0247154762538061
4.186	0.02473793517674683
4.186999999999999	0.02476037372737931
4.188	0.02478279196104358
4.189	0.024805189932831997
4.1899999999999995	0.024827567697584353
4.191	0.024849925309898033
4.192	0.024872262824121978
4.193	0.02489458029436164
4.194	0.02491687777448133
4.195	0.024939155318104138
4.196	0.024961412978612565
4.197	0.024983650809152498
4.1979999999999995	0.02500586886263314
4.199	0.02502806719172948
4.2	0.02505024584888191
4.201	0.02507240488629973
4.202	0.025094544355961205
4.202999999999999	0.0251166643096157
4.204	0.02513876479878494
4.205	0.0251608458747644
4.2059999999999995	0.025182907588625205
4.207	0.025204949991212776
4.208	0.025226973133152506
4.209	0.02524897706484835
4.21	0.02527096183648499
4.211	0.025292927498028358
4.212	0.02531487409922793
4.213	0.02533680168961802
4.2139999999999995	0.025358710318518045
4.215	0.025380600035035287
4.216	0.025402470888065874
4.217	0.02542432292629371
4.218	0.025446156198194552
4.218999999999999	0.02546797075203763
4.22	0.02548976663588281
4.221	0.025511543897588283
4.2219999999999995	0.025533302584805385
4.223	0.02555504274498244
4.224	0.025576764425367726
4.225	0.025598467673009023
4.226	0.02562015253475222
4.227	0.02564181905724906
4.228	0.02566346728695165
4.229	0.025685097270114976
4.2299999999999995	0.02570670905280449
4.231	0.02572830268088698
4.232	0.02574987820003852
4.233	0.025771435655746064
4.234	0.02579297509330356
4.234999999999999	0.025814496557817253
4.236	0.02583600009420546
4.237	0.0258574857471998
4.2379999999999995	0.025878953561346146
4.239	0.025900403581005267
4.24	0.025921835850355
4.241	0.02594325041339028
4.242	0.02596464731392461
4.243	0.025986026595591072
4.244	0.02600738830184383
4.245	0.026028732475958487
4.2459999999999996	0.0260500591610328
4.247	0.02607136839998905
4.247999999999999	0.026092660235573672
4.249	0.026113934710359173
4.25	0.02613519186674358
4.2509999999999994	0.026156431746955776
4.252	0.0261776543930493
4.253	0.026198859846908916
4.254	0.026220048150252466
4.255	0.02624121934462538
4.256	0.02626237347140819
4.257	0.026283510571812906
4.258	0.026304630686888784
4.2589999999999995	0.026325733857517766
4.26	0.02634682012441962
4.261	0.0263678895281506
4.262	0.026388942109103152
4.263	0.02640997790751338
4.263999999999999	0.02643099696345351
4.265	0.02645199931683804
4.266	0.02647298500742257
4.2669999999999995	0.02649395407480428
4.268	0.026514906558426185
4.269	0.026535842497573115
4.27	0.02655676193137682
4.271	0.02657766489881471
4.272	0.026598551438709303
4.273	0.026619421589733107
4.274	0.026640275390406556
4.2749999999999995	0.026661112879098326
4.276	0.02668193409402718
4.277	0.026702739073265678
4.278	0.026723527854734065
4.279	0.02674430047620838
4.279999999999999	0.02676505697531736
4.281	0.026785797389541764
4.282	0.026806521756220593
4.2829999999999995	0.026827230112546816
4.284	0.02684792249556981
4.285	0.026868598942196956
4.286	0.026889259489193552
4.287	0.026909904173183157
4.288	0.026930533030649843
4.289	0.026951146097937497
4.29	0.02697174341125153
4.2909999999999995	0.026992325006658876
4.292	0.027012890920088087
4.293	0.027033441187333227
4.294	0.02705397584405081
4.295	0.027074494925762877
4.295999999999999	0.027094998467856155
4.297	0.027115486505583652
4.298	0.027135959074066733
4.2989999999999995	0.027156416208291845
4.3	0.027176857943116473
4.301	0.027197284313265565
4.302	0.027217695353333342
4.303	0.02723809109778561
4.304	0.02725847158095806
4.305	0.027278836837059426
4.306	0.02729918690016983
4.3069999999999995	0.027319521804242266
4.308	0.027339841583104423
4.309	0.027360146270457825
4.31	0.027380435899878434
4.311	0.027400710504819296
4.311999999999999	0.02742097011860972
4.313	0.027441214774453104
4.314	0.027461444505433457
4.3149999999999995	0.02748165934451197
4.316	0.027501859324529754
4.317	0.027522044478205783
4.318	0.027542214838139845
4.319	0.02756237043681284
4.32	0.02758251130658544
4.321	0.027602637479702995
4.322	0.027622748988289758
4.3229999999999995	0.027642845864356398
4.324	0.027662928139795723
4.325	0.027682995846385065
4.326	0.027703049015786813
4.327	0.027723087679548182
4.327999999999999	0.027743111869103644
4.329	0.027763121615772844
4.33	0.02778311695076445
4.3309999999999995	0.027803097905173376
4.332	0.027823064509982808
4.333	0.027843016796065937
4.334	0.027862954794185123
4.335	0.027882878534992172
4.336	0.02790278804902907
4.337	0.02792268336673098
4.338	0.027942564518422284
4.3389999999999995	0.027962431534320348
4.34	0.027982284444536154
4.341	0.02800212327907318
4.342	0.028021948067828373
4.343	0.028041758840593418
4.343999999999999	0.02806155562705461
4.345	0.028081338456795713
4.346	0.028101107359291378
4.3469999999999995	0.028120862363917976
4.348	0.02814060349994547
4.349	0.028160330796542052
4.35	0.028180044282774486
4.351	0.028199743987607422
4.352	0.028219429939903843
4.353	0.028239102168427573
4.354	0.028258760701840475
4.3549999999999995	0.0282784055687058
4.356	0.028298036797488702
4.357	0.028317654416553338
4.358	0.028337258454167142
4.359	0.028356848938499105
4.359999999999999	0.028376425897622036
4.361	0.02839598935951103
4.362	0.02841553935204642
4.3629999999999995	0.02843507590300899
4.364	0.028454599040088797
4.365	0.028474108790877386
4.366	0.028493605182874245
4.367	0.02851308824348334
4.368	0.028532558000015487
4.369	0.02855201447968872
4.37	0.028571457709627764
4.3709999999999996	0.028590887716864508
4.372	0.02861030452834243
4.373	0.028629708170908878
4.374	0.02864909867132423
4.375	0.0286684760562547
4.3759999999999994	0.028687840352281165
4.377	0.028707191585889743
4.378	0.028726529783481045
4.379	0.02874585497136578
4.38	0.02876516717576367
4.381	0.02878446642281188
4.382	0.02880375273855548
4.383	0.028823026148954305
4.384	0.028842286679880626
4.385	0.02886153435712038
4.386	0.02888076920637484
4.387	0.02889999125325867
4.388	0.028919200523301134
4.388999999999999	0.028938397041948075
4.39	0.028957580834559148
4.391	0.028976751926411803
4.3919999999999995	0.028995910342699573
4.393	0.029015056108530793
4.394	0.02903418924893309
4.395	0.029053309788852986
4.396	0.02907241775315094
4.397	0.029091513166609094
4.398	0.02911059605392679
4.399	0.029129666439723746
4.3999999999999995	0.029148724348537564
4.401	0.029167769804826164
4.402	0.029186802832967918
4.403	0.029205823457262376
4.404	0.02922483170192886
4.404999999999999	0.0292438275911079
4.406	0.029262811148863588
4.407	0.0292817823991796
4.4079999999999995	0.02930074136596332
4.409	0.029319688073044907
4.41	0.029338622544176414
4.411	0.029357544803034683
4.412	0.029376454873219698
4.413	0.029395352778254422
4.414	0.029414238541589078
4.415	0.029433112186596135
4.4159999999999995	0.029451973736573066
4.417	0.029470823214744958
4.418	0.02948966064426057
4.419	0.029508486048195885
4.42	0.029527299449552426
4.420999999999999	0.0295461008712604
4.422	0.02956489033617437
4.423	0.029583667867079163
4.4239999999999995	0.029602433486683104
4.425	0.029621187217628693
4.426	0.02963992908248163
4.427	0.02965865910373846
4.428	0.02967737730382436
4.429	0.029696083705093766
4.43	0.029714778329830303
4.431	0.02973346120025033
4.4319999999999995	0.029752132338494938
4.433	0.029770791766642078
4.434	0.02978943950669533
4.435	0.029808075580593084
4.436	0.029826700010203343
4.436999999999999	0.0298453128173248
4.438	0.02986391402369244
4.439	0.02988250365096867
4.4399999999999995	0.029901081720751465
4.441	0.02991964825457111
4.442	0.02993820327389039
4.443	0.029956746800107327
4.444	0.029975278854551295
4.445	0.029993799458489113
4.446	0.030012308633118188
4.447	0.030030806399572035
4.4479999999999995	0.03004929277892199
4.449	0.0300677677921695
4.45	0.030086231460256196
4.451	0.030104683804056023
4.452	0.030123124844380237
4.452999999999999	0.030141554601977885
4.454	0.030159973097532423
4.455	0.030178380351665656
4.4559999999999995	0.030196776384935627
4.457	0.030215161217837506
4.458	0.030233534870805497
4.459	0.0302518973642112
4.46	0.030270248718363476
4.461	0.030288588953511372
4.462	0.0303069180898409
4.463	0.030325236147478816
4.4639999999999995	0.030343543146488527
4.465	0.03036183910687615
4.466	0.030380124048584863
4.467	0.030398397991499806
4.468	0.030416660955445533
4.468999999999999	0.030434912960186942
4.47	0.03045315402543025
4.471	0.03047138417082121
4.4719999999999995	0.030489603415949567
4.473	0.03050781178034377
4.474	0.030526009283476003
4.475	0.030544195944759323
4.476	0.030562371783548904
4.477	0.030580536819144084
4.478	0.03059869107078428
4.479	0.03061683455765492
4.4799999999999995	0.030634967298881117
4.481	0.030653089313534148
4.482	0.030671200620628794
4.483	0.03068930123912179
4.484	0.030707391187915867
4.484999999999999	0.030725470485857175
4.486	0.03074353915173698
4.487	0.030761597204291027
4.4879999999999995	0.03077964466219974
4.489	0.030797681544089586
4.49	0.03081570786853191
4.491	0.03083372365404529
4.492	0.030851728919090708
4.493	0.03086972368207981
4.494	0.030887707961367274
4.495	0.03090568177525476
4.4959999999999996	0.030923645141992254
4.497	0.030941598079776176
4.498	0.030959540606750345
4.499	0.030977472741003764
4.5	0.03099539450057636
4.5009999999999994	0.03101330590345506
4.502	0.031031206967572424
4.503	0.03104909771081278
4.504	0.03106697815100727
4.505	0.03108484830593632
4.506	0.031102708193328325
4.507	0.031120557830860564
4.508	0.031138397236161526
4.5089999999999995	0.03115622642680759
4.51	0.031174045420325886
4.511	0.0311918542341925
4.512	0.03120965288583371
4.513	0.031227441392629084
4.513999999999999	0.03124521977190357
4.515	0.03126298804093587
4.516	0.03128074621695598
4.5169999999999995	0.03129849431714392
4.518	0.0313162323586315
4.519	0.031333960358501764
4.52	0.03135167833378978
4.521	0.03136938630148258
4.522	0.03138708427851748
4.523	0.031404772281788264
4.524	0.03142245032813597
4.5249999999999995	0.03144011843435865
4.526	0.03145777661720435
4.527	0.03147542489337478
4.528	0.03149306327952596
4.529	0.03151069179226647
4.529999999999999	0.03152831044815932
4.531	0.03154591926371822
4.532	0.031563518255415306
4.5329999999999995	0.03158110743967324
4.534	0.03159868683287149
4.535	0.031616256451341314
4.536	0.03163381631137125
4.537	0.03165136642920262
4.538	0.03166890682103387
4.539	0.031686437503016696
4.54	0.031703958491258344
4.5409999999999995	0.03172146980182248
4.542	0.031738971450727446
4.543	0.031756463453949474
4.544	0.03177394582741732
4.545	0.03179141858701967
4.545999999999999	0.03180888174859956
4.547	0.03182633532795602
4.548	0.03184377934084619
4.5489999999999995	0.0318612138029837
4.55	0.03187863873003819
4.551	0.03189605413763855
4.552	0.03191346004136947
4.553	0.03193085645677276
4.554	0.03194824339934896
4.555	0.03196562088455693
4.556	0.031982988927811505
4.5569999999999995	0.03200034754448692
4.558	0.032017696749917245
4.559	0.03203503655939194
4.56	0.0320523669881619
4.561	0.03206968805143442
4.561999999999999	0.0320869997643777
4.563	0.03210430214211858
4.564	0.032121595199741115
4.5649999999999995	0.032138878952292484
4.566	0.03215615341477676
4.567	0.03217341860215775
4.568	0.032190674529359926
4.569	0.03220792121126899
4.569999999999999	0.032225158662728355
4.571	0.03224238689854278
4.572	0.03225960593347809
4.5729999999999995	0.03227681578225926
4.574	0.03229401645957426
4.574999999999999	0.03231120798006935
4.576	0.03232839035835437
4.577	0.03234556360899852
4.577999999999999	0.032362727746533725
4.579	0.03237988278545129
4.58	0.0323970287402062
4.5809999999999995	0.03241416562521438
4.582	0.032431293454853787
4.583	0.032448412243465403
4.584	0.03246552200535066
4.585	0.03248262275477378
4.585999999999999	0.032499714505962306
4.587	0.03251679727310461
4.588	0.0325338710703546
4.5889999999999995	0.03255093591182744
4.59	0.03256799181160004
4.590999999999999	0.03258503878371517
4.592	0.03260207684217739
4.593	0.03261910600095421
4.593999999999999	0.03263612627397818
4.595	0.03265313767514294
4.596	0.03267014021831034
4.5969999999999995	0.032687133917300375
4.598	0.03270411878590265
4.599	0.03272109483786782
4.6	0.03273806208691185
4.601	0.03275502054671455
4.602	0.03277197023092123
4.603	0.03278891115314169
4.604	0.03280584332694968
4.6049999999999995	0.032822766765885754
4.606	0.03283968148345354
4.607	0.03285658749312316
4.608	0.03287348480832915
4.609	0.032890373442473385
4.609999999999999	0.03290725340892061
4.611	0.03292412472100415
4.612	0.03294098739202069
4.6129999999999995	0.03295784143523527
4.614	0.03297468686387744
4.615	0.03299152369114193
4.616	0.03300835193019307
4.617	0.03302517159416008
4.617999999999999	0.033041982696136736
4.619	0.033058785249185554
4.62	0.03307557926633733
4.6209999999999996	0.033092364760586634
4.622	0.03310914174489625
4.622999999999999	0.03312591023219728
4.624	0.03314267023538706
4.625	0.03315942176733004
4.6259999999999994	0.03317616484085957
4.627	0.033192899468774587
4.628	0.033209625663843646
4.629	0.03322634343880124
4.63	0.03324305280635318
4.631	0.03325975377917052
4.632	0.03327644636989166
4.633	0.033293130591126555
4.6339999999999995	0.033309806455450786
4.635	0.0333264739754096
4.635999999999999	0.03334313316351775
4.637	0.03335978403225772
4.638	0.03337642659408008
4.638999999999999	0.03339306086140655
4.64	0.033409686846625694
4.641	0.03342630456209614
4.6419999999999995	0.033442914020146326
4.643	0.033459515233074125
4.644	0.03347610821314495
4.645	0.033492692972596744
4.646	0.03350926952363503
4.647	0.033525837878436354
4.648	0.033542398049145945
4.649	0.03355895004787981
4.6499999999999995	0.03357549388672623
4.651	0.033592029577738595
4.651999999999999	0.03360855713294534
4.653	0.033625076564343326
4.654	0.03364158788389978
4.654999999999999	0.03365809110355453
4.656	0.033674586235214535
4.657	0.03369107329076079
4.6579999999999995	0.033707552282045534
4.659	0.033724023220888875
4.66	0.033740486119083576
4.661	0.03375694098839532
4.662	0.03377338784055902
4.662999999999999	0.033789826687282566
4.664	0.03380625754024416
4.664999999999999	0.033822680411093424
4.6659999999999995	0.03383909531145245
4.667	0.033855502252916454
4.667999999999999	0.03387190124704963
4.669	0.03388829230539037
4.67	0.03390467543944889
4.670999999999999	0.033921050660706255
4.672	0.033937417980617196
4.673	0.033953777410610064
4.6739999999999995	0.033970128962082013
4.675	0.03398647264640509
4.676	0.034002808474924415
4.677	0.03401913645895789
4.678	0.03403545660979394
4.678999999999999	0.034051768938697
4.68	0.034068073456902326
4.680999999999999	0.03408437017561929
4.6819999999999995	0.03410065910603031
4.683	0.03411694025929156
4.683999999999999	0.03413321364653314
4.685	0.03414947927885454
4.686	0.03416573716733413
4.686999999999999	0.034181987323021835
4.688	0.03419822975694104
4.689	0.03421446448008766
4.6899999999999995	0.03423069150343537
4.691	0.03424691083792744
4.692	0.034263122494484974
4.693	0.03427932648400016
4.694	0.03429552281734177
4.695	0.03431171150535164
4.696	0.03432789255884687
4.697	0.034344065988617986
4.6979999999999995	0.034360231805431414
4.699	0.03437639002002768
4.699999999999999	0.034392540643120015
4.701	0.03440868368540103
4.702	0.03442481915753465
4.702999999999999	0.03444094707016088
4.704	0.034457067433895865
4.705	0.03447318025932801
4.7059999999999995	0.034489285557024525
4.707	0.03450538333752583
4.708	0.03452147361134769
4.709	0.03453755638898199
4.71	0.03455363168089761
4.710999999999999	0.034569699497535536
4.712	0.03458575984931595
4.712999999999999	0.03460181274663353
4.7139999999999995	0.0346178581998576
4.715	0.034633896219336185
4.715999999999999	0.034649926815391086
4.717	0.03466594999832097
4.718	0.0346819657784006
4.718999999999999	0.0346979741658818
4.72	0.03471397517099197
4.721	0.034729968803934044
4.7219999999999995	0.034745955074889846
4.723	0.034761933994015295
4.724	0.03477790557144572
4.725	0.03479386981729121
4.726	0.034809826741637906
4.726999999999999	0.03482577635455027
4.728	0.03484171866607044
4.728999999999999	0.03485765368621646
4.7299999999999995	0.03487358142498331
4.731	0.03488950189234299
4.731999999999999	0.034905415098246004
4.733	0.034921321052619116
4.734	0.034937219765367004
4.734999999999999	0.03495311124637193
4.736	0.03496899550549286
4.737	0.034984872552566264
4.7379999999999995	0.03500074239740857
4.739	0.035016605049812084
4.739999999999999	0.035032460519545526
4.741	0.035048308816359515
4.741999999999999	0.03506414994997838
4.742999999999999	0.035079983930106654
4.744	0.03509581076642827
4.744999999999999	0.0351116304686037
4.7459999999999996	0.03512744304626967
4.747	0.0351432485090443
4.747999999999999	0.035159046866524414
4.749	0.0351748381282821
4.75	0.035190622303871634
4.7509999999999994	0.03520639940282316
4.752	0.035222169434646226
4.753	0.03523793240882987
4.754	0.035253688334840154
4.755	0.035269437222126214
4.756	0.035285179080110134
4.757	0.035300913918195516
4.758	0.03531664174576806
4.7589999999999995	0.035332362572188136
4.76	0.03534807640679709
4.760999999999999	0.035363783258916225
4.762	0.03537948313784521
4.763	0.035395176052863686
4.763999999999999	0.03541086201322935
4.765	0.03542654102818185
4.766	0.03544221310693713
4.7669999999999995	0.03545787825869418
4.768	0.03547353649262941
4.769	0.0354891878179004
4.77	0.035504832243642946
4.771	0.035520469778973926
4.772	0.035536100432989375
4.773	0.035551724214766885
4.774	0.035567341133362615
4.7749999999999995	0.03558295119781287
4.776	0.03559855441713402
4.776999999999999	0.03561415080032484
4.778	0.035629740356361315
4.779	0.03564532309420137
4.779999999999999	0.035660899022783576
4.781	0.0356764681510278
4.782	0.03569203048783148
4.7829999999999995	0.03570758604207484
4.784	0.03572313482261888
4.785	0.03573867683830552
4.786	0.035754212097954964
4.787	0.03576974061037105
4.787999999999999	0.03578526238433933
4.789	0.03580077742862176
4.789999999999999	0.03581628575196437
4.7909999999999995	0.035831787363095655
4.792	0.03584728227072173
4.792999999999999	0.035862770483534215
4.794	0.03587825201020111
4.795	0.0358937268593766
4.795999999999999	0.03590919503969075
4.797	0.035924656559760036
4.798	0.0359401114281796
4.7989999999999995	0.03595555965352689
4.8	0.035971001244361846
4.801	0.03598643620922366
4.802	0.03600186455663567
4.803	0.03601728629510237
4.804	0.03603270143310881
4.805	0.03604810997912299
4.806	0.036063511941595267
4.8069999999999995	0.03607890732895649
4.808	0.036094296149620154
4.808999999999999	0.036109678411981996
4.81	0.03612505412442175
4.811	0.036140423295297174
4.811999999999999	0.03615578593295093
4.813	0.03617114204570811
4.814	0.0361864916418759
4.8149999999999995	0.036201834729743955
4.816	0.03621717131758153
4.817	0.03623250141364442
4.818	0.036247825026171084
4.819	0.03626314216337806
4.82	0.036278452833468915
4.821	0.036293757044628165
4.822	0.03630905480502267
4.8229999999999995	0.03632434612280326
4.824	0.03633963100610281
4.824999999999999	0.036354909463037474
4.826	0.03637018150170613
4.827	0.0363854471301907
4.827999999999999	0.03640070635655603
4.829	0.036415959188850384
4.83	0.03643120563510517
4.8309999999999995	0.03644644570333455
4.832	0.03646167940153626
4.833	0.036476906737692175
4.834	0.03649212771976511
4.835	0.03650734235570459
4.835999999999999	0.03652255065344049
4.837	0.03653775262088857
4.837999999999999	0.03655294826594608
4.8389999999999995	0.03656813759649472
4.84	0.036583320620400754
4.840999999999999	0.03659849734551306
4.842	0.036613667779664544
4.843	0.0366288319306716
4.843999999999999	0.03664398980633536
4.845	0.03665914141443974
4.846	0.03667428676275272
4.8469999999999995	0.03668942585902773
4.848	0.03670455871099938
4.848999999999999	0.03671968532638922
4.85	0.03673480571290039
4.850999999999999	0.036749919878223195
4.851999999999999	0.03676502783002913
4.853	0.036780129575975894
4.853999999999999	0.036795225123703604
4.8549999999999995	0.03681031448084014
4.856	0.03682539765499375
4.856999999999999	0.036840474653758365
4.858	0.036855545484714404
4.859	0.03687061015542429
4.859999999999999	0.03688566867343729
4.861	0.03690072104628403
4.862	0.03691576728148244
4.8629999999999995	0.036930807386535675
4.864	0.03694584136892845
4.864999999999999	0.03696086923613318
4.866	0.036975890995606206
4.866999999999999	0.036990906654787804
4.867999999999999	0.03700591622110478
4.869	0.03702091970196707
4.869999999999999	0.03703591710477137
4.8709999999999996	0.03705090843689897
4.872	0.03706589370571498
4.872999999999999	0.03708087291857036
4.874	0.03709584608280245
4.875	0.03711081320573133
4.8759999999999994	0.037125774294665535
4.877	0.03714072935689604
4.878	0.03715567839969944
4.879	0.037170621430340355
4.88	0.037185558456064166
4.881	0.03720048948410731
4.882	0.03721541452168683
4.883	0.037230333576008655
4.8839999999999995	0.03724524665426141
4.885	0.03726015376362182
4.885999999999999	0.03727505491125143
4.887	0.0372899501042973
4.888	0.03730483934989134
4.888999999999999	0.03731972265515323
4.89	0.03733460002718672
4.891	0.037349471473082235
4.8919999999999995	0.037364336999915156
4.893	0.03737919661474911
4.894	0.037394050324631604
4.895	0.037408898136596445
4.896	0.037423740057663
4.896999999999999	0.03743857609483903
4.898	0.037453406255115555
4.898999999999999	0.037468230545471506
4.8999999999999995	0.037483048972871275
4.901	0.03749786154426639
4.901999999999999	0.03751266826659343
4.903	0.037527469146776904
4.904	0.03754226419172393
4.904999999999999	0.03755705340833415
4.906	0.03757183680348856
4.907	0.03758661438405536
4.9079999999999995	0.03760138615689237
4.909	0.03761615212883999
4.91	0.037630912306727514
4.911	0.03764566669737069
4.912	0.03766041530757156
4.912999999999999	0.037675158144117586
4.914	0.03768989521378593
4.915	0.03770462652333767
4.9159999999999995	0.03771935207952129
4.917	0.03773407188907415
4.917999999999999	0.037748785958717314
4.919	0.03776349429516138
4.92	0.03777819690510207
4.920999999999999	0.03779289379522424
4.922	0.037807584972196745
4.923	0.03782227044267803
4.9239999999999995	0.03783695021331213
4.925	0.037851624290730856
4.926	0.0378662926815547
4.927	0.03788095539238679
4.928	0.03789561242982324
4.929	0.0379102638004422
4.93	0.03792490951081342
4.931	0.037939549567490946
4.9319999999999995	0.0379541839770176
4.933	0.037968812745923446
4.933999999999999	0.03798343588072553
4.935	0.03799805338792877
4.936	0.03801266527402539
4.936999999999999	0.038027271545494255
4.938	0.03804187220880438
4.939	0.03805646727041035
4.9399999999999995	0.03807105673675404
4.941	0.03808564061426545
4.942	0.03810021890936324
4.943	0.038114791628453375
4.944	0.038129358777927815
4.944999999999999	0.03814392036417004
4.946	0.03815847639354646
4.946999999999999	0.03817302687241573
4.9479999999999995	0.038187571807122164
4.949	0.03820211120399881
4.949999999999999	0.03821664506936506
4.951	0.038231173409531166
4.952	0.038245696230792776
4.952999999999999	0.038260213539435414
4.954	0.038274725341730625
4.955	0.03828923164394027
4.9559999999999995	0.03830373245231279
4.957	0.03831822777308591
4.958	0.03833271761248482
4.959	0.0383472019767234
4.96	0.03836168087200351
4.960999999999999	0.03837615430451509
4.962	0.03839062228043731
4.962999999999999	0.038405084805936233
4.9639999999999995	0.038419541887167
4.965	0.03843399353027486
4.965999999999999	0.03844843974139031
4.967	0.03846288052663594
4.968	0.038477315892118495
4.968999999999999	0.03849174584393718
4.97	0.038506170388178475
4.971	0.038520589530917436
4.9719999999999995	0.03853500327821702
4.973	0.03854941163612857
4.974	0.03856381461069454
4.975	0.0385782122079439
4.976	0.038592604433895734
4.976999999999999	0.03860699129455625
4.978	0.03862137279592146
4.978999999999999	0.038635748943976825
4.9799999999999995	0.03865011974469547
4.981	0.03866448520404001
4.981999999999999	0.038678845327961765
4.983	0.03869320012240214
4.984	0.03870754959329006
4.984999999999999	0.03872189374654316
4.986	0.03873623258807046
4.987	0.03875056612376626
4.9879999999999995	0.03876489435951999
4.989	0.03877921730120324
4.99	0.03879353495468
4.991	0.03880784732580521
4.992	0.038822154420420134
4.992999999999999	0.038836456244356624
4.994	0.03885075280343545
4.994999999999999	0.03886504410346709
4.9959999999999996	0.03887933015024954
4.997	0.038893610949573304
4.997999999999999	0.0389078865072158
4.999	0.03892215682894478
5.	0.038936421920518056
5.0009999999999994	0.038950681787680345
5.002	0.038964936436169884
5.003	0.038979185871709156
5.004	0.038993430100016234
5.005	0.03900766912679367
5.006	0.03902190295773687
5.007	0.03903613159852915
5.008	0.03905035505484308
5.0089999999999995	0.03906457333234304
5.01	0.03907878643668123
5.010999999999999	0.03909299437350045
5.012	0.03910719714843269
5.013	0.03912139476710045
5.013999999999999	0.0391355872351148
5.015	0.03914977455807854
5.016	0.039163956741581456
5.0169999999999995	0.03917813379120709
5.018	0.03919230571252579
5.019	0.0392064725110976
5.02	0.039220634192475616
5.021	0.039234790762200704
5.022	0.03924894222580279
5.023	0.03926308858880551
5.024	0.03927722985671696
5.0249999999999995	0.03929136603504043
5.026	0.03930549712926858
5.026999999999999	0.0393196231448801
5.028	0.039333744087348556
5.029	0.03934785996213429
5.029999999999999	0.039361970774692556
5.031	0.03937607653046302
5.032	0.03939017723487984
5.0329999999999995	0.03940427289336446
5.034	0.03941836351133113
5.035	0.03943244909418319
5.036	0.03944652964731446
5.037	0.039460605176109165
5.038	0.03947467568594204
5.039	0.03948874118217911
5.04	0.03950280167017362
5.0409999999999995	0.039516857155273505
5.042	0.03953090764281544
5.042999999999999	0.03954495313812541
5.044	0.03955899364652012
5.045	0.03957302917331146
5.045999999999999	0.03958705972379425
5.047	0.03960108530325909
5.048	0.03961510591698656
5.0489999999999995	0.039629121570246964
5.05	0.03964313226830175
5.051	0.039657138016401416
5.052	0.03967113881979118
5.053	0.03968513468370343
5.054	0.039699125613362855
5.055	0.03971311161398254
5.056	0.039727092690771466
5.0569999999999995	0.039741068848924116
5.058	0.039755040093630074
5.058999999999999	0.039769006430064424
5.06	0.039782967863401096
5.061	0.039796924398796805
5.061999999999999	0.03981087604140514
5.063	0.03982482279636731
5.064	0.03983876466881569
5.0649999999999995	0.03985270166387557
5.066	0.039866633786662935
5.067	0.039880561042283894
5.068	0.0398944834358349
5.069	0.03990840097240501
5.07	0.03992231365707465
5.071	0.03993622149491437
5.072	0.03995012449098531
5.0729999999999995	0.03996402265034235
5.074	0.03997791597802845
5.074999999999999	0.039991804479080365
5.076	0.040005688158523726
5.077	0.040019567021378454
5.077999999999999	0.04003344107265259
5.079	0.04004731031734802
5.08	0.04006117476045695
5.0809999999999995	0.04007503440696259
5.082	0.04008888926183974
5.083	0.040102739330054614
5.084	0.04011658461656615
5.085	0.040130425126322596
5.086	0.04014426086426328
5.087	0.04015809183532316
5.088	0.04017191804442451
5.0889999999999995	0.0401857394964827
5.09	0.04019955619640415
5.090999999999999	0.04021336814908827
5.092	0.040227175359424334
5.093	0.04024097783229315
5.093999999999999	0.04025477557256924
5.095	0.040268568585116495
5.096	0.04028235687479228
5.0969999999999995	0.040296140446443994
5.098	0.04030991930491097
5.098999999999999	0.04032369345502677
5.1	0.04033746290161299
5.100999999999999	0.040351227649485656
5.101999999999999	0.04036498770345235
5.103	0.04037874306830991
5.103999999999999	0.040392493748850754
5.1049999999999995	0.040406239749856014
5.106	0.04041998107610025
5.106999999999999	0.04043371773235094
5.108	0.040447449723364975
5.109	0.04046117705389292
5.109999999999999	0.04047489972867585
5.111	0.040488617752448615
5.112	0.04050233112993603
5.1129999999999995	0.040516039865857306
5.114	0.04052974396492198
5.114999999999999	0.040543443431831444
5.116	0.04055713827128108
5.116999999999999	0.04057082848795463
5.117999999999999	0.040584514086532714
5.119	0.04059819507168469
5.119999999999999	0.04061187144807301
5.1209999999999996	0.04062554322035239
5.122	0.04063921039316886
5.122999999999999	0.040652872971163004
5.124	0.04066653095896373
5.125	0.04068018436119781
5.1259999999999994	0.040693833182476276
5.127	0.04070747742741125
5.128	0.04072111710060138
5.129	0.040734752206637595
5.13	0.040748382750107406
5.130999999999999	0.040762008735585456
5.132	0.04077563016764322
5.132999999999999	0.04078924705084206
5.1339999999999995	0.04080285938973443
5.135	0.04081646718887009