-1.4999999999999998	1.5361886542245928
-1.4989999999999999	1.53567647287513
-1.4979999999999998	1.5351641206229525
-1.4969999999999999	1.5346515972967978
-1.4959999999999998	1.534138902725181
-1.4949999999999999	1.533626036736402
-1.4939999999999998	1.533112999158247
-1.4929999999999999	1.5325997898184116
-1.4919999999999998	1.5320864085442754
-1.4909999999999999	1.531572855162877
-1.4899999999999998	1.531059129500962
-1.4889999999999999	1.5305452313850387
-1.4879999999999998	1.5300311606412487
-1.4869999999999999	1.5295169170955174
-1.4859999999999998	1.5290025005734469
-1.4849999999999999	1.528487910900341
-1.4839999999999998	1.5279731479012173
-1.4829999999999999	1.5274582114007722
-1.4819999999999998	1.526943101223439
-1.4809999999999999	1.5264278171933663
-1.4799999999999998	1.5259123591343418
-1.4789999999999999	1.5253967268699593
-1.4779999999999998	1.5248809202233444
-1.4769999999999999	1.5243649390175207
-1.4759999999999998	1.5238487830751195
-1.4749999999999999	1.5233324522184255
-1.4739999999999998	1.5228159462695228
-1.4729999999999999	1.5222992650500764
-1.4719999999999998	1.5217824083815463
-1.4709999999999999	1.5212653760850743
-1.4699999999999998	1.5207481679814465
-1.4689999999999999	1.520230783891217
-1.4679999999999997	1.519713223634565
-1.4669999999999999	1.5191954870313673
-1.4659999999999997	1.5186775739012757
-1.4649999999999999	1.5181594840635697
-1.4639999999999997	1.517641217337139
-1.4629999999999999	1.5171227735407855
-1.4619999999999997	1.5166041524927851
-1.4609999999999999	1.5160853540111765
-1.4599999999999997	1.5155663779137545
-1.4589999999999999	1.5150472240179238
-1.4579999999999997	1.5145278921407401
-1.4569999999999999	1.5140083820991097
-1.456	1.5134886937093932
-1.455	1.512968826787853
-1.454	1.5124487811502871
-1.453	1.5119285566122322
-1.452	1.5114081529889565
-1.451	1.5108875700952944
-1.45	1.510366807745855
-1.449	1.5098458657549558
-1.448	1.5093247439363928
-1.447	1.5088034421038858
-1.446	1.5082819600707575
-1.445	1.50776029764988
-1.444	1.5072384546539617
-1.443	1.506716430895358
-1.442	1.506194226186028
-1.441	1.5056718403376081
-1.44	1.5051492731614873
-1.439	1.504626524468703
-1.438	1.5041035940698977
-1.437	1.503580481775484
-1.436	1.503057187395419
-1.435	1.5025337107394903
-1.434	1.502010051616974
-1.433	1.501486209836993
-1.432	1.5009621852081707
-1.431	1.5004379775389018
-1.43	1.4999135866372617
-1.429	1.4993890123108733
-1.428	1.4988642543671435
-1.427	1.498339312613075
-1.426	1.4978141868553592
-1.425	1.4972888769003319
-1.424	1.4967633825540185
-1.423	1.4962377036220675
-1.422	1.4957118399097868
-1.421	1.495185791222215
-1.42	1.4946595573639014
-1.419	1.4941331381391711
-1.418	1.493606533352036
-1.417	1.4930797428059956
-1.416	1.4925527663043332
-1.415	1.4920256036500084
-1.414	1.4914982546455295
-1.413	1.4909707190931185
-1.412	1.490442996794664
-1.411	1.4899150875516098
-1.41	1.4893869911651865
-1.409	1.4888587074361053
-1.408	1.4883302361648778
-1.407	1.487801577151625
-1.406	1.487272730196014
-1.405	1.4867436950974935
-1.404	1.4862144716550445
-1.403	1.4856850596673634
-1.402	1.485155458932708
-1.401	1.4846256692490678
-1.4	1.4840956904140636
-1.399	1.4835655222248616
-1.398	1.4830351644782955
-1.397	1.4825046169709752
-1.396	1.4819738794990023
-1.395	1.4814429518580645
-1.394	1.4809118338436786
-1.393	1.4803805252507816
-1.392	1.4798490258741057
-1.391	1.4793173355079383
-1.39	1.4787854539461973
-1.389	1.478253380982446
-1.388	1.477721116409877
-1.387	1.4771886600213044
-1.386	1.4766560116091383
-1.385	1.476123170965502
-1.384	1.4755901378820349
-1.383	1.4750569121500847
-1.382	1.4745234935605729
-1.381	1.4739898819040698
-1.38	1.473456076970708
-1.379	1.4729220785503492
-1.378	1.4723878864323774
-1.377	1.4718535004058002
-1.376	1.4713189202593342
-1.375	1.4707841457812107
-1.3739999999999999	1.4702491767593053
-1.373	1.4697140129811035
-1.3719999999999999	1.4691786542337097
-1.371	1.468643100303879
-1.3699999999999999	1.4681073509779516
-1.369	1.467571406041806
-1.3679999999999999	1.467035265281038
-1.367	1.4664989284808059
-1.3659999999999999	1.465962395425854
-1.365	1.4654256659005525
-1.3639999999999999	1.4648887396888888
-1.363	1.4643516165744226
-1.3619999999999999	1.463814296340365
-1.361	1.4632767787694965
-1.3599999999999999	1.4627390636441404
-1.359	1.462201150746328
-1.3579999999999999	1.4616630398576602
-1.357	1.4611247307593196
-1.3559999999999999	1.4605862232319924
-1.355	1.4600475170561273
-1.3539999999999999	1.4595086120117056
-1.353	1.4589695078782665
-1.3519999999999999	1.4584302044349127
-1.351	1.4578907014604083
-1.3499999999999999	1.4573509987331679
-1.349	1.4568110960310034
-1.3479999999999999	1.4562709931315034
-1.347	1.4557306898117484
-1.3459999999999999	1.4551901858483751
-1.345	1.4546494810176775
-1.3439999999999999	1.4541085750955167
-1.343	1.4535674678573605
-1.3419999999999999	1.4530261590781772
-1.341	1.452484648532576
-1.3399999999999999	1.4519429359947296
-1.339	1.4514010212383976
-1.3379999999999999	1.450858904036937
-1.337	1.4503165841632288
-1.3359999999999999	1.449774061389745
-1.335	1.4492313354885902
-1.3339999999999999	1.4486884062313303
-1.333	1.4481452733892308
-1.3319999999999999	1.4476019367330142
-1.331	1.447058396033048
-1.3299999999999998	1.44651465105926
-1.329	1.4459707015811196
-1.3279999999999998	1.445426547367617
-1.327	1.4448821881874465
-1.3259999999999998	1.4443376238086754
-1.325	1.4437928539991263
-1.3239999999999998	1.4432478785260818
-1.323	1.4427026971563615
-1.3219999999999998	1.4421573096564175
-1.321	1.4416117157922448
-1.3199999999999998	1.4410659153292795
-1.319	1.4405199080326816
-1.3179999999999998	1.4399736936670902
-1.317	1.4394272719966825
-1.3159999999999998	1.4388806427852214
-1.315	1.4383338057959902
-1.3139999999999998	1.4377867607917891
-1.313	1.437239507535056
-1.3119999999999998	1.4366920457877823
-1.311	1.4361443753113896
-1.3099999999999998	1.435596495866938
-1.309	1.4350484072149468
-1.3079999999999998	1.4345001091156133
-1.307	1.4339516013285807
-1.3059999999999998	1.4334028836129926
-1.305	1.4328539557276638
-1.3039999999999998	1.4323048174308008
-1.303	1.4317554684802574
-1.302	1.431205908633398
-1.301	1.4306561376470524
-1.3	1.430106155277659
-1.299	1.429555961281217
-1.298	1.4290055554130294
-1.297	1.4284549374283002
-1.296	1.4279041070814558
-1.295	1.427353064126536
-1.294	1.426801808317221
-1.293	1.4262503394064943
-1.292	1.4256986571470618
-1.291	1.4251467612910345
-1.29	1.4245946515901062
-1.289	1.4240423277954724
-1.288	1.423489789657755
-1.287	1.422937036927295
-1.286	1.4223840693537002
-1.285	1.421830886686304
-1.284	1.4212774886738793
-1.283	1.4207238750646078
-1.282	1.4201700456063073
-1.281	1.4196160000462896
-1.28	1.419061738131327
-1.279	1.4185072596076942
-1.2779999999999998	1.4179525642212465
-1.277	1.417397651717222
-1.2759999999999998	1.4168425218404639
-1.275	1.4162871743352428
-1.2739999999999998	1.4157316089454073
-1.273	1.41517582541422
-1.2719999999999998	1.4146198234844876
-1.271	1.4140636028984896
-1.2699999999999998	1.413507163398019
-1.269	1.4129505047243207
-1.2679999999999998	1.4123936266182016
-1.267	1.411836528819869
-1.2659999999999998	1.4112792110690997
-1.265	1.4107216731050911
-1.2639999999999998	1.4101639146665046
-1.263	1.409605935491639
-1.2619999999999998	1.409047735318074
-1.261	1.408489313882993
-1.2599999999999998	1.407930670923026
-1.259	1.4073718061742522
-1.2579999999999998	1.406812719372314
-1.257	1.406253410252204
-1.256	1.4056938785484856
-1.255	1.4051341239951416
-1.254	1.4045741463256762
-1.253	1.4040139452729636
-1.252	1.4034535205694565
-1.251	1.4028928719470206
-1.25	1.4023319991369614
-1.2489999999999999	1.4017709018701214
-1.248	1.4012095798767124
-1.2469999999999999	1.4006480328864501
-1.246	1.4000862606285784
-1.2449999999999999	1.3995242628316122
-1.244	1.3989620392237312
-1.2429999999999999	1.3983995895324222
-1.242	1.397836913484672
-1.2409999999999999	1.3972740108069623
-1.24	1.3967108812251345
-1.2389999999999999	1.3961475244645392
-1.238	1.3955839402499308
-1.2369999999999999	1.3950201283055914
-1.236	1.394456088355141
-1.2349999999999999	1.3938918201216868
-1.234	1.3933273233277663
-1.2329999999999999	1.3927625976953892
-1.2319999999999998	1.3921976429459733
-1.2309999999999999	1.3916324588003575
-1.2299999999999998	1.3910670449788107
-1.2289999999999999	1.3905014012010204
-1.2279999999999998	1.3899355271862122
-1.2269999999999999	1.38936942265292
-1.2259999999999998	1.3888030873191501
-1.2249999999999999	1.3882365209022995
-1.2239999999999998	1.3876697231192363
-1.2229999999999999	1.3871026936862216
-1.2219999999999998	1.3865354323189396
-1.2209999999999999	1.3859679387325106
-1.2199999999999998	1.3854002126414173
-1.2189999999999999	1.3848322537596278
-1.2179999999999997	1.3842640618004505
-1.2169999999999999	1.3836956364767041
-1.2159999999999997	1.3831269775005373
-1.2149999999999999	1.3825580845834793
-1.2139999999999997	1.3819889574366064
-1.2129999999999999	1.3814195957701907
-1.2119999999999997	1.380849999294083
-1.2109999999999999	1.3802801677174856
-1.21	1.3797101007489567
-1.2089999999999999	1.3791397980965021
-1.208	1.3785692594674461
-1.2069999999999999	1.377998484568679
-1.206	1.3774274731062723
-1.2049999999999998	1.3768562247857945
-1.204	1.3762847393122424
-1.2029999999999998	1.375713016389894
-1.202	1.3751410557224957
-1.2009999999999998	1.3745688570131487
-1.2	1.373996419964333
-1.1989999999999998	1.3734237442779063
-1.198	1.3728508296550952
-1.1969999999999998	1.3722776757965323
-1.196	1.3717042824022465
-1.1949999999999998	1.3711306491715316
-1.194	1.3705567758031718
-1.1929999999999998	1.3699826619952293
-1.192	1.3694083074451873
-1.1909999999999998	1.3688337118498894
-1.19	1.3682588749055389
-1.1889999999999998	1.367683796307678
-1.188	1.367108475751204
-1.187	1.3665329129304302
-1.186	1.3659571075389316
-1.185	1.365381059269783
-1.184	1.3648047678152484
-1.183	1.3642282328670208
-1.182	1.363651454116154
-1.181	1.3630744312530059
-1.18	1.3624971639673094
-1.179	1.3619196519481505
-1.178	1.3613418948838791
-1.177	1.3607638924622887
-1.176	1.3601856443704212
-1.175	1.3596071502947258
-1.174	1.3590284099209156
-1.173	1.3584494229340838
-1.172	1.3578701890186367
-1.171	1.3572907078582719
-1.17	1.3567109791360747
-1.169	1.3561310025344377
-1.168	1.3555507777350246
-1.167	1.354970304418853
-1.166	1.3543895822662368
-1.165	1.353808610956849
-1.164	1.3532273901696348
-1.1629999999999998	1.3526459195828937
-1.162	1.3520641988741486
-1.1609999999999998	1.3514822277203216
-1.16	1.3509000057975231
-1.1589999999999998	1.3503175327812806
-1.158	1.3497348083463976
-1.1569999999999998	1.3491518321669609
-1.156	1.3485686039162854
-1.1549999999999998	1.3479851232671163
-1.154	1.347401389891324
-1.1529999999999998	1.3468174034602365
-1.152	1.3462331636443736
-1.1509999999999998	1.3456486701135042
-1.15	1.3450639225368013
-1.1489999999999998	1.3444789205825558
-1.148	1.3438936639185
-1.1469999999999998	1.3433081522115398
-1.146	1.3427223851278982
-1.1449999999999998	1.3421363623330342
-1.144	1.34155008349171
-1.1429999999999998	1.3409635482679314
-1.142	1.3403767563249736
-1.141	1.3397897073253828
-1.14	1.3392024009309609
-1.139	1.3386148368027702
-1.138	1.338027014601114
-1.137	1.3374389339855355
-1.136	1.336850594614903
-1.135	1.336261996147231
-1.134	1.3356731382398888
-1.133	1.335084020549375
-1.132	1.334494642731537
-1.131	1.3339050044413394
-1.13	1.3333151053331471
-1.129	1.3327249450604086
-1.128	1.3321345232758348
-1.127	1.3315438396314434
-1.126	1.330952893778442
-1.125	1.3303616853672209
-1.1239999999999999	1.3297702140474092
-1.123	1.3291784794678854
-1.1219999999999999	1.3285864812767334
-1.121	1.3279942191212664
-1.1199999999999999	1.3274016926479442
-1.119	1.3268089015025253
-1.1179999999999999	1.3262158453298851
-1.1169999999999998	1.3256225237742436
-1.1159999999999999	1.325028936478876
-1.1149999999999998	1.324435083086297
-1.1139999999999999	1.3238409632382473
-1.1129999999999998	1.3232465765757175
-1.1119999999999999	1.3226519227387428
-1.1109999999999998	1.3220570013666628
-1.1099999999999999	1.3214618120979642
-1.1089999999999998	1.3208663545703556
-1.1079999999999999	1.3202706284206849
-1.1069999999999998	1.319674633284991
-1.1059999999999999	1.3190783687984817
-1.1049999999999998	1.3184818345956046
-1.1039999999999999	1.3178850303098482
-1.1029999999999998	1.3172879555740251
-1.1019999999999999	1.3166906100199867
-1.1009999999999998	1.3160929932788343
-1.0999999999999999	1.3154951049807657
-1.0989999999999998	1.3148969447551926
-1.0979999999999999	1.3142985122306374
-1.0969999999999998	1.3136998070348256
-1.0959999999999999	1.313100828794565
-1.095	1.3125015771358721
-1.0939999999999999	1.3119020516839057
-1.093	1.3113022520629414
-1.0919999999999999	1.310702177896341
-1.091	1.3101018288067499
-1.0899999999999999	1.3095012044158119
-1.089	1.308900304344384
-1.0879999999999999	1.3082991282123855
-1.087	1.3076976756389043
-1.0859999999999999	1.307095946242159
-1.085	1.3064939396394657
-1.0839999999999999	1.3058916554472622
-1.083	1.3052890932810746
-1.0819999999999999	1.3046862527556107
-1.081	1.304083133484652
-1.0799999999999998	1.3034797350810283
-1.079	1.302876057156751
-1.0779999999999998	1.302272099322938
-1.077	1.301667861189698
-1.0759999999999998	1.3010633423663374
-1.075	1.300458542461232
-1.0739999999999998	1.2998534610818222
-1.073	1.299248097834675
-1.072	1.2986424523253908
-1.071	1.2980365241586371
-1.07	1.2974303129382112
-1.069	1.2968238182670015
-1.068	1.2962170397469006
-1.067	1.2956099769788898
-1.066	1.2950026295630124
-1.065	1.2943949970984125
-1.064	1.2937870791832184
-1.063	1.2931788754146671
-1.062	1.2925703853890778
-1.061	1.2919616087017183
-1.06	1.2913525449469891
-1.059	1.290743193718277
-1.058	1.2901335546080592
-1.057	1.2895236272078454
-1.056	1.2889134111080764
-1.055	1.2883029058983761
-1.054	1.2876921111672843
-1.053	1.287081026502434
-1.052	1.2864696514904048
-1.051	1.28585798571682
-1.05	1.285246028766392
-1.049	1.2846337802227095
-1.0479999999999998	1.284021239668497
-1.047	1.2834084066853635
-1.0459999999999998	1.282795280854039
-1.045	1.282181861754128
-1.0439999999999998	1.2815681489643331
-1.043	1.280954142062266
-1.0419999999999998	1.2803398406246
-1.041	1.2797252442269085
-1.0399999999999998	1.2791103524438427
-1.039	1.2784951648489187
-1.0379999999999998	1.2778796810147155
-1.037	1.2772639005127513
-1.0359999999999998	1.2766478229134741
-1.035	1.2760314477863457
-1.0339999999999998	1.2754147746997906
-1.033	1.2747978032211258
-1.0319999999999998	1.2741805329166844
-1.031	1.273562963351727
-1.0299999999999998	1.272945094090454
-1.029	1.2723269246959705
-1.0279999999999998	1.2717084547303963
-1.027	1.2710896837547196
-1.026	1.2704706113289017
-1.025	1.2698512370118413
-1.024	1.26923156036126
-1.023	1.2686115809339193
-1.022	1.2679912982854185
-1.021	1.2673707119703104
-1.02	1.2667498215420823
-1.019	1.2661286265530127
-1.018	1.2655071265543758
-1.017	1.264885321096328
-1.016	1.2642632097279187
-1.015	1.26364079199708
-1.014	1.2630180674506066
-1.013	1.2623950356341813
-1.012	1.261771696092412
-1.011	1.261148048368737
-1.01	1.2605240920054632
-1.009	1.2598998265437837
-1.008	1.2592752515237229
-1.007	1.2586503664842192
-1.006	1.258025170962973
-1.005	1.2573996644966203
-1.004	1.2567738466206542
-1.003	1.2561477168692998
-1.002	1.2555212747756899
-1.001	1.2548945198718546
-1.	1.2542674516885133
-0.999	1.2536400697553294
-0.998	1.2530123736007335
-0.997	1.2523843627520017
-0.996	1.2517560367351697
-0.995	1.251127395075114
-0.994	1.2504984372955974
-0.993	1.249869162918975
-0.992	1.2492395714666402
-0.991	1.2486096624586083
-0.99	1.247979435413776
-0.989	1.2473488898497478
-0.988	1.2467180252829881
-0.987	1.246086841228687
-0.986	1.2454553372007813
-0.985	1.2448235127120362
-0.984	1.2441913672739349
-0.983	1.243558900396755
-0.982	1.2429261115894712
-0.981	1.242293000359847
-0.9800000000000001	1.2416595662143874
-0.9790000000000001	1.2410258086583186
-0.9780000000000001	1.2403917271956435
-0.9770000000000001	1.2397573213290505
-0.9760000000000001	1.2391225905599565
-0.9750000000000001	1.2384875343885
-0.9740000000000001	1.2378521523135846
-0.9730000000000001	1.2372164438327837
-0.9720000000000001	1.2365804084423417
-0.9710000000000001	1.2359440456373114
-0.9700000000000001	1.235307354911359
-0.9690000000000001	1.2346703357568083
-0.9680000000000001	1.2340329876648137
-0.9670000000000001	1.2333953101250783
-0.9660000000000001	1.2327573026260323
-0.9650000000000001	1.2321189646548005
-0.9640000000000001	1.2314802956971556
-0.9630000000000001	1.2308412952375376
-0.9620000000000001	1.2302019627590344
-0.9610000000000001	1.2295622977434277
-0.9600000000000001	1.2289222996710933
-0.9590000000000001	1.2282819680210861
-0.9580000000000001	1.2276413022711252
-0.957	1.2270003018974989
-0.956	1.2263589663751766
-0.955	1.2257172951777338
-0.954	1.2250752877773834
-0.953	1.224432943644939
-0.952	1.2237902622498
-0.951	1.223147243060043
-0.95	1.2225038855422383
-0.949	1.2218601891616852
-0.948	1.221216153382112
-0.947	1.2205717776659761
-0.946	1.21992706147424
-0.945	1.2192820042664265
-0.944	1.2186366055006876
-0.943	1.2179908646337079
-0.942	1.2173447811206946
-0.941	1.216698354415461
-0.94	1.2160515839703225
-0.939	1.2154044692361734
-0.938	1.2147570096624312
-0.9369999999999999	1.2141092046970035
-0.9359999999999999	1.2134610537864525
-0.9349999999999999	1.2128125563756584
-0.934	1.2121637119081725
-0.933	1.2115145198260155
-0.932	1.2108649795697
-0.931	1.2102150905782207
-0.93	1.2095648522890872
-0.929	1.2089142641382626
-0.928	1.2082633255602706
-0.927	1.2076120359880445
-0.926	1.2069603948529266
-0.925	1.206308401584871
-0.924	1.2056560556121687
-0.923	1.2050033563615794
-0.922	1.204350303258395
-0.921	1.203696895726228
-0.92	1.203043133187194
-0.919	1.2023890150618255
-0.918	1.2017345407690716
-0.917	1.201079709726248
-0.916	1.2004245213491775
-0.915	1.1997689750520484
-0.914	1.1991130702473998
-0.913	1.198456806346175
-0.912	1.1978001827577742
-0.911	1.1971431988898902
-0.91	1.1964858541486494
-0.909	1.1958281479384634
-0.908	1.1951700796622022
-0.907	1.1945116487210166
-0.906	1.1938528545144704
-0.905	1.1931936964403864
-0.904	1.1925341738949775
-0.903	1.1918742862727782
-0.902	1.1912140329665841
-0.901	1.1905534133676363
-0.9	1.1898924268653548
-0.899	1.1892310728475426
-0.898	1.188569350700232
-0.897	1.187907259807806
-0.896	1.1872447995528785
-0.895	1.1865819693163668
-0.894	1.1859187684774812
-0.893	1.1852551964136078
-0.892	1.1845912525004716
-0.891	1.1839269361119964
-0.89	1.1832622466204104
-0.889	1.1825971833960651
-0.888	1.1819317458076304
-0.887	1.181265933222014
-0.886	1.1805997450042056
-0.885	1.1799331805175517
-0.884	1.1792662391235214
-0.883	1.1785989201817506
-0.882	1.1779312230501422
-0.881	1.1772631470846877
-0.88	1.176594691639613
-0.879	1.1759258560672647
-0.878	1.1752566397181643
-0.877	1.1745870419409878
-0.876	1.1739170620825614
-0.875	1.1732466994877953
-0.874	1.1725759534997418
-0.873	1.1719048234595861
-0.872	1.1712333087067006
-0.871	1.1705614085783895
-0.87	1.1698891224101733
-0.869	1.1692164495355954
-0.868	1.168543389286384
-0.867	1.1678699409922177
-0.866	1.167196103980931
-0.8650000000000001	1.16652187757833
-0.8640000000000001	1.1658472611083255
-0.8630000000000001	1.165172253892857
-0.8620000000000001	1.1644968552519308
-0.8610000000000001	1.1638210645034732
-0.8600000000000001	1.1631448809635592
-0.8590000000000001	1.162468303946181
-0.8580000000000001	1.161791332763362
-0.8570000000000001	1.1611139667251276
-0.8560000000000001	1.1604362051394386
-0.8550000000000001	1.1597580473123108
-0.8540000000000001	1.1590794925476324
-0.8530000000000001	1.1584005401473663
-0.8520000000000001	1.1577211894113146
-0.8510000000000001	1.157041439637285
-0.8500000000000001	1.1563612901209768
-0.8490000000000001	1.1556807401560771
-0.8480000000000001	1.1549997890341377
-0.8470000000000001	1.154318436044621
-0.8460000000000001	1.1536366804749008
-0.8450000000000001	1.1529545216102441
-0.8440000000000001	1.1522719587338015
-0.8430000000000001	1.1515889911265873
-0.8420000000000001	1.1509056180674675
-0.8410000000000001	1.1502218388332146
-0.8400000000000001	1.1495376526983905
-0.8390000000000001	1.1488530589354113
-0.8380000000000001	1.1481680568145545
-0.8370000000000001	1.1474826456038263
-0.8360000000000001	1.146796824569148
-0.8350000000000001	1.1461105929742064
-0.8340000000000001	1.1454239500804386
-0.8330000000000001	1.1447368951471317
-0.8320000000000001	1.1440494274312831
-0.8310000000000001	1.1433615461877067
-0.8300000000000001	1.1426732506689083
-0.8290000000000001	1.141984540125216
-0.8280000000000001	1.1412954138046232
-0.8270000000000001	1.1406058709528915
-0.8260000000000001	1.1399159108134762
-0.8250000000000001	1.139225532627585
-0.8240000000000001	1.1385347356340314
-0.8230000000000001	1.1378435190693614
-0.8220000000000001	1.137151882167868
-0.8210000000000001	1.1364598241613932
-0.8200000000000001	1.135767344279491
-0.8190000000000001	1.1350744417494028
-0.8180000000000001	1.1343811157959298
-0.8170000000000001	1.133687365641538
-0.8160000000000001	1.132993190506309
-0.8150000000000001	1.132298589607941
-0.8140000000000001	1.1316035621616654
-0.8130000000000001	1.1309081073804164
-0.812	1.1302122244746
-0.811	1.1295159126522487
-0.81	1.128819171118888
-0.809	1.1281219990776366
-0.808	1.1274243957291241
-0.807	1.12672636027151
-0.806	1.1260278919004711
-0.805	1.1253289898091885
-0.804	1.1246296531882856
-0.803	1.1239298812259477
-0.802	1.1232296731077265
-0.801	1.1225290280167235
-0.8	1.1218279451334363
-0.799	1.1211264236358254
-0.798	1.1204244626992148
-0.797	1.1197220614964005
-0.796	1.119019219197576
-0.795	1.1183159349702696
-0.794	1.117612207979446
-0.793	1.1169080373874398
-0.792	1.1162034223538622
-0.791	1.1154983620357148
-0.79	1.1147928555874025
-0.789	1.114086902160508
-0.788	1.1133805009040434
-0.787	1.1126736509641946
-0.786	1.1119663514845548
-0.785	1.1112586016059203
-0.784	1.1105504004663524
-0.783	1.1098417472011513
-0.782	1.1091326409428923
-0.781	1.1084230808212978
-0.78	1.107713065963413
-0.779	1.1070025954933322
-0.778	1.1062916685324429
-0.777	1.105580284199276
-0.776	1.1048684416095311
-0.775	1.104156139875988
-0.774	1.1034433781086614
-0.773	1.1027301554145965
-0.772	1.102016470898008
-0.771	1.101302323660142
-0.77	1.1005877127994044
-0.769	1.0998726374111754
-0.768	1.0991570965879582
-0.767	1.0984410894192715
-0.766	1.097724614991667
-0.765	1.0970076723886715
-0.764	1.0962902606909057
-0.763	1.095572378975817
-0.762	1.0948540263180235
-0.761	1.094135201788944
-0.76	1.093415904456968
-0.759	1.0926961333875018
-0.758	1.0919758876427441
-0.757	1.0912551662818832
-0.756	1.090533968360919
-0.755	1.0898122929328673
-0.754	1.089090139047414
-0.753	1.0883675057511926
-0.752	1.0876443920876708
-0.751	1.08692079709708
-0.7500000000000001	1.0861967198164875
-0.7490000000000001	1.0854721592797565
-0.7480000000000001	1.0847471145174328
-0.7470000000000001	1.0840215845569328
-0.7460000000000001	1.0832955684223429
-0.7450000000000001	1.0825690651344744
-0.7440000000000001	1.081842073710848
-0.7430000000000001	1.0811145931656976
-0.7420000000000001	1.0803866225098904
-0.7410000000000001	1.0796581607510136
-0.7400000000000001	1.0789292068932708
-0.7390000000000001	1.0781997599374373
-0.7380000000000001	1.077469818880995
-0.7370000000000001	1.076739382717972
-0.7360000000000001	1.0760084504389933
-0.7350000000000001	1.0752770210312206
-0.7340000000000001	1.074545093478396
-0.7330000000000001	1.0738126667607224
-0.7320000000000001	1.0730797398550715
-0.7310000000000001	1.0723463117346024
-0.7300000000000001	1.0716123813691372
-0.7290000000000001	1.0708779477249009
-0.7280000000000001	1.0701430097645013
-0.7270000000000001	1.0694075664470462
-0.7260000000000001	1.0686716167280466
-0.7250000000000001	1.0679351595593811
-0.7240000000000001	1.067198193889335
-0.7230000000000001	1.0664607186625512
-0.7220000000000001	1.065722732819981
-0.7210000000000001	1.0649842352989645
-0.7200000000000001	1.0642452250330794
-0.7190000000000001	1.0635057009522346
-0.7180000000000001	1.0627656619825594
-0.7170000000000001	1.0620251070465259
-0.7160000000000001	1.0612840350627735
-0.7150000000000001	1.0605424449461371
-0.7140000000000001	1.0598003356077252
-0.7130000000000001	1.0590577059547557
-0.7120000000000001	1.0583145548906392
-0.7110000000000001	1.057570881314895
-0.7100000000000001	1.056826684123218
-0.7090000000000001	1.0560819622073647
-0.7080000000000001	1.055336714455185
-0.7070000000000001	1.0545909397506026
-0.7060000000000001	1.0538446369735446
-0.7050000000000001	1.0530978049999982
-0.7040000000000001	1.0523504427019907
-0.7030000000000001	1.0516025489474279
-0.7020000000000001	1.0508541226002839
-0.7010000000000001	1.050105162520444
-0.7000000000000001	1.049355667563665
-0.6990000000000001	1.0486056365817076
-0.6980000000000001	1.0478550684221273
-0.6970000000000001	1.0471039619283846
-0.6960000000000001	1.046352315939751
-0.6950000000000001	1.0456001292913724
-0.6940000000000001	1.0448474008141566
-0.6930000000000001	1.0440941293347592
-0.6920000000000001	1.0433403136756567
-0.6910000000000001	1.0425859526550298
-0.6900000000000001	1.0418310450867727
-0.6890000000000001	1.0410755897804633
-0.6880000000000001	1.0403195855413634
-0.687	1.0395630311703807
-0.686	1.0388059254640212
-0.685	1.0380482672144555
-0.684	1.037290055209366
-0.683	1.036531288232049
-0.682	1.035771965061262
-0.681	1.0350120844713817
-0.68	1.034251645232195
-0.679	1.033490646108943
-0.678	1.0327290858623819
-0.677	1.0319669632486175
-0.676	1.0312042770191652
-0.675	1.0304410259209502
-0.674	1.0296772086962087
-0.673	1.0289128240825034
-0.672	1.0281478708126823
-0.671	1.0273823476149142
-0.67	1.02661625321259
-0.669	1.025849586324252
-0.668	1.0250823456637796
-0.667	1.0243145299401437
-0.666	1.0235461378574495
-0.665	1.0227771681149787
-0.664	1.022007619407054
-0.663	1.021237490423101
-0.662	1.0204667798475773
-0.661	1.0196954863600023
-0.66	1.018923608634813
-0.659	1.018151145341493
-0.658	1.0173780951443623
-0.657	1.0166044567027532
-0.656	1.0158302286707965
-0.655	1.015055409697591
-0.654	1.0142799984269453
-0.653	1.0135039934975265
-0.652	1.0127273935427992
-0.651	1.0119501971909084
-0.65	1.0111724030647846
-0.649	1.010394009781974
-0.648	1.0096150159547388
-0.647	1.0088354201899894
-0.646	1.0080552210891633
-0.645	1.0072744172483268
-0.644	1.0064930072580667
-0.643	1.0057109897034773
-0.642	1.0049283631641956
-0.641	1.0041451262142067
-0.64	1.0033612774220053
-0.639	1.002576815350414
-0.638	1.0017917385566997
-0.637	1.0010060455923742
-0.636	1.000219735003302
-0.635	0.9994328053295835
-0.634	0.9986452551055449
-0.633	0.9978570828597979
-0.632	0.9970682871149993
-0.631	0.9962788663880344
-0.63	0.995488819189889
-0.629	0.9946981440255862
-0.628	0.9939068393942179
-0.627	0.9931149037888627
-0.626	0.9923223356965815
-0.625	0.991529133598376
-0.624	0.9907352959691496
-0.623	0.9899408212776942
-0.622	0.9891457079866117
-0.621	0.9883499545522989
-0.62	0.9875535594249905
-0.619	0.9867565210485624
-0.618	0.9859588378606239
-0.617	0.9851605082924575
-0.616	0.9843615307689498
-0.615	0.9835619037086074
-0.614	0.9827616255233831
-0.613	0.9819606946189265
-0.6120000000000001	0.9811591093942026
-0.6110000000000001	0.980356868241663
-0.6100000000000001	0.9795539695472067
-0.6090000000000001	0.9787504116900461
-0.6080000000000001	0.9779461930427279
-0.6070000000000001	0.9771413119710982
-0.6060000000000001	0.9763357668342132
-0.6050000000000001	0.9755295559844256
-0.6040000000000001	0.9747226777671718
-0.6030000000000001	0.973915130521029
-0.6020000000000001	0.9731069125777048
-0.6010000000000001	0.9722980222618911
-0.6000000000000001	0.9714884578913928
-0.5990000000000001	0.9706782177768768
-0.5980000000000001	0.9698673002219937
-0.5970000000000001	0.9690557035232522
-0.5960000000000001	0.968243425969989
-0.5950000000000001	0.9674304658444127
-0.5940000000000001	0.9666168214214402
-0.5930000000000001	0.9658024909686879
-0.5920000000000001	0.9649874727464404
-0.5910000000000001	0.9641717650076765
-0.5900000000000001	0.9633553659979062
-0.5890000000000001	0.9625382739551976
-0.5880000000000001	0.9617204871100796
-0.5870000000000001	0.9609020036855729
-0.5860000000000001	0.9600828218970948
-0.5850000000000001	0.9592629399524423
-0.5840000000000001	0.9584423560516834
-0.5830000000000001	0.957621068387151
-0.5820000000000001	0.9567990751434696
-0.5810000000000001	0.9559763744973563
-0.5800000000000001	0.9551529646177274
-0.5790000000000001	0.954328843665499
-0.5780000000000001	0.9535040097936964
-0.5770000000000001	0.952678461147282
-0.5760000000000001	0.9518521958631477
-0.5750000000000001	0.951025212070113
-0.5740000000000001	0.9501975078888214
-0.5730000000000001	0.9493690814316152
-0.5720000000000001	0.9485399308027115
-0.5710000000000001	0.9477100540979272
-0.5700000000000001	0.9468794494047084
-0.5690000000000001	0.9460481148021108
-0.5680000000000001	0.9452160483607233
-0.5670000000000001	0.9443832481425906
-0.5660000000000001	0.9435497122011778
-0.5650000000000001	0.9427154385813472
-0.5640000000000001	0.9418804253192405
-0.5630000000000001	0.9410446704423053
-0.562	0.940208171969189
-0.561	0.9393709279096164
-0.56	0.9385329362645535
-0.559	0.9376941950258825
-0.558	0.9368547021765201
-0.557	0.9360144556903176
-0.556	0.9351734535319798
-0.555	0.934331693657034
-0.554	0.9334891740117536
-0.553	0.932645892533145
-0.552	0.931801847148811
-0.551	0.9309570357769473
-0.55	0.9301114563262504
-0.549	0.9292651066958888
-0.548	0.9284179847754594
-0.547	0.9275700884448297
-0.546	0.9267214155742015
-0.545	0.9258719640239211
-0.544	0.9250217316445539
-0.543	0.9241707162766866
-0.542	0.923318915750942
-0.541	0.9224663278879094
-0.54	0.9216129504980788
-0.539	0.9207587813817043
-0.538	0.9199038183288843
-0.537	0.9190480591193068
-0.536	0.9181915015223645
-0.535	0.9173341432969653
-0.534	0.916475982191523
-0.533	0.9156170159438073
-0.532	0.9147572422810182
-0.531	0.9138966589195548
-0.53	0.9130352635650839
-0.529	0.9121730539123577
-0.528	0.911310027645235
-0.527	0.9104461824364751
-0.526	0.9095815159478882
-0.525	0.9087160258299656
-0.524	0.9078497097220942
-0.523	0.9069825652522727
-0.522	0.9061145900371608
-0.521	0.9052457816819244
-0.52	0.904376137780178
-0.519	0.9035056559139428
-0.518	0.9026343336535744
-0.517	0.9017621685575443
-0.516	0.9008891581725524
-0.515	0.9000153000333884
-0.514	0.8991405916627232
-0.513	0.8982650305711837
-0.512	0.897388614257225
-0.511	0.8965113402069851
-0.51	0.8956332058943073
-0.509	0.894754208780524
-0.508	0.8938743463145056
-0.507	0.8929936159325096
-0.506	0.8921120150580161
-0.505	0.8912295411018057
-0.504	0.8903461914617681
-0.503	0.8894619635227914
-0.502	0.8885768546566977
-0.501	0.8876908622222243
-0.5	0.8868039835647943
-0.499	0.8859162160165635
-0.498	0.8850275568961885
-0.4970000000000001	0.8841380035088584
-0.4960000000000001	0.8832475531461342
-0.4950000000000001	0.8823562030858463
-0.4940000000000001	0.8814639505919528
-0.4930000000000001	0.8805707929146637
-0.4920000000000001	0.8796767272900257
-0.4910000000000001	0.8787817509399953
-0.4900000000000001	0.8778858610723898
-0.4890000000000001	0.876989054880624
-0.4880000000000001	0.8760913295437793
-0.4870000000000001	0.8751926822263377
-0.4860000000000001	0.8742931100781655
-0.4850000000000001	0.8733926102344803
-0.4840000000000001	0.8724911798155502
-0.4830000000000001	0.871588815926768
-0.4820000000000001	0.8706855156583926
-0.4810000000000001	0.8697812760856142
-0.4800000000000001	0.8688760942682848
-0.4790000000000001	0.8679699672508548
-0.4780000000000001	0.8670628920622929
-0.4770000000000001	0.8661548657160012
-0.4760000000000001	0.86524588520952
-0.4750000000000001	0.864335947524658
-0.4740000000000001	0.8634250496272106
-0.4730000000000001	0.8625131884668592
-0.4720000000000001	0.8616003609771764
-0.4710000000000001	0.8606865640752748
-0.4700000000000001	0.8597717946619432
-0.4690000000000001	0.8588560496212899
-0.4680000000000001	0.8579393258207957
-0.4670000000000001	0.8570216201111027
-0.4660000000000001	0.8561029293258934
-0.4650000000000001	0.8551832502817992
-0.4640000000000001	0.854262579778216
-0.4630000000000001	0.8533409145971789
-0.4620000000000001	0.8524182515033536
-0.4610000000000001	0.851494587243682
-0.4600000000000001	0.8505699185474468
-0.4590000000000001	0.8496442421260321
-0.4580000000000001	0.8487175546727961
-0.4570000000000001	0.847789852862963
-0.45600000000000007	0.8468611333534777
-0.45500000000000007	0.8459313927828431
-0.45400000000000007	0.845000627771009
-0.45300000000000007	0.8440688349191775
-0.45200000000000007	0.8431360108096785
-0.45100000000000007	0.8422021520059005
-0.45000000000000007	0.8412672550519703
-0.44900000000000007	0.8403313164727879
-0.44800000000000006	0.8393943327737851
-0.44700000000000006	0.8384563004407483
-0.44600000000000006	0.8375172159396741
-0.44500000000000006	0.8365770757167101
-0.44400000000000006	0.83563587619788
-0.44300000000000006	0.8346936137889278
-0.44200000000000006	0.8337502848752723
-0.44100000000000006	0.8328058858216979
-0.44000000000000006	0.8318604129723033
-0.43900000000000006	0.8309138626502858
-0.43800000000000006	0.8299662311577213
-0.43700000000000006	0.8290175147755287
-0.43600000000000005	0.8280677097631979
-0.43500000000000005	0.8271168123586106
-0.43400000000000005	0.8261648187779285
-0.43300000000000005	0.8252117252153638
-0.43200000000000005	0.8242575278430414
-0.43100000000000005	0.8233022228107455
-0.43000000000000005	0.8223458062458695
-0.42900000000000005	0.8213882742530776
-0.42800000000000005	0.8204296229142404
-0.42700000000000005	0.8194698482881613
-0.42600000000000005	0.8185089464104308
-0.42500000000000004	0.8175469132932557
-0.42400000000000004	0.8165837449251899
-0.42300000000000004	0.8156194372710257
-0.42200000000000004	0.8146539862715253
-0.42100000000000004	0.8136873878432428
-0.42000000000000004	0.8127196378783584
-0.41900000000000004	0.8117507322443984
-0.41800000000000004	0.8107806667841023
-0.41700000000000004	0.8098094373151651
-0.41600000000000004	0.808837039630049
-0.41500000000000004	0.8078634694957677
-0.41400000000000003	0.806888722653653
-0.41300000000000003	0.805912794819126
-0.41200000000000003	0.8049356816815406
-0.41100000000000003	0.8039573789038861
-0.41000000000000003	0.8029778821226152
-0.40900000000000003	0.8019971869473812
-0.40800000000000003	0.8010152889607696
-0.40700000000000003	0.8000321837181886
-0.406	0.7990478667475184
-0.405	0.7980623335488803
-0.404	0.7970755795944624
-0.403	0.7960876003282511
-0.402	0.7950983911657286
-0.401	0.7941079474936582
-0.4	0.7931162646698878
-0.399	0.7921233380229814
-0.398	0.7911291628520516
-0.397	0.7901337344265092
-0.396	0.7891370479856569
-0.395	0.7881390987386152
-0.394	0.78713988186393
-0.393	0.7861393925092923
-0.392	0.7851376257913367
-0.391	0.7841345767953227
-0.39	0.7831302405748202
-0.389	0.7821246121514591
-0.388	0.7811176865146161
-0.387	0.7801094586211949
-0.386	0.7790999233952212
-0.385	0.778089075727612
-0.384	0.7770769104758151
-0.383	0.7760634224635613
-0.382	0.7750486064805611
-0.381	0.7740324572821179
-0.38	0.773014969588814
-0.379	0.7719961380863073
-0.378	0.7709759574248667
-0.377	0.7699544222190815
-0.376	0.7689315270476045
-0.375	0.7679072664526794
-0.374	0.7668816349399037
-0.373	0.7658546269778053
-0.372	0.7648262369976071
-0.371	0.7637964593927231
-0.37	0.7627652885185079
-0.369	0.761732718691848
-0.368	0.7606987441907993
-0.367	0.7596633592542194
-0.366	0.7586265580813912
-0.365	0.7575883348315922
-0.364	0.7565486836238335
-0.363	0.7555075985363218
-0.362	0.7544650736061356
-0.361	0.7534211028287927
-0.36	0.7523756801579141
-0.359	0.7513287995047093
-0.358	0.7502804547376659
-0.357	0.7492306396819832
-0.356	0.7481793481193116
-0.355	0.7471265737871882
-0.354	0.7460723103786759
-0.353	0.7450165515418782
-0.352	0.743959290879493
-0.351	0.7429005219483393
-0.35	0.741840238258974
-0.349	0.7407784332751325
-0.348	0.7397151004132719
-0.347	0.7386502330421577
-0.346	0.7375838244822435
-0.345	0.7365158680053289
-0.344	0.7354463568339686
-0.34299999999999997	0.7343752841409563
-0.34199999999999997	0.7333026430488685
-0.34099999999999997	0.7322284266295197
-0.33999999999999997	0.7311526279033995
-0.33899999999999997	0.7300752398391938
-0.33799999999999997	0.728996255353199
-0.33699999999999997	0.7279156673088313
-0.3360000000000001	0.7268334685159565
-0.3350000000000001	0.7257496517304578
-0.3340000000000001	0.7246642096535902
-0.3330000000000001	0.7235771349314212
-0.3320000000000001	0.7224884201541971
-0.33100000000000007	0.7213980578558558
-0.33000000000000007	0.7203060405132955
-0.32900000000000007	0.7192123605458276
-0.32800000000000007	0.7181170103145827
-0.32700000000000007	0.7170199821218246
-0.32600000000000007	0.7159212682103328
-0.32500000000000007	0.7148208607627601
-0.32400000000000007	0.7137187519009652
-0.32300000000000006	0.7126149336853737
-0.32200000000000006	0.7115093981142535
-0.32100000000000006	0.7104021371230884
-0.32000000000000006	0.7092931425838437
-0.31900000000000006	0.7081824063042502
-0.31800000000000006	0.7070699200271603
-0.31700000000000006	0.7059556754297325
-0.31600000000000006	0.7048396641227772
-0.31500000000000006	0.703721877649908
-0.31400000000000006	0.7026023074869061
-0.31300000000000006	0.7014809450408785
-0.31200000000000006	0.7003577816494776
-0.31100000000000005	0.6992328085801708
-0.31000000000000005	0.6981060170293589
-0.30900000000000005	0.6969773981215913
-0.30800000000000005	0.6958469429087656
-0.30700000000000005	0.694714642369247
-0.30600000000000005	0.6935804874070941
-0.30500000000000005	0.6924444688510843
-0.30400000000000005	0.6913065774539024
-0.30300000000000005	0.6901668038912777
-0.30200000000000005	0.6890251387610047
-0.30100000000000005	0.6878815725820749
-0.30000000000000004	0.6867360957937453
-0.29900000000000004	0.685588698754586
-0.29800000000000004	0.6844393717414959
-0.29700000000000004	0.6832881049487852
-0.29600000000000004	0.6821348884871016
-0.29500000000000004	0.680979712382527
-0.29400000000000004	0.6798225665754462
-0.29300000000000004	0.6786634409196387
-0.29200000000000004	0.677502325181059
-0.29100000000000004	0.67633920903696
-0.29000000000000004	0.675174082074624
-0.28900000000000003	0.6740069337904098
-0.28800000000000003	0.6728377535885102
-0.28700000000000003	0.6716665307799061
-0.28600000000000003	0.6704932545811515
-0.28500000000000003	0.6693179141132021
-0.28400000000000003	0.6681404984002788
-0.28300000000000003	0.6669609963685369
-0.28200000000000003	0.6657793968449683
-0.281	0.6645956885560582
-0.28	0.6634098601264968
-0.279	0.6622219000780034
-0.278	0.661031796827819
-0.277	0.659839538687573
-0.276	0.6586451138617607
-0.275	0.6574485104464357
-0.274	0.6562497164278047
-0.273	0.655048719680748
-0.272	0.6538455079674182
-0.271	0.6526400689357421
-0.27	0.6514323901178912
-0.269	0.6502224589287856
-0.268	0.6490102626645174
-0.267	0.6477957885007607
-0.266	0.6465790234912202
-0.265	0.6453599545658767
-0.264	0.6441385685294142
-0.263	0.6429148520595346
-0.262	0.6416887917051048
-0.261	0.6404603738845778
-0.26	0.6392295848840596
-0.259	0.6379964108555595
-0.258	0.6367608378151084
-0.257	0.6355228516409102
-0.256	0.6342824380713804
-0.255	0.6330395827031914
-0.254	0.6317942709893428
-0.253	0.6305464882370588
-0.252	0.6292962196057826
-0.251	0.6280434501050417
-0.25	0.6267881645923064
-0.24900000000000003	0.6255303477708309
-0.24800000000000003	0.624269984187454
-0.24700000000000003	0.6230070582302509
-0.24600000000000002	0.6217415541263477
-0.24500000000000002	0.6204734559394715
-0.244	0.6192027475676251
-0.243	0.617929412740619
-0.242	0.6166534350175789
-0.241	0.6153747977844584
-0.24	0.6140934842513904
-0.239	0.6128094774501655
-0.238	0.6115227602313991
-0.237	0.6102333152619365
-0.23600000000000002	0.6089411250219957
-0.23500000000000001	0.6076461718023243
-0.234	0.6063484377013509
-0.233	0.605047904622161
-0.232	0.6037445542695389
-0.231	0.6024383681468641
-0.23	0.6011293275529717
-0.229	0.5998174135789658
-0.228	0.598502607104937
-0.227	0.5971848887966619
-0.226	0.5958642391021629
-0.225	0.594540638248253
-0.224	0.5932140662369869
-0.223	0.5918845028420604
-0.222	0.5905519276050862
-0.22099999999999997	0.5892163198318864
-0.21999999999999997	0.5878776585885371
-0.21899999999999997	0.5865359226975766
-0.21799999999999997	0.5851910907338151
-0.21699999999999997	0.5838431410203884
-0.21599999999999997	0.5824920516244986
-0.21499999999999997	0.5811378003531251
-0.21399999999999997	0.5797803647486865
-0.213	0.5784197220845192
-0.212	0.5770558493603442
-0.211	0.5756887232975997
-0.21	0.5743183203346359
-0.209	0.5729446166218932
-0.208	0.5715675880168153
-0.207	0.5701872100788615
-0.206	0.568803458064196
-0.205	0.5674163069204075
-0.204	0.5660257312809889
-0.20299999999999999	0.5646317054598202
-0.20199999999999999	0.5632342034454124
-0.20099999999999998	0.5618331988950481
-0.19999999999999998	0.5604286651288455
-0.19899999999999998	0.5590205751235667
-0.198	0.557608901506386
-0.197	0.5561936165484755
-0.196	0.5547746921583985
-0.195	0.553352099875361
-0.194	0.5519258108623882
-0.193	0.5504957958991836
-0.192	0.5490620253748941
-0.191	0.547624469280759
-0.19000000000000003	0.5461830972024396
-0.18900000000000003	0.5447378783122552
-0.18800000000000003	0.5432887813611754
-0.18700000000000003	0.5418357746706826
-0.18600000000000003	0.5403788261242893
-0.18500000000000003	0.5389179031590184
-0.18400000000000002	0.537452972756512
-0.18300000000000002	0.5359840014339887
-0.18200000000000002	0.5345109552349343
-0.18100000000000002	0.5330337997195855
-0.18000000000000002	0.5315524999551061
-0.17900000000000002	0.5300670205055618
-0.17800000000000002	0.5285773254215848
-0.17700000000000002	0.527083378229781
-0.17600000000000002	0.5255851419218588
-0.175	0.5240825789434097
-0.174	0.5225756511824784
-0.173	0.5210643199577045
-0.172	0.5195485460062587
-0.17099999999999999	0.5180282894712831
-0.16999999999999998	0.5165035098891755
-0.16899999999999998	0.5149741661763376
-0.16799999999999998	0.513440216615604
-0.167	0.5119016188423942
-0.166	0.5103583298302269
-0.165	0.5088103058760813
-0.164	0.507257502585083
-0.163	0.5056998748549802
-0.162	0.5041373768598877
-0.161	0.5025699620338095
-0.16	0.5009975830534918
-0.159	0.4994201918208019
-0.158	0.49783773944460064
-0.157	0.49625017622198586
-0.156	0.4946574516190381
-0.155	0.49305951425091776
-0.154	0.4914563118613014
-0.153	0.48984779130124523
-0.152	0.4882338985072675
-0.151	0.48661457847887435
-0.15	0.48498977525515696
-0.149	0.48335943189080566
-0.14800000000000002	0.48172349043123186
-0.14700000000000002	0.4800818918868378
-0.14600000000000002	0.4784345762064926
-0.14500000000000002	0.4767814822501049
-0.14400000000000002	0.4751225477601732
-0.14300000000000002	0.47345770933247094
-0.14200000000000002	0.4717869023855887
-0.14100000000000001	0.47011006112952497
-0.14	0.4684271185330787
-0.139	0.46673800629012546
-0.138	0.46504265478460055
-0.137	0.46334099305438997
-0.136	0.461632948753636
-0.135	0.4599184481138452
-0.134	0.45819741590346735
-0.133	0.45646977538594014
-0.132	0.4547354482761732
-0.131	0.452994354695283
-0.13	0.4512464131236231
-0.129	0.44949154035195743
-0.128	0.4477296514306871
-0.127	0.44596065961699355
-0.126	0.4441844763199496
-0.125	0.4424010110432199
-0.12400000000000001	0.4406101713255104
-0.12300000000000001	0.4388118626785059
-0.12200000000000001	0.43700598852203976
-0.12100000000000001	0.43519245011669694
-0.12000000000000001	0.43337114649327657
-0.11900000000000001	0.43154197437932673
-0.11800000000000001	0.4297048281222346
-0.117	0.4278595996090734
-0.11600000000000002	0.42600617818254544
-0.11500000000000002	0.4241444505532116
-0.11400000000000002	0.42227430070753325
-0.11300000000000002	0.42039560981160135
-0.11200000000000002	0.418508256110152
-0.11100000000000002	0.41661211482071087
-0.11000000000000001	0.4147070580224841
-0.10900000000000001	0.41279295453964393
-0.10800000000000001	0.410869669818646
-0.10700000000000001	0.4089370657992548
-0.10599999999999998	0.4069950007786767
-0.105	0.40504332926846115
-0.104	0.40308190184358006
-0.103	0.4011105649831601
-0.102	0.39912916090222145
-0.10099999999999999	0.39713752737359104
-0.09999999999999999	0.39513549753957117
-0.09899999999999999	0.39312289971209163
-0.09799999999999999	0.39109955716070693
-0.09699999999999999	0.38906528788725014
-0.09599999999999999	0.3870199043860477
-0.09499999999999999	0.38496321338816053
-0.09399999999999999	0.3828950155885008
-0.093	0.38081510535357593
-0.092	0.3787232704085008
-0.091	0.37661929150036005
-0.09	0.37450294203555884
-0.089	0.37237398768789337
-0.088	0.37023218597334806
-0.087	0.3680772857869373
-0.086	0.3659090268955677
-0.08499999999999999	0.36372713937933904
-0.08399999999999999	0.3615313430110105
-0.08299999999999999	0.35932134655997494
-0.082	0.35709684700071526
-0.081	0.35485752859605435
-0.08	0.3526030618070382
-0.079	0.35033310194648565
-0.078	0.34804728741655444
-0.077	0.345745237183346
-0.076	0.3434265465842591
-0.075	0.3410907783612907
-0.074	0.3387374303864894
-0.073	0.3363657883674938
-0.072	0.333976277764808
-0.071	0.33156732999978517
-0.07	0.32913945671311223
-0.069	0.3266921959933188
-0.068	0.32422463005517
-0.067	0.3217355858739561
-0.066	0.3192248694353185
-0.065	0.3166913959732653
-0.064	0.31413502743434735
-0.063	0.311555414591263
-0.062	0.3089511119745415
-0.061	0.3063223228432548
-0.060000000000000005	0.30366653720129533
-0.05900000000000001	0.30098506487589427
-0.05800000000000001	0.29827511092592524
-0.05700000000000001	0.29553459825522915
-0.05600000000000001	0.2927640492499067
-0.05500000000000001	0.2899629767776508
-0.054000000000000006	0.2871277618765576
-0.053000000000000005	0.2842575909385776
-0.052000000000000005	0.2813503625173256
-0.051000000000000004	0.2784070257930184
-0.05	0.2754332202301791
-0.049	0.2724186824276256
-0.04800000000000001	0.26936196322094735
-0.04700000000000001	0.26626242764083574
-0.046000000000000006	0.2631221619761348
-0.045000000000000005	0.2599365427396423
-0.044000000000000004	0.2567070845105578
-0.043000000000000003	0.25342719479133213
-0.04200000000000001	0.25009041255408443
-0.04100000000000001	0.24670459753624227
-0.04000000000000001	0.24326769856797473
-0.03900000000000001	0.23978115910742503
-0.038000000000000006	0.23622471314761193
-0.037	0.23261300442994548
-0.036000000000000004	0.228946426741328
-0.035	0.22522516399235135
-0.034	0.22143917275568334
-0.033	0.2175946846656722
-0.032	0.21369181844492477
-0.031	0.20972821571742387
-0.03	0.20570883628168513
-0.028999999999999998	0.20164332916177774
-0.028	0.19751760444165872
-0.027	0.19333842641711757
-0.026	0.18908823302570038
-0.025	0.18478168748038687
-0.024	0.1804165327858393
-0.023	0.1760060073752326
-0.022	0.17152664506316626
-0.020999999999999998	0.16697965411764173
-0.02	0.1623888828242033
-0.019	0.1577405337937961
-0.018	0.1530516578387005
-0.017	0.14832271067283145
-0.016	0.14357783780199326
-0.015	0.1388230256358273
-0.013999999999999992	0.13404228563315743
-0.012999999999999994	0.1292356794464433
-0.011999999999999993	0.12444624627225455
-0.010999999999999992	0.11967548883367192
-0.009999999999999995	0.11489466708563573
-0.008999999999999994	0.11014944999866282
-0.007999999999999993	0.10542482844912904
-0.006999999999999992	0.10071451953766059
-0.005999999999999993	0.09607355261445716
-0.004999999999999994	0.09147520786371235
-0.003999999999999993	0.08693551710119118
-0.0029999999999999923	0.08245194140656217
-0.001999999999999993	0.0780144604184108
-0.000999999999999994	0.07367074456859081
6.938893903907228e-18	0.06939983753841328
0.001000000000000007	0.06520078514968239
0.002000000000000007	0.06110707388057768
0.003000000000000007	0.057093589507455376
0.004000000000000007	0.053198061130958166
0.005000000000000007	0.04943007288636741
0.006000000000000007	0.04579412816905693
0.007000000000000007	0.04231912740041106
0.008000000000000007	0.03899298223624959
0.009000000000000001	0.03580349368416559
0.009999999999999998	0.03276449987290465
0.011	0.029893552554433243
0.012	0.02718015144591376
0.012999999999999998	0.024644818984482748
0.013999999999999999	0.02228954532830914
0.015	0.02009341822450997
0.016	0.01800154822889028
0.017	0.016066602682861617
0.018	0.01428461122839682
0.019	0.012629394802047847
0.02	0.011118657327739041
0.020999999999999998	0.009772153588268995
0.022	0.008555480357050794
0.023	0.007453012823387267
0.024	0.006475245396278579
0.025	0.00557203370763854
0.026	0.00477499640839601
0.027	0.00408063857439783
0.028	0.0034605283368008477
0.028999999999999998	0.002919233570804205
0.03	0.0024314750491561594
0.031	0.0020057226387233252
0.03200000000000001	0.001654620343993672
0.033	0.0013479633739561807
0.034	0.0010819662575044507
0.035	0.0008585977766838946
0.036000000000000004	0.0006746132189132455
0.037000000000000005	0.0005185225715654345
0.038000000000000006	0.0003858995384723688
0.03900000000000001	0.00027850460633735874
0.04000000000000001	0.00019133253731030335
0.04100000000000001	0.00012991813038670282
0.04200000000000001	0.00008491387311441613
0.04300000000000001	0.00005397118881833072
0.044000000000000004	0.00003195890480407183
0.045000000000000005	0.000014737689869627491
0.046000000000000006	7.0500146851974375e-6
0.04700000000000001	4.277044749511454e-6
0.04800000000000001	1.3374196731014741e-6
0.04900000000000001	1.022207972743362e-7
0.05	0
5.079	0
5.08	1.9702096071127713e-8
5.081	1.0700249734382901e-7
5.082	2.9797948890011504e-7
5.083	5.77472358892067e-7
5.0840000000000005	9.323018985566732e-7
5.085	1.481685719597065e-6
5.086	2.214863715056322e-6
5.087	3.3683843090431885e-6
5.088	5.0976571962374924e-6
5.089	7.414784712310544e-6
5.09	0.000010702193095979309
5.091	0.00001533546773933974
5.0920000000000005	0.000021382447516670307
5.093	0.00002929453432116946
5.094	0.00003909054222571897
5.095	0.000051215604783103206
5.096	0.00006605374563724079
5.097	0.00008384766097282545
5.098	0.00010534507431554105
5.099	0.0001307191138896946
5.1000000000000005	0.00016093010663393507
5.101	0.00019610686072980528
5.102	0.0002366143802975516
5.103	0.0002834776550015751
5.104	0.00033663412862968475
5.105	0.00039514850933522336
5.106	0.00046143820906870164
5.107	0.000534705979059113
5.1080000000000005	0.0006162080660904964
5.109	0.0007061789551201558
5.11	0.0008044195070328669
5.111	0.0009106497975693473
5.112	0.0010256972072647957
5.113	0.001149445484573179
5.114	0.0012820945281777857
5.115	0.0014240053034949049
5.116	0.0015732027207654244
5.117	0.0017287544407645992
5.118	0.0018906625922105807
5.119	0.0020580217099775023
5.12	0.0022286547774379994
5.121	0.0024040603392327334
5.122	0.0025838495279063827
5.123	0.0027676135487575033
5.124	0.002955215774870986
5.125	0.003145264663792562
5.126	0.003337287419681775
5.127	0.003530425433310071
5.128	0.0037238747480856935
5.1290000000000004	0.003918166721056863
5.13	0.004113948906688904
5.131	0.004309448286726597
5.132	0.0045044789992176445
5.133	0.004698061365998427
5.134	0.004889868569037174
5.135	0.005080274039625667
5.136	0.005268840494159743
5.1370000000000005	0.005454525455322986
5.138	0.005637955710191907
5.139	0.005818288870299874
5.14	0.005995649233786072
5.141	0.006169625426668075
5.142	0.006340915993653101
5.143	0.006508996184320541
5.144	0.006673941110444314
5.1450000000000005	0.00683569819543043
5.146	0.006994843972131211
5.147	0.007151029857937654
5.148	0.00730420200339887
5.149	0.007454395245558182
5.15	0.007601733819612464
5.151	0.007746184284635744
5.152	0.007887530669373472
5.1530000000000005	0.00802605877962767
5.154	0.008161974013559366
5.155	0.008295412882440064
5.156	0.008426432103719217
5.157	0.008555218314512737
5.158	0.008681515555885071
5.159	0.00880558019495963
5.16	0.008927464901396785
5.1610000000000005	0.009047426561095738
5.162	0.009165597368190823
5.163	0.009281935420005353
5.164	0.009396590020072383
5.165	0.009509553337154655
5.166	0.009621017423305544
5.167	0.009730891661401586
5.168	0.009839399272045682
5.1690000000000005	0.009946540539861541
5.17	0.01005236749487804
5.171	0.010156902086783505
5.172	0.010260268095019927
5.173	0.010362468866518895
5.174	0.010463563833194741
5.175	0.01056359380974739
5.176	0.010662620299205233
5.1770000000000005	0.010760678718942594
5.178	0.010857817032066557
5.179	0.010954017536062906
5.18	0.01104930269724078
5.181	0.011143695600653437
5.182	0.011237237546079854
5.183	0.011329944450232013
5.184	0.011421845534756154
5.1850000000000005	0.011512964624997499
5.186	0.011603323671134763
5.187	0.011692943258965414
5.188	0.011781842839310738
5.189	0.011870040869329506
5.19	0.011957554913985822
5.191	0.012044401725419096
5.192	0.012130597308313796
5.1930000000000005	0.012216156975555677
5.194	0.01230109539666944
5.195	0.012385426640643658
5.196	0.012469164214221173
5.197	0.012552321096427423
5.198	0.012634909769919577
5.199	0.012716942249595714
5.2	0.012798430108823892
5.2010000000000005	0.012879384503574846
5.202	0.012959816194694653
5.203	0.013039735568522313
5.204	0.013119152656015801
5.205	0.013198077150537548
5.206	0.013276518424421173
5.207	0.01335448554443508
5.208	0.013431987286237198
5.2090000000000005	0.013509032147907286
5.21	0.013585628362633813
5.211	0.013661783910625287
5.212	0.013737506530304108
5.213	0.013812803728843082
5.214	0.013887682792087172
5.215	0.01396215079391476
5.216	0.014036214605070147
5.2170000000000005	0.014109880901513787
5.218	0.014183156172314323
5.219	0.014256046727124556
5.22	0.014328558703255443
5.221	0.01440069807239301
5.222	0.014472470646963853
5.223	0.014543882086181925
5.224	0.014614937901795832
5.2250000000000005	0.01468564346355009
5.226	0.014756004004384775
5.227	0.014826024625385122
5.228	0.014895710300495494
5.229	0.014965065881017087
5.23	0.015034096099891994
5.231	0.015102805575798291
5.232	0.01517119881705667
5.2330000000000005	0.015239280225362835
5.234	0.015307054099358224
5.235	0.015374524638042595
5.236	0.015441695944040056
5.237	0.015508572026726472
5.238	0.015575156805224826
5.239	0.015641454111275266
5.24	0.015707467691987234
5.2410000000000005	0.01577320121247627
5.242	0.01583865825840008
5.243	0.015903842338385966
5.244	0.015968756886366516
5.245	0.016033405263822735
5.246	0.01609779076193848
5.247	0.016161916603672426
5.248	0.016225785945752334
5.2490000000000006	0.01628940188059261
5.25	0.016352767438137825
5.251	0.0164158855876431
5.252	0.01647875923938382
5.253	0.016541391246306054
5.2540000000000004	0.016603784405614424
5.255	0.016665941460305946
5.256	0.01672786510065011
5.257	0.01678955796560952
5.258	0.016851022644222443
5.259	0.01691226167692568
5.26	0.016973277556841384
5.261	0.017034072731013043
5.2620000000000005	0.01709464960160582
5.263	0.017155010527059547
5.264	0.017215157823210498
5.265000000000001	0.01727509376437181
5.266	0.017334820584378418
5.267	0.01739434047760102
5.268	0.017453655599923276
5.269	0.01751276806969171
5.2700000000000005	0.017571679968632917
5.271	0.017630393342741118
5.272	0.01768891020314288
5.273	0.017747232526926844
5.274	0.01780536225795469
5.275	0.017863301307646903
5.276	0.01792105155573758
5.277	0.017978614851016615
5.2780000000000005	0.01803599301204163
5.279	0.018093187827832327
5.28	0.018150201058543612
5.281	0.018207034436119252
5.282	0.018263689664925992
5.283	0.01832016842236864
5.284	0.018376472359489828
5.285	0.01843260310154908
5.2860000000000005	0.018488562248590117
5.287	0.018544351375986184
5.288	0.018599972034976923
5.289	0.018655425753182783
5.29	0.01871071403511296
5.291	0.018765838362653442
5.292	0.01882080019554423
5.293	0.01887560097184391
5.2940000000000005	0.01893024210837846
5.295	0.01898472500118599
5.296	0.019039051025938232
5.297	0.01909322153836102
5.298	0.019147237874635924
5.299	0.01920110135180021
5.3	0.019254813268125844
5.301	0.01930837490349801
5.3020000000000005	0.01936178751977669
5.303	0.01941505236115499
5.304	0.019468170654504825
5.305	0.019521143609714194
5.306	0.01957397242001601
5.307	0.019626658262312517
5.308	0.019679202297482847
5.309	0.019731605670693975
5.3100000000000005	0.019783869511695435
5.311	0.01983599493511048
5.312	0.01988798304072036
5.313	0.01993983491374091
5.314	0.019991551625092245
5.315	0.020043134231662933
5.316	0.020094583776567775
5.317	0.02014590128939726
5.3180000000000005	0.020197087786465815
5.319	0.020248144271049644
5.32	0.02029907173362126
5.321	0.020349871152078165
5.322	0.02040054349196735
5.323	0.020451089706702348
5.324	0.02050151073777712
5.325	0.020551807514975443
5.3260000000000005	0.020601980956573087
5.327	0.020652031969539422
5.328	0.020701961449730116
5.329	0.02075177028207928
5.33	0.02080145934078518
5.331	0.02085102948949214
5.332	0.020900481581470506
5.333	0.020949816459788804
5.334	0.02099903495748612
5.335	0.021048137897738732
5.336	0.02109712609402231
5.337	0.021146000350274283
5.338	0.021194761461048605
5.339	0.021243410211667486
5.34	0.02129194737837654
5.341	0.021340373728487058
5.3420000000000005	0.021388690020520285
5.343	0.02143689700435123
5.344	0.021484995421342336
5.345	0.02153298600448321
5.346	0.021580869478520497
5.347	0.02162864656008639
5.348	0.021676317957828355
5.349	0.021723884372532358
5.3500000000000005	0.021771346497244746
5.351	0.02181870501739208
5.352	0.02186596061089885
5.353	0.021913113948300793
5.354	0.021960165692860117
5.355	0.022007116500672365
5.356	0.022053967020779334
5.357	0.02210071789526986
5.3580000000000005	0.022147369759389142
5.359	0.022193923241636423
5.36	0.02224037896386905
5.361	0.022286737541397917
5.362	0.022332999583083508
5.363	0.022379165691433892
5.364	0.0224252364626939
5.365	0.022471212486938816
5.3660000000000005	0.022517094348160457
5.367	0.022562882624359154
5.368	0.022608577887625807
5.369	0.022654180704228102
5.37	0.02269969163469467
5.371	0.02274511123389367
5.372	0.022790440051115832
5.373	0.02283567863014914
5.3740000000000006	0.022880827509360848
5.375	0.02292588722176738
5.376	0.022970858295113573
5.377	0.023015741251942657
5.378	0.023060536609668933
5.3790000000000004	0.023105244880649394
5.38	0.023149866572249895
5.381	0.023194402186915906
5.382	0.02323885222223878
5.383	0.023283217171019974
5.384	0.023327497521336265
5.385	0.023371693756603442
5.386	0.02341580635563895
5.3870000000000005	0.023459835792720662
5.388	0.023503782537652153
5.389	0.023547647055814767
5.390000000000001	0.023591429808231725
5.391	0.02363513125162202
5.392	0.023678751838457957
5.393	0.023722292017020915
5.394	0.023765752231452185
5.3950000000000005	0.023809132921812085
5.396	0.02385243452412601
5.397	0.023895657470442658
5.398	0.02393880218887877
5.399	0.02398186910367362
5.4	0.02402485863523612
5.401	0.024067771200193107
5.402	0.02411060721143863
5.4030000000000005	0.024153367078176478
5.404	0.024196051205971833
5.405	0.024238659996793154
5.406000000000001	0.02428119384905746
5.407	0.024323653157675276
5.408	0.024366038314090066
5.409	0.02440834970632642
5.41	0.02445058771902783
5.4110000000000005	0.024492752733498317
5.412	0.024534845127744086
5.413	0.024576865276513916
5.414	0.02461881355133678
5.415	0.02466069032055983
5.416	0.024702495949389506
5.417	0.02474423079992722
5.418	0.02478589523120589
5.4190000000000005	0.02482748959922757
5.42	0.024869014256996922
5.421	0.024910469554559805
5.422000000000001	0.024951855839034243
5.423	0.024993173454649215
5.424	0.0250344227427726
5.425	0.025075604041950517
5.426	0.02511671768793499
5.4270000000000005	0.025157764013717443
5.428	0.025198743349563853
5.429	0.025239656023041783
5.43	0.025280502359051455
5.431	0.025321282679858493
5.432	0.02536199730512338
5.433	0.025402646551928844
5.434	0.025443230734809377
5.4350000000000005	0.02548375016578407
5.436	0.025524205154376724
5.437	0.0255645960076527
5.438000000000001	0.02560492303024016
5.439	0.025645186524356916
5.44	0.025685386789842862
5.441	0.025725524124180135
5.442	0.025765598822519876
5.4430000000000005	0.025805611177713066
5.444	0.025845561480327593
5.445	0.025885450018679472
5.446	0.025925277078854104
5.447	0.02596504294473102
5.448	0.0260047478980103
5.449	0.026044392218230464
5.45	0.026083976182795593
5.4510000000000005	0.02612350006699861
5.452	0.026162964144041078
5.453	0.02620236868505691
5.454000000000001	0.026241713959135132
5.455	0.026281000233339444
5.456	0.026320227772730957
5.457	0.026359396840388002
5.458	0.02639850769742721
5.459	0.026437560603028168
5.46	0.026476555814444292
5.461	0.026515493587031563
5.462	0.02655437417426431
5.463	0.026593197827754458
5.464	0.02663196479727137
5.465	0.02667067533076168
5.466	0.026709329674364582
5.4670000000000005	0.026747928072435305
5.468	0.026786470767557965
5.469	0.02682495800056747
5.47	0.02686339001056451
5.471	0.026901767034934836
5.472	0.026940089309366342
5.473	0.026978357067863525
5.474	0.027016570542767734
5.475	0.027054729964771776
5.476	0.02709283556293725
5.477	0.027130887564708543
5.478	0.027168886195931944
5.479	0.027206831680869285
5.48	0.02724472424221315
5.481	0.02728256410110392
5.482	0.027320351477144213
5.4830000000000005	0.02735808658841183
5.484	0.027395769651479333
5.485	0.027433400881423185
5.486	0.027470980491840706
5.487	0.027508508694864955
5.488	0.027545985701179058
5.489	0.0275834117200266
5.49	0.027620786959228923
5.491	0.0276581116251981
5.492	0.027695385922949192
5.493	0.027732610056113282
5.494	0.02776978422695209
5.495	0.02780690863637017
5.496	0.02784398348392705
5.497	0.027881008967849463
5.498	0.02791798528504544
5.4990000000000006	0.027954912631116696
5.5	0.027991791200366854
5.501	0.028028621185820144
5.502	0.02806540277922614
5.503	0.028102136171076125
5.5040000000000004	0.028138821550613792
5.505	0.02817545910584538
5.506	0.028212049023551254
5.507	0.028248591489299767
5.508	0.02828508668745438
5.509	0.028321534801186522
5.51	0.028357936012486862
5.511	0.028394290502173895
5.5120000000000005	0.02843059844990806
5.513	0.028466860034197572
5.514	0.028503075432412577
5.515000000000001	0.028539244820793445
5.516	0.028575368374461316
5.517	0.028611446267427308
5.518	0.02864747867260386
5.519	0.028683465761813326
5.5200000000000005	0.028719407705796476
5.521	0.02875530467422575
5.522	0.028791156835710784
5.523	0.028826964357808602
5.524	0.028862727407033852
5.525	0.028898446148868412
5.526	0.028934120747767744
5.527	0.02896975136717221
5.5280000000000005	0.029005338169514373
5.529	0.029040881316228822
5.53	0.029076380967760034
5.531000000000001	0.029111837283570172
5.532	0.02914725042215025
5.533	0.029182620541024596
5.534	0.029217947796762022
5.535	0.029253232344982186
5.5360000000000005	0.0292884743403659
5.537	0.029323673936658804
5.538	0.029358831286685042
5.539	0.029393946542349694
5.54	0.029429019854649147
5.541	0.02946405137367918
5.542	0.02949904124864106
5.543	0.02953398962784955
5.5440000000000005	0.029568896658738707
5.545	0.02960376248787339
5.546	0.02963858726095125
5.547000000000001	0.02967337112281505
5.548	0.029708114217453643
5.549	0.02974281668801618
5.55	0.0297774786768129
5.551	0.02981210032532343
5.5520000000000005	0.029846681774206178
5.553	0.029881223163303303
5.554	0.029915724631645824
5.555	0.029950186317463528
5.556	0.029984608358186237
5.557	0.03001899089045766
5.558	0.030053334050134776
5.559	0.03008763797229975
5.5600000000000005	0.030121902791258686
5.561	0.03015612864055656
5.562	0.03019031565297884
5.563000000000001	0.03022446396055631
5.564	0.03025857369457209
5.565	0.030292644985571857
5.566	0.03032667796336223
5.567	0.03036067275702104
5.5680000000000005	0.03039462949490381
5.569	0.030428548304646016
5.57	0.030462429313171432
5.571	0.030496272646697978
5.572	0.03053007843074023
5.573	0.030563846790116863
5.574	0.030597577848957436
5.575	0.030631271730705355
5.5760000000000005	0.030664928558124367
5.577	0.03069854845330238
5.578	0.03073213153765913
5.579000000000001	0.030765677931949675
5.58	0.030799187756267846
5.581	0.030832661130056498
5.582	0.030866098172106015
5.583	0.030899499000565423
5.5840000000000005	0.030932863732940904
5.585	0.03096619248610686
5.586	0.030999485376304623
5.587	0.03103274251915571
5.588	0.03106596402965399
5.589	0.031099150022183768
5.59	0.031132300610516802
5.591	0.031165415907814374
5.5920000000000005	0.031198496026640626
5.593	0.031231541078960035
5.594	0.03126455117614382
5.595000000000001	0.031297526428974085
5.596	0.03133046694764982
5.597	0.03136337284178898
5.598	0.03139624422043321
5.599	0.03142908119205377
5.6000000000000005	0.03146188386455432
5.601	0.031494652345274154
5.602	0.03152738674099393
5.603	0.03156008715794069
5.604	0.03159275370178741
5.605	0.031625386477663706
5.606	0.03165798559015258
5.607	0.03169055114330056
5.6080000000000005	0.0317230832406172
5.609	0.031755581985081605
5.61	0.031788047479144266
5.611000000000001	0.03182047982473286
5.612	0.031852879123255795
5.613	0.0318852454756012
5.614	0.03191757898214954
5.615	0.031949879742769034
5.6160000000000005	0.031982147856823503
5.617	0.03201438342317378
5.618	0.03204658654018443
5.619	0.03207875730572342
5.62	0.03211089581716867
5.621	0.032143002171408655
5.622	0.032175076464848434
5.623	0.03220711879341188
5.6240000000000006	0.03223912925254613
5.625	0.03227110793722138
5.626	0.03230305494193876
5.627	0.03233497036073278
5.628	0.03236685428716784
5.6290000000000004	0.03239870681435419
5.63	0.03243052803493868
5.631	0.03246231804111516
5.632	0.03249407692462606
5.633	0.032525804776762285
5.634	0.03255750168837243
5.635	0.032589167749860606
5.636	0.03262080305119059
5.6370000000000005	0.032652407681891454
5.638	0.03268398173105635
5.639	0.03271552528734975
5.640000000000001	0.032747038439005755
5.641	0.032778521273835265
5.642	0.03280997387922689
5.643	0.03284139634214975
5.644	0.032872788749155495
5.6450000000000005	0.032904151186384366
5.646	0.03293548373956284
5.647	0.03296678649401114
5.648	0.03299805953464351
5.649	0.033029302945971076
5.65	0.033060516812106235
5.651	0.03309170121676034
5.652	0.033122856243255325
5.6530000000000005	0.03315398197451527
5.654	0.03318507849307872
5.655	0.033216145881096254
5.656000000000001	0.03324718422033298
5.657	0.03327819359217113
5.658	0.03330917407761519
5.659	0.03334012575729265
5.66	0.03337104871145483
5.6610000000000005	0.03340194301998227
5.662	0.0334328087623857
5.663	0.03346364601780598
5.664	0.033494454865023615
5.665	0.03352523538245252
5.666	0.03355598764814776
5.667	0.0335867117398059
5.668	0.03361740773476865
5.6690000000000005	0.03364807571002322
5.67	0.033678715742207495
5.671	0.033709327907607785
5.672000000000001	0.033739912282166475
5.673	0.033770468941478615
5.674	0.03380099796080038
5.675	0.033831499415044
5.676	0.033861973378786506
5.6770000000000005	0.03389241992626787
5.678	0.03392283913139465
5.679	0.03395323106774124
5.68	0.03398359580855271
5.681	0.03401393342674796
5.682	0.03404424399491887
5.683	0.034074527585333886
5.684	0.03410478426994017
5.6850000000000005	0.03413501412036628
5.686	0.034165217207922795
5.687	0.034195393603604664
5.688000000000001	0.03422554337809395
5.689	0.03425566660176
5.69	0.03428576334466334
5.691	0.03431583367655809
5.692	0.034345877666888486
5.6930000000000005	0.034375895384798946
5.694	0.03440588689912974
5.695	0.034435852278421684
5.696	0.03446579159091658
5.697	0.03449570490455921
5.698	0.03452559228700083
5.699	0.03455545380559798
5.7	0.03458528952741776
5.7010000000000005	0.03461509951923644
5.702	0.034644883847542544
5.703	0.034674642578540533
5.704000000000001	0.034704375778147355
5.705	0.03473408351200003
5.706	0.034763765845452925
5.707	0.03479342284358306
5.708	0.03482305457118804
5.7090000000000005	0.03485266109279078
5.71	0.03488224247263887
5.711	0.03491179877470797
5.712	0.034941330062704466
5.713	0.03497083640006083
5.714	0.03500031784994578
5.715	0.03502977447526057
5.716	0.03505920633864216
5.7170000000000005	0.03508861350246332
5.718	0.03511799602883603
5.719	0.03514735397961251
5.720000000000001	0.03517668741638548
5.721	0.035205996400492226
5.722	0.03523528099301328
5.723	0.03526454125477504
5.724	0.035293777246352256
5.7250000000000005	0.035322989028068214
5.726	0.03535217665999693
5.727	0.03538134020196351
5.728	0.03541047971354692
5.729	0.03543959525408116
5.73	0.035468686882654976
5.731	0.03549775465811703
5.732	0.03552679863907217
5.7330000000000005	0.03555581888388741
5.734	0.03558481545069038
5.735	0.03561378839737193
5.736	0.035642737781587254
5.737	0.03567166366075869
5.738	0.035700566092073824
5.739	0.0357294451324895
5.74	0.03575830083873216
5.741	0.03578713326729678
5.742	0.0358159424744552
5.743	0.0358447285162498
5.744	0.03587349144849881
5.745	0.03590223132679505
5.746	0.03593094820651104
5.747	0.03595964214279579
5.748	0.0359883131905798
5.7490000000000006	0.03601696140457397
5.75	0.03604558683927033
5.751	0.0360741895489456
5.752	0.036102769587662585
5.753	0.03613132700926689
5.7540000000000004	0.036159861867393
5.755	0.036188374215465
5.756	0.036216864106691844
5.757	0.03624533159407922
5.758	0.0362737767304196
5.759	0.036302199568300456
5.76	0.03633060016010296
5.761	0.036358978558004455
5.7620000000000005	0.036387334813976505
5.763	0.03641566897978979
5.764	0.03644398110701048
5.765000000000001	0.03647227124700898
5.766	0.03650053945095468
5.767	0.03652878576981592
5.768	0.03655701025436686
5.769	0.036585212955185235
5.7700000000000005	0.0366133939226528
5.771	0.036641553206957334
5.772	0.036669690858094336
5.773	0.03669780692586756
5.774	0.036725901459888265
5.775	0.036753974509579714
5.776	0.036782026124176796
5.777	0.03681005635272328
5.7780000000000005	0.03683806524407956
5.779	0.03686605284691895
5.78	0.0368940192097285
5.781000000000001	0.036921964380814215
5.782	0.0369498884082969
5.783	0.03697779134011653
5.784	0.03700567322403275
5.785	0.037033534107620975
5.7860000000000005	0.037061374038285494
5.787	0.03708919306324414
5.788	0.03711699122954326
5.789	0.037144768584050025
5.79	0.03717252517345731
5.791	0.03720026104428454
5.792	0.037227976242875875
5.793	0.03725567081540349
5.7940000000000005	0.037283344807868
5.795	0.037310998266099474
5.796	0.03733863123575846
5.797000000000001	0.03736624376233351
5.798	0.037393835891150584
5.799	0.037421407667362405
5.8	0.03744895913595955
5.801	0.037476490341764326
5.8020000000000005	0.03750400132943581
5.803	0.03753149214346997
5.804	0.03755896282819734
5.805	0.037586413427787485
5.806	0.037613843986249805
5.807	0.037641254547430496
5.808	0.0376686451550187
5.809	0.0376960158525437
5.8100000000000005	0.037723366683375135
5.811	0.0377506976907281
5.812	0.037778008917658965
5.813000000000001	0.0378053004070705
5.814	0.037832572201707264
5.815	0.03785982434416369
5.816	0.03788705687687819
5.817	0.037914269842136576
5.8180000000000005	0.03794146328207466
5.819	0.03796863723867457
5.82	0.03799579175377165
5.821	0.038022926869048485
5.822	0.038050042626039976
5.823	0.03807713906613451
5.824	0.038104216230569574
5.825	0.03813127416043941
5.8260000000000005	0.03815831289669158
5.827	0.038185332480128065
5.828	0.038212332951405456
5.829000000000001	0.03823931435103904
5.83	0.03826627671939869
5.831	0.038293220096714035
5.832	0.03832014452307112
5.833	0.038347050038417096
5.8340000000000005	0.038373936682559125
5.835	0.038400804495161235
5.836	0.0384276535157526
5.837	0.03845448378372285
5.838	0.03848129533832442
5.839	0.038508088218671514
5.84	0.0385348624637436
5.841	0.038561618112384545
5.8420000000000005	0.038588355203304586
5.843	0.038615073775077474
5.844	0.03864177386614303
5.845000000000001	0.038668455514812086
5.846	0.03869511875926076
5.847	0.03872176363753208
5.848	0.03874839018754041
5.849	0.03877499844707016
5.8500000000000005	0.038801588453773364
5.851	0.038828160245176935
5.852	0.03885471385867423
5.853	0.03888124933153631
5.854	0.03890776670090313
5.855	0.03893426600378894
5.856	0.03896074727708308
5.857	0.03898721055754837
5.8580000000000005	0.03901365588182339
5.859	0.039040083286421536
5.86	0.03906649280773434
5.861000000000001	0.039092884482028765
5.862	0.0391192583454495
5.863	0.039145614434021106
5.864	0.039171952783644166
5.865	0.03919827343009935
5.8660000000000005	0.03922457640904806
5.867	0.03925086175603236
5.868	0.03927712950647362
5.869	0.03930337969567612
5.87	0.03932961235882574
5.871	0.03935582753099099
5.872	0.03938202524712308
5.873	0.03940820554205726
5.8740000000000006	0.03943436845051432
5.875	0.03946051400709769
5.876	0.039486642246297374
5.877	0.039512753202488295
5.878	0.03953884690993435
5.8790000000000004	0.039564923402782316
5.88	0.03959098271506968
5.881	0.039617024880719054
5.882	0.03964304993354554
5.883	0.039669057907250435
5.884	0.03969504883542443
5.885	0.03972102275154817
5.886	0.03974697968899422
5.8870000000000005	0.03977291968102499
5.888	0.03979884276079386
5.889	0.03982474896134904
5.890000000000001	0.039850638315628045
5.891	0.0398765108564622
5.892	0.03990236661657835
5.893	0.03992820562859268
5.894	0.039954027925021444
5.8950000000000005	0.03997983353827171
5.896	0.0400056225006471
5.897	0.040031394844348596
5.898	0.04005715060147119
5.899	0.04008288980400781
5.9	0.04010861248384861
5.901	0.040134318672780334
5.902	0.0401600084024906
5.9030000000000005	0.040185681704563145
5.904	0.04021133861048186
5.905	0.04023697915162996
5.906000000000001	0.04026260335928863
5.907	0.04028821126464469
5.908	0.04031380289878007
5.909	0.04033937829268166
5.91	0.04036493747723791
5.9110000000000005	0.040390480483235416
5.912	0.04041600734136986
5.913	0.040441518082235256
5.914	0.04046701273632989
5.915	0.04049249133405653
5.916	0.04051795390572357
5.917	0.04054340048154238
5.918	0.04056883109162873
5.9190000000000005	0.04059424576600668
5.92	0.04061964453460357
5.921	0.040645027427255606
5.922000000000001	0.040670394473704
5.923	0.040695745703597956
5.924	0.04072108114649358
5.925	0.04074640083185577
5.926	0.040771704789058005
5.9270000000000005	0.04079699304738261
5.928	0.040822265636020386
5.929	0.04084752258407194
5.93	0.04087276392054774
5.931	0.04089798967436973
5.932	0.04092319987437019
5.933	0.04094839454929114
5.934	0.04097357372778869
5.9350000000000005	0.04099873743842784
5.936	0.04102388570968958
5.937	0.041049018569964214
5.938000000000001	0.041074136047557046
5.939	0.04109923817068488
5.94	0.04112432496748362
5.941	0.04114939646599522
5.942	0.041174452694182115
5.9430000000000005	0.041199493679920346
5.944	0.04122451945099972
5.945	0.04124953003512768
5.946	0.041274525459926
5.947	0.04129950575293422
5.948	0.04132447094160865
5.949	0.04134942105331945
5.95	0.041374356115358175
5.9510000000000005	0.0413992761549338
5.952	0.04142418119916921
5.953	0.041449071275112444
5.954000000000001	0.04147394640972396
5.955	0.04149880662988506
5.956	0.04152365196240059
5.957	0.04154848243399054
5.958	0.041573298071296054
5.9590000000000005	0.041598098900878906
5.96	0.04162288494922398
5.961	0.04164765624273331
5.962	0.0416724128077334
5.963	0.041697154670470665
5.964	0.04172188185711623
5.965	0.041746594393759315
5.966	0.041771292306417664
5.9670000000000005	0.041795975621027076
5.968	0.0418206443634478
5.969	0.0418452985594677
5.970000000000001	0.04186993823479151
5.971	0.04189456341505516
5.972	0.04191917412581649
5.973	0.04194377039255854
5.974	0.04196835224068674
5.9750000000000005	0.041992919695537
5.976	0.04201747278236884
5.977	0.04204201152636714
5.978	0.042066535952644
5.979	0.042091046086239835
5.98	0.042115541952118425
5.981	0.042140023575175
5.982	0.04216449098022992
5.9830000000000005	0.04218894419203307
5.984	0.0422133832352606
5.985	0.04223780813451891
5.986	0.04226221891434359
5.987	0.04228661559919802
5.988	0.042310998213474414
5.989	0.042335366781497526
5.99	0.042359721327519605
5.991	0.04238406187572423
5.992	0.04240838845022356
5.993	0.04243270107506549
5.994	0.04245699977422301
5.995	0.042481284571604
5.996	0.042505555491047384
5.997	0.04252981255632425
5.998	0.04255405579113648
5.9990000000000006	0.042578285219121347
6.	0.04260250086384601
6.001	0.04262670274881003
6.002	0.04265089089745073
6.003	0.042675065333134504
6.0040000000000004	0.04269922607916339
6.005	0.04272337315877259
6.006	0.0427475065951325
6.007	0.04277162641134954
6.008	0.04279573263046174
6.009	0.042819825275442994
6.01	0.04284390436920479
6.011	0.0428679699345926
6.0120000000000005	0.04289202199438828
6.013	0.04291606057130838
6.014	0.04294008568800799
6.015000000000001	0.04296409736707868
6.016	0.04298809563104422
6.017	0.04301208050237234
6.018	0.04303605200346641
6.019	0.04306001015666201
6.0200000000000005	0.04308395498423854
6.021	0.04310788650841277
6.022	0.04313180475133626
6.023	0.04315570973510246
6.024	0.043179601481742734
6.025	0.04320348001322739
6.026	0.043227345351465385
6.027	0.04325119751830757
6.0280000000000005	0.0432750365355399
6.029	0.04329886242489317
6.03	0.04332267520803566
6.031000000000001	0.04334647490657743
6.032	0.04337026154206794
6.033	0.043394035135998266
6.034	0.0434177957097995
6.035	0.0434415432848485
6.0360000000000005	0.04346527788245625
6.037	0.04348899952388378
6.038	0.04351270823032458
6.039	0.04353640402292463
6.04	0.04356008692276524
6.041	0.04358375695087309
6.042	0.043607414128217344
6.043	0.04363105847571006
6.0440000000000005	0.043654690014208394
6.045	0.04367830876450876
6.046	0.04370191474735509
6.047000000000001	0.043725507983434865
6.048	0.0437490884933798
6.049	0.04377265629776339
6.05	0.04379621141710711
6.051	0.04381975387187537
6.0520000000000005	0.04384328368247879
6.053	0.043866800869270604
6.054	0.04389030545255335
6.055	0.043913797452572845
6.056	0.0439372768895203
6.057	0.043960743783534255
6.058	0.04398419815469913
6.059	0.044007640023045455
6.0600000000000005	0.044031069408551476
6.061	0.044054486331139966
6.062	0.044077890810683314
6.063	0.04410128286700007
6.064	0.04412466251985417
6.065	0.0441480297889623
6.066	0.04417138469398417
6.067	0.044194727254531115
6.068	0.044218057490157614
6.069	0.04424137542037182
6.07	0.04426468106462782
6.071	0.04428797444232982
6.072	0.04431125557282869
6.073	0.04433452447542751
6.074	0.04435778116937645
6.075	0.04438102567387623
6.0760000000000005	0.04440425800807578
6.077	0.04442747819107817
6.078	0.04445068624193022
6.079000000000001	0.044473882179633904
6.08	0.044497066023139964
6.081	0.044520237791349004
6.082	0.04454339750311489
6.083	0.044566545177240666
6.0840000000000005	0.044589680832478835
6.085	0.044612804487536746
6.086	0.04463591616107138
6.087	0.044659015871692465
6.088	0.044682103637961205
6.089	0.044705179478386904
6.09	0.04472824341144033
6.091	0.04475129545553348
6.0920000000000005	0.04477433562903855
6.093	0.04479736395028029
6.094	0.04482038043753223
6.095000000000001	0.04484338510902394
6.096	0.04486637798293682
6.097	0.04488935907740662
6.098	0.04491232841052273
6.099	0.044935286000328034
6.1000000000000005	0.04495823186481715
6.101	0.0449811660219438
6.102	0.04500408848961193
6.103	0.045026999285680096
6.104	0.04504989842796204
6.105	0.04507278593422723
6.106	0.045095661822199755
6.107	0.04511852610955688
6.1080000000000005	0.045141378813932244
6.109	0.04516421995291644
6.11	0.04518704954405275
6.111	0.045209867604842406
6.112	0.04523267415274156
6.113	0.0452554692051621
6.114	0.045278252779471936
6.115	0.04530102489299572
6.116	0.04532378556301579
6.117	0.04534653480676888
6.118	0.04536927264144868
6.119	0.045391999084207484
6.12	0.04541471415215373
6.121	0.045437417862352183
6.122	0.04546011023182686
6.123	0.04548279127755786
6.1240000000000006	0.04550546101648372
6.125	0.045528119465498985
6.126	0.0455507666414599
6.127	0.045573402561175945
6.128	0.04559602724141941
6.129	0.04561864069891786
6.13	0.04564124295035754
6.131	0.045663834012387335
6.132	0.045686413901609824
6.133	0.045708982634587086
6.134	0.04573154022784534
6.135	0.04575408669786504
6.136	0.04577662206108599
6.1370000000000005	0.04579914633391216
6.138	0.04582165953270248
6.139	0.045844161673777445
6.140000000000001	0.045866652773417095
6.141	0.04588913284786282
6.142	0.04591160191331452
6.143	0.045934059985933515
6.144	0.045956507081841284
6.145	0.04597894321711887
6.146	0.04600136840781073
6.147	0.04602378266992017
6.148	0.0460461860194121
6.149	0.04606857847221195
6.15	0.04609096004420757
6.151	0.046113330751246955
6.152	0.0461356906091416
6.1530000000000005	0.046158039633662225
6.154	0.046180377840542894
6.155	0.04620270524547865
6.156	0.04622502186412949
6.157	0.04624732771211338
6.1579999999999995	0.04626962280501268
6.159	0.0462919071583722
6.16	0.04631418078770081
6.161	0.04633644370846758
6.162	0.04635869593610458
6.163	0.04638093748600869
6.164	0.04640316837353808
6.165	0.0464253886140152
6.166	0.04644759822272726
6.167	0.0464697972149196
6.168	0.04649198560580743
6.1690000000000005	0.04651416341056712
6.17	0.046536330644336724
6.171	0.04655848732222212
6.172000000000001	0.04658063345928994
6.173	0.046602769070573175
6.174	0.04662489417106829
6.175	0.04664700877573589
6.176	0.04666911289950222
6.177	0.046691206557256906
6.178	0.046713289763853
6.179	0.04673536253411342
6.18	0.04675742488281963
6.181	0.04677947682472627
6.182	0.04680151837454419
6.183	0.04682354954695531
6.184	0.04684557035660518
6.1850000000000005	0.04686758081810682
6.186	0.04688958094603506
6.187	0.04691157075493518
6.188000000000001	0.04693355025931328
6.189	0.0469555194736477
6.19	0.046977478412377205
6.191	0.046999427089909826
6.192	0.047021365520618814
6.193	0.04704329371884624
6.194	0.04706521169889556
6.195	0.04708711947504363
6.196	0.04710901706152837
6.197	0.047130904472557314
6.198	0.047152781722304866
6.199	0.04717464882491301
6.2	0.0471965057944876
6.2010000000000005	0.047218352645108805
6.202	0.047240189390816666
6.203	0.047262016045622454
6.204	0.04728383262350448
6.205	0.04730563913840916
6.2059999999999995	0.04732743560425261
6.207	0.047349222034913686
6.208	0.047370998444244236
6.209	0.0473927648460608
6.21	0.04741452125415165
6.211	0.04743626768227141
6.212	0.04745800414414315
6.213	0.04747973065345841
6.214	0.04750144722387812
6.215	0.04752315386903182
6.216	0.04754485060251688
6.217	0.04756653743790251
6.218	0.04758821438872292
6.218999999999999	0.047609881468484376
6.22	0.04763153869066181
6.221	0.047653186068699116
6.2219999999999995	0.04767482361600885
6.223	0.04769645134597559
6.224	0.047718069271952795
6.225	0.04773967740726062
6.226	0.04776127576519142
6.227	0.04778286435901217
6.228	0.04780444320194871
6.229	0.04782601230720709
6.23	0.04784757168796104
6.231	0.047869121357350455
6.232	0.04789066132849096
6.233	0.04791219161446555
6.234	0.04793371222833127
6.234999999999999	0.04795522318310895
6.236	0.04797672449179854
6.237	0.04799821616736528
6.2379999999999995	0.04801969822274771
6.239	0.048041170670853374
6.24	0.04806263352456518
6.241	0.048084086796730846
6.242	0.04810553050017618
6.243	0.04812696464769341
6.244	0.04814838925205048
6.245	0.04816980432598272
6.246	0.04819120988219825
6.247	0.048212605933377756
6.248	0.04823399249217702
6.2490000000000006	0.048255369571216594
6.25	0.04827673718309655
6.251	0.04829809534038442
6.252	0.04831944405561887
6.253	0.04834078334131474
6.254	0.04836211320995764
6.255	0.048383433674006014
6.256	0.048404744745888954
6.257	0.048426046438011204
6.258	0.04844733876274933
6.259	0.048468621732449424
6.26	0.04848989535943429
6.261	0.04851115965599964
6.2620000000000005	0.04853241463441141
6.263	0.04855366030691272
6.264	0.048574896685714776
6.265	0.04859612378300568
6.266	0.048617341610948064
6.2669999999999995	0.04863855018167434
6.268	0.04865974950729252
6.269	0.048680939599883434
6.27	0.04870212047150188
6.271	0.048723292134178295
6.272	0.04874445459991381
6.273	0.04876560788068753
6.274	0.048786751988446654
6.275	0.04880788693511815
6.276	0.04882901273259995
6.277	0.04885012939276651
6.2780000000000005	0.04887123692746434
6.279	0.048892335348515774
6.28	0.04891342466771628
6.281	0.04893450489683864
6.282	0.048955576047628006
6.2829999999999995	0.04897663813180256
6.284	0.04899769116105999
6.285	0.04901873514706968
6.286	0.04903977010147687
6.287	0.04906079603590133
6.288	0.04908181296193946
6.289	0.04910282089115809
6.29	0.049123819835106754
6.291	0.049144809805303176
6.292	0.049165790813246305
6.293	0.049186762870405895
6.2940000000000005	0.04920772598823169
6.295	0.04922868017814306
6.296	0.049249625451541934
6.297000000000001	0.049270561819799864
6.298	0.049291489294268645
6.299	0.04931240788627568
6.3	0.04933331760712062
6.301	0.04935421846808367
6.302	0.04937511048041679
6.303	0.049395993655351564
6.304	0.04941686800409473
6.305	0.04943773353783101
6.306	0.04945859026771685
6.307	0.049479438204890404
6.308	0.04950027736046365
6.309	0.049521107745524276
6.3100000000000005	0.049541929371139416
6.311	0.04956274224835031
6.312	0.049583546388178995
6.313	0.04960434180161859
6.314	0.04962512849964421
6.3149999999999995	0.049645906493205376
6.316	0.049666675793228254
6.317	0.049687436410618804
6.318	0.049708188356258974
6.319	0.04972893164100709
6.32	0.04974966627569724
6.321	0.0497703922711456
6.322	0.04979110963814404
6.323	0.049811818387459496
6.324	0.049832518529837784
6.325	0.04985321007600431
6.3260000000000005	0.04987389303666226
6.327	0.04989456742248775
6.328	0.049915233244139656
6.329	0.04993589051225398
6.33	0.0499565392374443
6.3309999999999995	0.049977179430300986
6.332	0.049997811101394694
6.333	0.05001843426127202
6.334	0.050039048920460065
6.335	0.050059655089462196
6.336	0.05008025277876349
6.337	0.050100841998821526
6.338	0.0501214227600783
6.339	0.050141995072952215
6.34	0.05016255894783883
6.341	0.05018311439511515
6.342	0.0502036614251339
6.343	0.05022420004823031
6.343999999999999	0.050244730274714614
6.345	0.05026525211487811
6.346	0.05028576557899079
6.3469999999999995	0.05030627067730214
6.348	0.050326767420039144
6.349	0.05034725581741094
6.35	0.05036773587960191
6.351	0.05038820761677968
6.352	0.050408671039088825
6.353	0.0504291261566546
6.354	0.050449572979577646
6.355	0.05047001151794539
6.356	0.05049044178181888
6.357	0.05051086378124195
6.3580000000000005	0.050531277526237955
6.359	0.05055168302680807
6.36	0.05057208029293222
6.361	0.05059246933457396
6.362	0.05061285016167671
6.3629999999999995	0.05063322278416153
6.364	0.05065358721192886
6.365	0.05067394345486208
6.366	0.050694291522822836
6.367	0.05071463142565239
6.368	0.050734963173175086
6.369	0.05075528677519356
6.37	0.05077560224148996
6.371	0.05079590958182996
6.372	0.050816208805955713
6.373	0.05083649992359176
6.3740000000000006	0.0508567829444462
6.375	0.05087705787820189
6.376	0.050897324734528335
6.377	0.05091758352306952
6.378	0.05093783425345709
6.379	0.05095807693529846
6.38	0.05097831157818411
6.381	0.05099853819168488
6.382	0.05101875678535172
6.383	0.051038967368719844
6.384	0.05105916995130177
6.385	0.05107936454259328
6.386	0.05109955115207056
6.3870000000000005	0.05111972978919403
6.388	0.05113990046340041
6.389	0.051160063184110344
6.39	0.05118021796072793
6.391	0.05120036480263292
6.3919999999999995	0.05122050371919387
6.393	0.051240634719756976
6.394	0.05126075781364906
6.395	0.05128087301018179
6.396	0.05130098031864527
6.397	0.05132107974831528
6.398	0.05134117130844483
6.399	0.05136125500827145
6.4	0.051381330857016266
6.401	0.05140139886387882
6.402	0.051421459038043654
6.4030000000000005	0.051441511388674456
6.404	0.05146155592491895
6.405	0.05148159265590881
6.406000000000001	0.051501621590754325
6.407	0.05152164273854883
6.408	0.051541656108371685
6.409	0.05156166170927908
6.41	0.05158165955031251
6.411	0.05160164964049671
6.412	0.05162163198883856
6.413	0.05164160660432608
6.414	0.05166157349592994
6.415	0.05168153267260564
6.416	0.05170148414328953
6.417	0.05172142791690183
6.418	0.051741364002343686
6.4190000000000005	0.051761292408501455
6.42	0.05178121314424306
6.421	0.051801126218420215
6.422000000000001	0.051821031639866434
6.423	0.051840929417398644
6.4239999999999995	0.051860819559815974
6.425	0.051880702075903944
6.426	0.05190057697442786
6.427	0.05192044426413923
6.428	0.051940303953768883
6.429	0.051960156052032254
6.43	0.05198000056763398
6.431	0.05199983750925198
6.432	0.05201966688555316
6.433	0.052039488705191136
6.434	0.052059302976796513
6.4350000000000005	0.052079109708985986
6.436	0.05209890891036155
6.437	0.052118700589507364
6.438	0.05213848475499283
6.439	0.05215826141536624
6.4399999999999995	0.05217803057916653
6.441	0.052197792254911585
6.442	0.05221754645110404
6.443	0.05223729317623226
6.444	0.05225703243876825
6.445	0.052276764247165125
6.446	0.05229648860986232
6.447	0.05231620553528489
6.448	0.05233591503183841
6.449	0.052355617107916176
6.45	0.052375311771892544
6.4510000000000005	0.052394999032127326
6.452	0.052414678896966674
6.453	0.05243435137473844
6.454	0.05245401647375483
6.455	0.05247367420231504
6.4559999999999995	0.05249332456869866
6.457	0.052512967581173804
6.458	0.052532603247990924
6.459	0.05255223157738519
6.46	0.05257185257757972
6.461	0.05259146625677472
6.462	0.0526110726231629
6.463	0.05263067168491803
6.464	0.052650263450196924
6.465	0.05266984792714728
6.466	0.052689425123895975
6.4670000000000005	0.0527089950485551
6.468	0.052728557709225674
6.469	0.052748113113990434
6.47	0.05276766127091844
6.471	0.05278720218806186
6.4719999999999995	0.052806735873460346
6.473	0.05282626233513772
6.474	0.052845781581104326
6.475	0.052865293619352445
6.476	0.05288479845786148
6.477	0.05290429610459808
6.478	0.052923786567510685
6.479	0.05294326985453653
6.48	0.052962745973593586
6.481	0.052982214932590574
6.482	0.05300167673941893
6.4830000000000005	0.05302113140195679
6.484	0.053040578928064
6.485	0.05306001932559104
6.486	0.05307945260237135
6.487	0.05309887876622667
6.4879999999999995	0.053118297824960525
6.489	0.05313770978636383
6.49	0.05315711465821398
6.491	0.053176512448273074
6.492	0.05319590316429121
6.493	0.05321528681400217
6.494	0.05323466340512574
6.495	0.05325403294536816
6.496	0.053273395442423
6.497	0.053292750903966575
6.498	0.053312099337666154
6.4990000000000006	0.05333144075116831
6.5	0.05335077515211309
6.501	0.05337010254812174
6.502	0.05338942294680345
6.503	0.05340873635575292
6.504	0.053428042782552164
6.505	0.05344734223476877
6.506	0.053466634719958134
6.507	0.05348592024565857
6.508	0.0535051988193976
6.509	0.05352447044868948
6.51	0.05354373514103292
6.511	0.05356299290391475
6.5120000000000005	0.05358224374480778
6.513	0.053601487671171524
6.514	0.05362072469045165
6.515000000000001	0.053639954810081325
6.516	0.0536591780374802
6.517	0.05367839438005219
6.518	0.053697603845192905
6.519	0.05371680644027971
6.52	0.053736002172682026
6.521	0.05375519104975046
6.522	0.05377437307882498
6.523	0.053793548267232774
6.524	0.05381271662229044
6.525	0.05383187815129481
6.526	0.053851032861539444
6.527	0.053870180760292964
6.5280000000000005	0.05388932185482141
6.529	0.05390845615237188
6.53	0.053927583660183416
6.531000000000001	0.053946704385476385
6.532	0.053965818335463565
6.533	0.053984925517341374
6.534	0.05400402593829725
6.535	0.05402311960550032
6.536	0.0540422065261132
6.537	0.05406128670728327
6.538	0.0540803601561424
6.539	0.05409942687981472
6.54	0.05411848688540792
6.541	0.05413754018001942
6.542	0.054156586770736724
6.543	0.05417562666462604
6.5440000000000005	0.05419465986875268
6.545	0.05421368639015897
6.546	0.05423270623588322
6.547000000000001	0.05425171941294521
6.548	0.054270725928358285
6.549	0.0542897257891161
6.55	0.05430871900220805
6.551	0.05432770557460501
6.552	0.054346685513270133
6.553	0.05436565882514955
6.554	0.054384625517182525
6.555	0.05440358559629471
6.556	0.054422539069396654
6.557	0.05444148594339067
6.558	0.05446042622516411
6.559	0.0544793599215939
6.5600000000000005	0.054498287039546234
6.561	0.054517207585872855
6.562	0.054536121567415115
6.563000000000001	0.05455502899100191
6.564	0.05457392986344999
6.565	0.05459282419156678
6.566	0.05461171198214329
6.567	0.05463059324196351
6.568	0.054649467977796296
6.569	0.05466833619640192
6.57	0.05468719790452584
6.571	0.054706053108904674
6.572	0.05472490181625957
6.573	0.0547437440333048
6.574	0.05476257976674023
6.575	0.054781409023255644
6.5760000000000005	0.05480023180952747
6.577	0.054819048132220445
6.577999999999999	0.054837857997993275
6.579	0.05485666141348451
6.58	0.054875458385330284
6.5809999999999995	0.0548942489201461
6.582	0.05491303302454619
6.583	0.05493181070512516
6.584	0.05495058196847036
6.585	0.05496934682115662
6.586	0.05498810526975048
6.587	0.0550068573208008
6.588	0.055025602980851206
6.589	0.055044342256432933
6.59	0.05506307515406402
6.591	0.055081801680255324
6.592	0.055100521841501264
6.593	0.055119235644290006
6.593999999999999	0.05513794309509484
6.595	0.055156644200381966
6.596	0.05517533896660351
6.5969999999999995	0.05519402740020398
6.598	0.05521270950761255
6.599	0.055231385295249326
6.6	0.05525005476952529
6.601	0.05526871793684085
6.602	0.055287374803579876
6.603	0.05530602537612409
6.604	0.055324669660836545
6.605	0.055343307664077745
6.606	0.05536193939218819
6.607	0.055380564851504076
6.608	0.05539918404834891
6.609	0.0554177969890359
6.609999999999999	0.05543640367987
6.611	0.05545500412713825
6.612	0.055473598337126444
6.6129999999999995	0.055492186316103566
6.614	0.055510768070331416
6.615	0.05552934360605763
6.616	0.0555479129295241
6.617	0.05556647604695899
6.618	0.05558503296458148
6.619	0.05560358368859856
6.62	0.05562212822520945