-1.5	1.952288897368098
-1.499	1.951638025905646
-1.498	1.9509869373050726
-1.497	1.950335631348915
-1.496	1.9496841078193445
-1.495	1.9490323664981697
-1.494	1.9483804071668336
-1.493	1.9477282296064151
-1.492	1.947075833597624
-1.491	1.946423218920804
-1.49	1.9457703853559303
-1.489	1.945117332682609
-1.488	1.9444640606800758
-1.487	1.9438105691271959
-1.486	1.9431568578024614
-1.485	1.9425029264839928
-1.484	1.9418487749495372
-1.483	1.9411944029764667
-1.482	1.940539810341778
-1.481	1.939884996822092
-1.48	1.9392299621936506
-1.479	1.9385747062323209
-1.478	1.9379192287135891
-1.477	1.937263529412561
-1.476	1.936607608103964
-1.475	1.935951464562141
-1.474	1.9352950985610542
-1.473	1.9346385098742824
-1.472	1.9339816982750186
-1.471	1.9333246635360721
-1.47	1.932667405429866
-1.469	1.9320099237284347
-1.468	1.931352218203426
-1.467	1.9306942886260983
-1.466	1.93003613476732
-1.465	1.9293777563975698
-1.464	1.9287191532869326
-1.463	1.9280603252051023
-1.462	1.9274012719213782
-1.461	1.9267419932046659
-1.46	1.9260824888234749
-1.459	1.9254227585459183
-1.458	1.9247628021397118
-1.457	1.9241026193721733
-1.456	1.9234422100102204
-1.455	1.9227815738203704
-1.454	1.9221207105687415
-1.453	1.9214596200210468
-1.452	1.920798301942598
-1.451	1.920136756098302
-1.45	1.9194749822526604
-1.449	1.91881298016977
-1.448	1.918150749613319
-1.447	1.917488290346588
-1.446	1.9168256021324481
-1.445	1.9161626847333617
-1.444	1.915499537911379
-1.443	1.9148361614281382
-1.442	1.914172555044866
-1.441	1.9135087185223725
-1.44	1.9128446516210544
-1.439	1.9121803541008933
-1.438	1.9115158257214506
-1.437	1.9108510662418723
-1.436	1.9101860754208853
-1.435	1.9095208530167942
-1.434	1.908855398787485
-1.433	1.90818971249042
-1.432	1.9075237938826377
-1.431	1.9068576427207549
-1.43	1.9061912587609608
-1.429	1.9055246417590193
-1.428	1.9048577914702662
-1.427	1.9041907076496096
-1.426	1.903523390051529
-1.425	1.9028558384300704
-1.424	1.9021880525388517
-1.423	1.901520032131056
-1.422	1.9008517769594326
-1.421	1.9001832867762987
-1.42	1.8995145613335316
-1.419	1.8988456003825747
-1.418	1.8981764036744324
-1.417	1.8975069709596708
-1.416	1.8968373019884142
-1.415	1.8961673965103476
-1.414	1.8954972542747115
-1.413	1.8948268750303054
-1.412	1.8941562585254827
-1.411	1.8934854045081515
-1.41	1.8928143127257728
-1.409	1.8921429829253609
-1.408	1.8914714148534792
-1.407	1.8907996082562442
-1.406	1.8901275628793173
-1.405	1.889455278467911
-1.404	1.8887827547667817
-1.403	1.888109991520233
-1.402	1.8874369884721125
-1.401	1.88676374536581
-1.4	1.886090261944258
-1.399	1.8854165379499312
-1.398	1.8847425731248408
-1.397	1.8840683672105394
-1.396	1.883393919948116
-1.395	1.8827192310781955
-1.394	1.8820443003409393
-1.393	1.88136912747604
-1.392	1.8806937122227259
-1.391	1.880018054319756
-1.39	1.879342153505418
-1.389	1.8786660095175312
-1.388	1.8779896220934411
-1.387	1.877312990970022
-1.386	1.876636115883671
-1.385	1.875958996570313
-1.384	1.875281632765392
-1.383	1.8746040242038795
-1.382	1.8739261706202623
-1.381	1.8732480717485502
-1.38	1.8725697273222712
-1.379	1.8718911370744684
-1.3780000000000001	1.8712123007377035
-1.377	1.8705332180440506
-1.376	1.8698538887250984
-1.375	1.8691743125119489
-1.374	1.8684944891352122
-1.373	1.8678144183250114
-1.3719999999999999	1.8671340998109751
-1.371	1.8664535333222425
-1.37	1.865772718587456
-1.369	1.8650916553347636
-1.3679999999999999	1.864410343291817
-1.367	1.8637287821857702
-1.366	1.8630469717432772
-1.365	1.8623649116904928
-1.3639999999999999	1.8616826017530699
-1.363	1.8610000416561583
-1.362	1.860317231124403
-1.361	1.8596341698819439
-1.3599999999999999	1.8589508576524147
-1.359	1.85826729415894
-1.358	1.8575834791241368
-1.357	1.8568994122701084
-1.3559999999999999	1.8562150933184487
-1.355	1.8555305219902365
-1.354	1.8548456980060366
-1.353	1.8541606210858983
-1.352	1.8534752909493521
-1.351	1.8527897073154114
-1.35	1.8521038699025683
-1.349	1.8514177784287944
-1.348	1.8507314326115376
-1.347	1.8500448321677225
-1.346	1.849357976813748
-1.345	1.8486708662654856
-1.344	1.8479835002382794
-1.343	1.8472958784469433
-1.342	1.8466080006057615
-1.341	1.845919866428483
-1.34	1.8452314756283268
-1.339	1.8445428279179732
-1.338	1.8438539230095685
-1.337	1.8431647606147197
-1.336	1.8424753404444958
-1.335	1.8417856622094229
-1.334	1.8410957256194869
-1.333	1.840405530384129
-1.332	1.8397150762122458
-1.331	1.839024362812187
-1.33	1.8383333898917555
-1.329	1.8376421571582038
-1.328	1.836950664318233
-1.327	1.836258911077994
-1.326	1.8355668971430819
-1.325	1.8348746222185386
-1.324	1.8341820860088474
-1.323	1.8334892882179346
-1.322	1.832796228549167
-1.321	1.8321029067053498
-1.32	1.8314093223887267
-1.319	1.8307154753009758
-1.318	1.8300213651432105
-1.317	1.8293269916159771
-1.316	1.828632354419254
-1.315	1.8279374532524482
-1.314	1.8272422878143963
-1.313	1.8265468578033603
-1.312	1.8258511629170304
-1.311	1.8251552028525173
-1.31	1.8244589773063569
-1.309	1.823762485974503
-1.308	1.823065728552331
-1.307	1.8223687047346324
-1.306	1.821671414215617
-1.305	1.8209738566889058
-1.304	1.8202760318475353
-1.303	1.8195779393839528
-1.302	1.818879578990015
-1.301	1.818180950356987
-1.3	1.8174820531755407
-1.299	1.8167828871357523
-1.298	1.8160834519271032
-1.297	1.8153837472384744
-1.296	1.8146837727581482
-1.295	1.813983528173806
-1.294	1.813283013172525
-1.293	1.8125822274407781
-1.292	1.811881170664433
-1.291	1.8111798425287475
-1.29	1.8104782427183708
-1.289	1.8097763709173411
-1.288	1.8090742268090836
-1.287	1.8083718100764088
-1.286	1.80766912040151
-1.285	1.8069661574659643
-1.284	1.8062629209507273
-1.283	1.8055594105361348
-1.282	1.8048556259018997
-1.281	1.8041515667271084
-1.28	1.8034472326902227
-1.279	1.8027426234690753
-1.278	1.8020377387408695
-1.277	1.8013325781821765
-1.276	1.8006271414689357
-1.275	1.7999214282764489
-1.274	1.7992154382793837
-1.273	1.7985091711517673
-1.272	1.7978026265669875
-1.271	1.7970958041977898
-1.27	1.7963887037162765
-1.269	1.7956813247939027
-1.268	1.7949736671014782
-1.267	1.794265730309162
-1.266	1.7935575140864628
-1.265	1.7928490181022365
-1.264	1.7921402420246848
-1.263	1.7914311855213525
-1.262	1.7907218482591263
-1.261	1.7900122299042327
-1.26	1.7893023301222366
-1.259	1.7885921485780392
-1.258	1.7878816849358767
-1.2570000000000001	1.787170938859317
-1.256	1.7864599100112588
-1.255	1.7857485980539298
-1.254	1.7850370026488858
-1.2530000000000001	1.7843251234570063
-1.252	1.7836129601384947
-1.251	1.7829005123528754
-1.25	1.7821877797589925
-1.249	1.781474762015008
-1.248	1.7807614587783989
-1.2469999999999999	1.7800478697059563
-1.246	1.7793339944537827
-1.245	1.778619832677292
-1.244	1.7779053840312034
-1.2429999999999999	1.7771906481695436
-1.242	1.7764756247456432
-1.241	1.7757603134121356
-1.24	1.7750447138209529
-1.2389999999999999	1.7743288256233258
-1.238	1.7736126484697816
-1.237	1.7728961820101412
-1.236	1.7721794258935175
-1.2349999999999999	1.7714623797683142
-1.234	1.7707450432822227
-1.233	1.770027416082221
-1.232	1.76930949781457
-1.2309999999999999	1.7685912881248138
-1.23	1.7678727866577761
-1.229	1.7671539930575584
-1.228	1.766434906967538
-1.2269999999999999	1.7657155280303665
-1.226	1.7649958558879673
-1.225	1.7642758901815332
-1.224	1.7635556305515239
-1.2229999999999999	1.762835076637666
-1.222	1.7621142280789481
-1.221	1.7613930845136216
-1.22	1.7606716455791955
-1.2189999999999999	1.7599499109124368
-1.218	1.7592278801493673
-1.217	1.7585055529252613
-1.216	1.7577829288746438
-1.2149999999999999	1.7570600076312883
-1.214	1.7563367888282149
-1.213	1.755613272097687
-1.212	1.7548894570712106
-1.211	1.7541653433795323
-1.21	1.7534409306526335
-1.209	1.7527162185197342
-1.208	1.7519912066092849
-1.207	1.751265894548969
-1.206	1.7505402819656972
-1.205	1.7498143684856071
-1.204	1.749088153734061
-1.203	1.7483616373356425
-1.202	1.7476348189141546
-1.201	1.746907698092619
-1.2	1.746180274493271
-1.199	1.7454525477375598
-1.198	1.744724517446144
-1.197	1.7439961832388917
-1.196	1.7432675447348767
-1.195	1.742538601552375
-1.194	1.7418093533088659
-1.193	1.7410797996210254
-1.192	1.7403499401047284
-1.191	1.739619774375043
-1.19	1.7388893020462277
-1.189	1.7381585227317327
-1.188	1.7374274360441937
-1.187	1.7366960415954322
-1.186	1.735964338996451
-1.185	1.7352323278574338
-1.184	1.7345000077877402
-1.183	1.733767378395906
-1.182	1.7330344392896395
-1.181	1.7323011900758183
-1.18	1.7315676303604888
-1.179	1.7308337597488619
-1.178	1.730099577845311
-1.177	1.72936508425337
-1.176	1.7286302785757304
-1.175	1.7278951604142392
-1.174	1.7271597293698957
-1.173	1.7264239850428498
-1.172	1.7256879270323984
-1.171	1.724951554936984
-1.17	1.7242148683541911
-1.169	1.7234778668807451
-1.168	1.7227405501125073
-1.167	1.722002917644476
-1.166	1.7212649690707789
-1.165	1.7205267039846757
-1.164	1.7197881219785516
-1.163	1.719049222643917
-1.162	1.718310005571404
-1.161	1.7175704703507626
-1.16	1.7168306165708607
-1.159	1.7160904438196796
-1.158	1.7153499516843107
-1.157	1.7146091397509546
-1.156	1.7138680076049178
-1.155	1.7131265548306096
-1.154	1.7123847810115387
-1.153	1.7116426857303124
-1.152	1.710900268568633
-1.151	1.710157529107293
-1.15	1.7094144669261764
-1.149	1.7086710816042523
-1.1480000000000001	1.7079273727195743
-1.147	1.7071833398492768
-1.146	1.7064389825695712
-1.145	1.7056943004557457
-1.1440000000000001	1.7049492930821601
-1.143	1.704203960022244
-1.142	1.7034583008484947
-1.141	1.7027123151324726
-1.1400000000000001	1.701966002444798
-1.139	1.7012193623551513
-1.138	1.7004723944322675
-1.137	1.6997250982439343
-1.1360000000000001	1.698977473356988
-1.135	1.6982295193373118
-1.134	1.6974812357498326
-1.133	1.696732622158518
-1.1320000000000001	1.695983678126374
-1.131	1.6952344032154387
-1.13	1.6944847969867851
-1.129	1.6937348590005137
-1.1280000000000001	1.6929845888157495
-1.127	1.6922339859906415
-1.126	1.6914830500823577
-1.125	1.6907317806470838
-1.124	1.6899801772400176
-1.123	1.6892282394153675
-1.1219999999999999	1.6884759667263507
-1.121	1.6877233587251872
-1.12	1.6869704149630986
-1.119	1.6862171349903048
-1.1179999999999999	1.68546351835602
-1.117	1.684709564608451
-1.116	1.683955273294792
-1.115	1.6832006439612244
-1.1139999999999999	1.6824456761529099
-1.113	1.6816903694139906
-1.112	1.6809347232875842
-1.111	1.6801787373157802
-1.1099999999999999	1.6794224110396379
-1.109	1.6786657439991837
-1.108	1.6779087357334055
-1.107	1.6771513857802514
-1.1059999999999999	1.6763936936766255
-1.105	1.6756356589583852
-1.104	1.6748772811603374
-1.103	1.6741185598162351
-1.1019999999999999	1.673359494458775
-1.101	1.6726000846195934
-1.1	1.6718403298292612
-1.099	1.671080229617284
-1.0979999999999999	1.6703197835120964
-1.097	1.669558991041059
-1.096	1.6687978517304551
-1.095	1.6680363651054866
-1.0939999999999999	1.6672745306902714
-1.093	1.6665123480078412
-1.092	1.665749816580134
-1.091	1.6649869359279945
-1.0899999999999999	1.6642237055711693
-1.089	1.6634601250283028
-1.088	1.6626961938169338
-1.087	1.661931911453493
-1.0859999999999999	1.661167277453298
-1.085	1.6604022913305512
-1.084	1.659636952598335
-1.083	1.6588712607686074
-1.082	1.6581052153522022
-1.081	1.6573388158588194
-1.08	1.6565720617970277
-1.079	1.6558049526742569
-1.078	1.6550374879967948
-1.077	1.6542696672697843
-1.076	1.6535014899972196
-1.075	1.6527329556819417
-1.074	1.6519640638256359
-1.073	1.6511948139288262
-1.072	1.650425205490874
-1.071	1.6496552380099712
-1.07	1.64888491098314
-1.069	1.6481142239062254
-1.068	1.647343176273894
-1.067	1.646571767579629
-1.066	1.645799997315727
-1.065	1.6450278649732921
-1.064	1.6442553700422362
-1.063	1.6434825120112695
-1.062	1.6427092903679017
-1.061	1.6419357045984344
-1.06	1.6411617541879593
-1.059	1.640387438620353
-1.058	1.6396127573782733
-1.057	1.6388377099431553
-1.056	1.6380622957952082
-1.055	1.6372865144134088
-1.054	1.6365103652755006
-1.053	1.6357338478579864
-1.052	1.6349569616361272
-1.051	1.634179706083936
-1.05	1.6334020806741738
-1.049	1.632624084878348
-1.048	1.6318457181667037
-1.047	1.6310669800082238
-1.046	1.6302878698706218
-1.045	1.6295083872203393
-1.044	1.6287285315225413
-1.043	1.6279483022411112
-1.042	1.6271676988386474
-1.041	1.6263867207764582
-1.04	1.6256053675145583
-1.039	1.6248236385116648
-1.038	1.6240415332251905
-1.037	1.6232590511112417
-1.036	1.622476191624614
-1.035	1.6216929542187861
-1.034	1.6209093383459163
-1.033	1.6201253434568381
-1.032	1.6193409690010563
-1.031	1.6185562144267407
-1.03	1.6177710791807243
-1.029	1.6169855627084946
-1.028	1.6161996644541938
-1.027	1.6154133838606115
-1.026	1.6146267203691798
-1.025	1.6138396734199698
-1.024	1.6130522424516873
-1.023	1.6122644269016664
-1.022	1.611476226205867
-1.021	1.6106876397988668
-1.02	1.6098986671138609
-1.0190000000000001	1.6091093075826541
-1.018	1.6083195606356564
-1.017	1.6075294257018786
-1.016	1.6067389022089293
-1.0150000000000001	1.6059479895830056
-1.014	1.6051566872488925
-1.013	1.6043649946299567
-1.012	1.6035729111481407
-1.0110000000000001	1.6027804362239597
-1.01	1.6019875692764936
-1.009	1.6011943097233856
-1.008	1.600400656980836
-1.0070000000000001	1.599606610463596
-1.006	1.598812169584963
-1.005	1.5980173337567767
-1.004	1.5972221023894144
-1.0030000000000001	1.5964264748917827
-1.002	1.5956304506713155
-1.001	1.5948340291339682
-1.	1.5940372096842124
-0.999	1.5932399917250295
-0.998	1.592442374657907
-0.997	1.591644357882833
-0.996	1.5908459407982904
-0.995	1.590047122801252
-0.994	1.5892479032871751
-0.993	1.5884482816499959
-0.992	1.5876482572821244
-0.991	1.5868478295744397
-0.99	1.5860469979162823
-0.989	1.5852457616954518
-0.988	1.5844441202981996
-0.987	1.583642073109223
-0.986	1.582839619511661
-0.985	1.582036758887088
-0.984	1.581233490615508
-0.983	1.5804298140753503
-0.982	1.579625728643462
-0.981	1.5788212336951042
-0.98	1.5780163286039448
-0.979	1.5772110127420538
-0.978	1.5764052854798976
-0.977	1.5755991461863323
-0.976	1.5747925942285994
-0.975	1.573985628972318
-0.974	1.573178249781482
-0.973	1.57237045601845
-0.972	1.5715622470439439
-0.971	1.5707536222170404
-0.97	1.5699445808951649
-0.969	1.5691351224340866
-0.968	1.5683252461879131
-0.967	1.5675149515090825
-0.966	1.566704237748358
-0.965	1.5658931042548228
-0.964	1.5650815503758735
-0.963	1.5642695754572131
-0.962	1.5634571788428464
-0.961	1.5626443598750723
-0.96	1.5618311178944781
-0.959	1.5610174522399354
-0.958	1.5602033622485885
-0.957	1.5593888472558544
-0.956	1.5585739065954123
-0.955	1.5577585395991982
-0.954	1.5569427455973996
-0.953	1.5561265239184479
-0.952	1.5553098738890119
-0.951	1.5544927948339922
-0.95	1.5536752860765142
-0.949	1.5528573469379217
-0.948	1.5520389767377694
-0.947	1.5512201747938184
-0.946	1.5504009404220271
-0.945	1.5495812729365468
-0.944	1.5487611716497127
-0.943	1.5479406358720393
-0.942	1.547119664912212
-0.941	1.5462982580770819
-0.94	1.545476414671657
-0.939	1.5446541339990973
-0.938	1.5438314153607071
-0.9369999999999999	1.5430082580559268
-0.9359999999999999	1.542184661382329
-0.9349999999999999	1.5413606246356075
-0.9339999999999999	1.5405361471095744
-0.9329999999999999	1.5397112280961502
-0.9319999999999999	1.5388858668853571
-0.9309999999999999	1.5380600627653132
-0.9299999999999999	1.5372338150222238
-0.9289999999999999	1.5364071229403757
-0.9279999999999999	1.5355799858021286
-0.9269999999999999	1.5347524028879083
-0.9259999999999999	1.533924373476199
-0.9249999999999999	1.5330958968435382
-0.9239999999999999	1.5322669722645053
-0.923	1.5314375990117184
-0.922	1.5306077763558235
-0.921	1.5297775035654892
-0.92	1.5289467799073988
-0.919	1.5281156046462405
-0.918	1.5272839770447038
-0.917	1.5264518963634686
-0.916	1.5256193618611988
-0.915	1.5247863727945348
-0.914	1.523952928418085
-0.913	1.523119027984418
-0.912	1.5222846707440565
-0.911	1.521449855945467
-0.91	1.520614582835054
-0.909	1.51977885065715
-0.908	1.518942658654009
-0.907	1.518106006065799
-0.906	1.517268892130592
-0.905	1.5164313160843572
-0.904	1.5155932771609533
-0.903	1.5147547745921186
-0.902	1.5139158076074646
-0.901	1.5130763754344672
-0.9	1.512236477298457
-0.899	1.5113961124226132
-0.898	1.510555280027954
-0.897	1.5097139793333285
-0.896	1.5088722095554068
-0.895	1.5080299699086743
-0.894	1.5071872596054214
-0.893	1.5063440778557342
-0.892	1.5055004238674872
-0.891	1.5046562968463348
-0.89	1.5038116959957015
-0.889	1.5029666205167733
-0.888	1.5021210696084895
-0.887	1.5012750424675334
-0.886	1.5004285382883242
-0.885	1.4995815562630064
-0.884	1.4987340955814417
-0.883	1.4978861554312006
-0.882	1.4970377349975537
-0.881	1.4961888334634597
-0.88	1.495339450009559
-0.879	1.4944895838141636
-0.878	1.4936392340532483
-0.877	1.49278839990044
-0.876	1.4919370805270102
-0.875	1.491085275101864
-0.874	1.4902329827915308
-0.873	1.4893802027601566
-0.872	1.4885269341694922
-0.871	1.487673176178884
-0.87	1.4868189279452664
-0.869	1.4859641886231492
-0.868	1.485108957364609
-0.867	1.4842532333192804
-0.866	1.4833970156343448
-0.865	1.4825403034545206
-0.864	1.4816830959220548
-0.863	1.48082539217671
-0.862	1.4799671913557573
-0.861	1.4791084925939648
-0.86	1.4782492950235875
-0.859	1.4773895977743567
-0.858	1.4765293999734708
-0.857	1.475668700745584
-0.856	1.4748074992127964
-0.855	1.4739457944946428
-0.854	1.4730835857080842
-0.853	1.4722208719674938
-0.852	1.4713576523846508
-0.851	1.4704939260687249
-0.85	1.46962969212627
-0.849	1.4687649496612103
-0.848	1.4678996977748306
-0.847	1.4670339355657667
-0.846	1.4661676621299913
-0.845	1.4653008765608058
-0.844	1.4644335779488287
-0.843	1.4635657653819831
-0.842	1.4626974379454871
-0.841	1.461828594721842
-0.84	1.4609592347908193
-0.839	1.4600893572294538
-0.838	1.4592189611120263
-0.837	1.458348045510057
-0.836	1.4574766094922915
-0.835	1.4566046521246896
-0.834	1.4557321724704135
-0.833	1.454859169589817
-0.832	1.4539856425404325
-0.831	1.4531115903769594
-0.83	1.452237012151253
-0.829	1.4513619069123114
-0.828	1.4504862737062638
-0.827	1.4496101115763593
-0.826	1.4487334195629529
-0.825	1.4478561967034949
-0.824	1.4469784420325174
-0.823	1.4461001545816228
-0.822	1.4452213333794708
-0.821	1.444341977451766
-0.82	1.4434620858212455
-0.819	1.442581657507665
-0.818	1.4417006915277888
-0.817	1.4408191868953741
-0.816	1.4399371426211593
-0.815	1.4390545577128517
-0.814	1.438171431175113
-0.813	1.4372877620095479
-0.8119999999999999	1.4364035492146896
-0.8109999999999999	1.435518791785987
-0.8099999999999999	1.434633488715791
-0.8089999999999999	1.4337476389933423
-0.8079999999999999	1.4328612416047573
-0.8069999999999999	1.4319742955330128
-0.8059999999999999	1.4310867997579357
-0.8049999999999999	1.4301987532561875
-0.8039999999999999	1.4293101550012488
-0.8029999999999999	1.4284210039634102
-0.8019999999999999	1.4275312991097528
-0.8009999999999999	1.4266410394041387
-0.7999999999999999	1.425750223807194
-0.7989999999999999	1.4248588512762959
-0.7979999999999999	1.423966920765559
-0.7969999999999999	1.4230744312258194
-0.796	1.4221813816046223
-0.795	1.421287770846205
-0.794	1.420393597891485
-0.793	1.4194988616780428
-0.792	1.4186035611401095
-0.791	1.4177076952085514
-0.79	1.4168112628108533
-0.789	1.415914262871106
-0.788	1.4150166943099893
-0.787	1.414118556044758
-0.786	1.413219846989227
-0.785	1.412320566053754
-0.784	1.4114207121452265
-0.783	1.4105202841670448
-0.782	1.4096192810191064
-0.781	1.4087177015977916
-0.78	1.4078155447959462
-0.779	1.4069128095028665
-0.778	1.4060094946042831
-0.777	1.4051055989823449
-0.776	1.4042011215156025
-0.775	1.4032960610789933
-0.774	1.4023904165438241
-0.773	1.4014841867777539
-0.772	1.4005773706447797
-0.771	1.3996699670052173
-0.77	1.3987619747156872
-0.769	1.397853392629095
-0.768	1.396944219594617
-0.767	1.396034454457681
-0.766	1.3951240960599516
-0.765	1.394213143239311
-0.764	1.3933015948298424
-0.763	1.392389449661812
-0.762	1.3914767065616533
-0.761	1.390563364351948
-0.76	1.3896494218514073
-0.759	1.3887348778748563
-0.758	1.3878197312332154
-0.757	1.3869039807334815
-0.756	1.3859876251787095
-0.755	1.3850706633679966
-0.754	1.3841530940964601
-0.753	1.3832349161552226
-0.752	1.3823161283313916
-0.751	1.3813967294080403
-0.75	1.3804767181641897
-0.749	1.3795560933747908
-0.748	1.3786348538107025
-0.747	1.3777129982386749
-0.746	1.3767905254213297
-0.745	1.37586743411714
-0.744	1.3749437230804122
-0.743	1.3740193910612641
-0.742	1.373094436805608
-0.741	1.372168859055128
-0.74	1.3712426565472626
-0.739	1.3703158280151826
-0.738	1.3693883721877727
-0.737	1.3684602877896093
-0.736	1.3675315735409412
-0.735	1.3666022281576686
-0.734	1.3656722503513232
-0.733	1.3647416388290456
-0.732	1.3638103922935663
-0.731	1.3628785094431835
-0.73	1.3619459889717418
-0.729	1.3610128295686115
-0.728	1.3600790299186665
-0.727	1.3591445887022624
-0.726	1.3582095045952167
-0.725	1.3572737762687845
-0.724	1.356337402389637
-0.723	1.3554003816198408
-0.722	1.3544627126168343
-0.721	1.3535243940334045
-0.72	1.352585424517667
-0.719	1.3516458027130405
-0.718	1.3507055272582258
-0.717	1.349764596787182
-0.716	1.3488230099291036
-0.715	1.3478807653083962
-0.714	1.3469378615446557
-0.713	1.3459942972526415
-0.712	1.3450500710422548
-0.711	1.3441051815185139
-0.71	1.34315962728153
-0.709	1.3422134069264846
-0.708	1.3412665190436026
-0.707	1.34031896221813
-0.706	1.3393707350303081
-0.705	1.3384218360553484
-0.704	1.3374722638634091
-0.703	1.336522017019568
-0.702	1.335571094083799
-0.701	1.3346194936109461
-0.7	1.3336672141506967
-0.699	1.3327142542475574
-0.698	1.3317606124408266
-0.697	1.3308062872645694
-0.696	1.3298512772475912
-0.695	1.3288955809134109
-0.694	1.3279391967802343
-0.693	1.3269821233609276
-0.692	1.3260243591629899
-0.691	1.3250659026885268
-0.69	1.324106752434222
-0.689	1.323146906891311
-0.688	1.3221863645455532
-0.6869999999999999	1.3212251238772026
-0.6859999999999999	1.3202631833609806
-0.6849999999999999	1.3193005414660501
-0.6839999999999999	1.318337196655983
-0.6829999999999999	1.3173731473887333
-0.6819999999999999	1.3164083921166105
-0.6809999999999999	1.3154429292862468
-0.6799999999999999	1.3144767573385707
-0.6789999999999999	1.3135098747087766
-0.6779999999999999	1.3125422798262951
-0.6769999999999999	1.3115739711147634
-0.6759999999999999	1.310604946991996
-0.6749999999999999	1.3096352058699532
-0.6739999999999999	1.3086647461547118
-0.6729999999999999	1.307693566246435
-0.6719999999999999	1.3067216645393391
-0.6709999999999999	1.305749039421666
-0.6699999999999999	1.3047756892756492
-0.6689999999999999	1.303801612477484
-0.6679999999999999	1.3028268073972955
-0.667	1.3018512723991063
-0.666	1.3008750058408052
-0.665	1.2998980060741137
-0.664	1.298920271444556
-0.663	1.2979418002914234
-0.662	1.2969625909477431
-0.661	1.2959826417402454
-0.66	1.2950019509893287
-0.659	1.2940205170090269
-0.658	1.2930383381069768
-0.657	1.2920554125843808
-0.656	1.291071738735976
-0.655	1.2900873148499983
-0.654	1.2891021392081468
-0.653	1.2881162100855508
-0.652	1.2871295257507325
-0.651	1.2861420844655722
-0.65	1.285153884485274
-0.649	1.284164924058328
-0.648	1.2831752014264748
-0.647	1.2821847148246683
-0.646	1.2811934624810406
-0.645	1.2802014426168642
-0.644	1.2792086534465135
-0.643	1.2782150931774294
-0.642	1.27722076001008
-0.641	1.2762256521379238
-0.64	1.2752297677473698
-0.639	1.274233105017741
-0.638	1.273235662121233
-0.637	1.2722374372228784
-0.636	1.271238428480503
-0.635	1.2702386340446907
-0.634	1.2692380520587396
-0.633	1.2682366806586245
-0.632	1.2672345179729554
-0.631	1.2662315621229359
-0.63	1.2652278112223239
-0.629	1.2642232633773889
-0.628	1.2632179166868704
-0.627	1.2622117692419363
-0.626	1.261204819126141
-0.625	1.2601970644153806
-0.624	1.2591885031778545
-0.623	1.2581791334740169
-0.622	1.2571689533565367
-0.621	1.2561579608702529
-0.62	1.2551461540521303
-0.619	1.254133530931215
-0.618	1.2531200895285888
-0.617	1.2521058278573265
-0.616	1.2510907439224477
-0.615	1.250074835720872
-0.614	1.2490581012413744
-0.613	1.2480405384645363
-0.612	1.2470221453627002
-0.611	1.246002919899923
-0.61	1.2449828600319268
-0.609	1.2439619637060524
-0.608	1.2429402288612112
-0.607	1.241917653427836
-0.606	1.2408942353278318
-0.605	1.2398699724745281
-0.604	1.238844862772627
-0.603	1.2378189041181553
-0.602	1.2367920943984132
-0.601	1.235764431491923
-0.6	1.2347359132683788
-0.599	1.233706537588595
-0.598	1.232676302304454
-0.597	1.2316452052588538
-0.596	1.2306132442856554
-0.595	1.2295804172096303
-0.594	1.2285467218464061
-0.593	1.2275121560024131
-0.592	1.2264767174748306
-0.591	1.2254404040515299
-0.59	1.2244032135110228
-0.589	1.2233651436224025
-0.588	1.2223261921452897
-0.587	1.2212863568297756
-0.586	1.2202456354163649
-0.585	1.219204025635919
-0.584	1.2181615252095974
-0.583	1.2171181318488007
-0.582	1.216073843255111
-0.581	1.215028657120234
-0.58	1.213982571125937
-0.579	1.2129355829439927
-0.578	1.2118876902361146
-0.577	1.2108388906539003
-0.576	1.2097891818387656
-0.575	1.2087385614218866
-0.574	1.207687027024135
-0.573	1.2066345762560164
-0.572	1.2055812067176057
-0.571	1.2045269159984844
-0.57	1.2034717016776768
-0.569	1.202415561323582
-0.568	1.2013584924939131
-0.567	1.2003004927356273
-0.566	1.1992415595848616
-0.565	1.1981816905668663
-0.564	1.1971208831959352
-0.563	1.1960591349753398
-0.5619999999999999	1.1949964433972597
-0.5609999999999999	1.1939328059427141
-0.5599999999999999	1.192868220081491
-0.5589999999999999	1.1918026832720787
-0.5579999999999999	1.1907361929615934
-0.5569999999999999	1.1896687465857085
-0.5559999999999999	1.1886003415685833
-0.5549999999999999	1.1875309753227894
-0.5539999999999999	1.1864606452492377
-0.5529999999999999	1.1853893487371057
-0.5519999999999999	1.1843170831637624
-0.5509999999999999	1.183243845894693
-0.5499999999999999	1.1821696342834247
-0.5489999999999999	1.1810944456714494
-0.5479999999999999	1.1800182773881474
-0.5469999999999999	1.1789411267507095
-0.5459999999999999	1.1778629910640603
-0.5449999999999999	1.176783867620778
-0.5439999999999999	1.175703753701016
-0.5429999999999999	1.174622646572422
-0.5419999999999999	1.1735405434900592
-0.5409999999999999	1.1724574416963227
-0.54	1.171373338420859
-0.539	1.1702882308804827
-0.538	1.1692021162790942
-0.537	1.1681149918075935
-0.536	1.167026854643798
-0.535	1.1659377019523551
-0.534	1.1648475308846569
-0.533	1.1637563385787522
-0.532	1.1626641221592613
-0.531	1.1615708787372847
-0.53	1.160476605410316
-0.529	1.1593812992621504
-0.528	1.1582849573627958
-0.527	1.1571875767683801
-0.526	1.1560891545210596
-0.525	1.1549896876489245
-0.524	1.153889173165908
-0.523	1.1527876080716888
-0.522	1.1516849893515966
-0.521	1.1505813139765175
-0.52	1.1494765789027943
-0.519	1.14837078107213
-0.518	1.147263917411489
-0.517	1.1461559848329974
-0.516	1.1450469802338417
-0.515	1.143936900496169
-0.514	1.1428257424869832
-0.513	1.1417135030580423
-0.512	1.1406001790457554
-0.511	1.1394857672710754
-0.51	1.1383702645393954
-0.509	1.1372536676404412
-0.508	1.136135973348163
-0.507	1.1350171784206262
-0.506	1.1338972795999036
-0.505	1.1327762736119626
-0.504	1.131654157166555
-0.503	1.1305309269571036
-0.502	1.1294065796605892
-0.501	1.128281111937434
-0.5	1.127154520431389
-0.4989999999999999	1.1260268017694146
-0.498	1.1248979525615643
-0.4969999999999999	1.123767969400864
-0.496	1.1226368488631948
-0.4949999999999999	1.1215045875071692
-0.494	1.1203711818740107
-0.4929999999999999	1.1192366284874302
-0.492	1.1181009238535011
-0.4909999999999999	1.1169640644605332
-0.49	1.1158260467789487
-0.4889999999999999	1.1146868672611507
-0.488	1.1135465223413976
-0.4869999999999999	1.1124050084356698
-0.486	1.111262321941541
-0.4849999999999999	1.1101184592380433
-0.484	1.1089734166855352
-0.4829999999999999	1.1078271906255648
-0.482	1.106679777380735
-0.48099999999999987	1.1055311732545654
-0.48	1.104381374531352
-0.47899999999999987	1.1032303774760284
-0.478	1.1020781783340248
-0.47699999999999987	1.1009247733311232
-0.476	1.0997701586733142
-0.4750000000000001	1.0986143305466525
-0.474	1.097457285117107
-0.4730000000000001	1.096299018530416
-0.472	1.0951395269119344
-0.4710000000000001	1.0939788063664844
-0.47	1.0928168529782014
-0.4690000000000001	1.0916536628103815
-0.46799999999999997	1.0904892319053243
-0.4670000000000001	1.089323556284177
-0.46599999999999997	1.0881566319467746
-0.4650000000000001	1.0869884548714814
-0.46399999999999997	1.0858190210150278
-0.4630000000000001	1.0846483263123468
-0.46199999999999997	1.0834763666764111
-0.4610000000000001	1.0823031379980657
-0.45999999999999996	1.0811286361458572
-0.4590000000000001	1.0799528569658696
-0.45799999999999996	1.0787757962815467
-0.4570000000000001	1.077597449893525
-0.45599999999999996	1.076417813579453
-0.45500000000000007	1.0752368830938197
-0.45399999999999996	1.074054654167773
-0.45300000000000007	1.072871122508942
-0.45199999999999996	1.0716862838012524
-0.45100000000000007	1.0705001337047468
-0.44999999999999996	1.0693126678553955
-0.44900000000000007	1.0681238818649106
-0.44799999999999995	1.0669337713205573
-0.44700000000000006	1.065742331784963
-0.44599999999999995	1.064549558795922
-0.44500000000000006	1.0633554478662035
-0.44399999999999995	1.0621599944833529
-0.44300000000000006	1.0609631941094935
-0.44199999999999995	1.0597650421811247
-0.44100000000000006	1.05856553410892
-0.43999999999999995	1.0573646652775213
-0.43900000000000006	1.0561624310453328
-0.43799999999999994	1.0549588267443093
-0.43700000000000006	1.0537538476797472
-0.43599999999999994	1.0525474891300692
-0.43500000000000005	1.0513397463466108
-0.43399999999999994	1.0501306145533982
-0.43300000000000005	1.0489200889469323
-0.43199999999999994	1.0477081646959625
-0.43100000000000005	1.0464948369412652
-0.42999999999999994	1.045280100795412
-0.42900000000000005	1.0440639513425454
-0.42799999999999994	1.0428463836381419
-0.42700000000000005	1.0416273927087811
-0.42599999999999993	1.0404069735519055
-0.42500000000000004	1.0391851211355836
-0.42399999999999993	1.0379618303982665
-0.42300000000000004	1.0367370962485436
-0.42199999999999993	1.035510913564895
-0.42100000000000004	1.0342832771954433
-0.41999999999999993	1.0330541819576977
-0.41900000000000004	1.0318236226383029
-0.4179999999999999	1.0305915939927768
-0.41700000000000004	1.0293580907452542
-0.4159999999999999	1.0281231075882191
-0.41500000000000004	1.0268866391822418
-0.4139999999999999	1.0256486801557059
-0.41300000000000003	1.0244092251045398
-0.4119999999999999	1.0231682685919388
-0.41100000000000003	1.0219258051480882
-0.4099999999999999	1.0206818292698807
-0.40900000000000003	1.0194363354206344
-0.4079999999999999	1.0181893180298025
-0.40700000000000003	1.0169407714926848
-0.4059999999999999	1.0156906901701317
-0.405	1.0144390683882503
-0.4039999999999999	1.0131859004380994
-0.403	1.0119311805753914
-0.4019999999999999	1.0106749030201785
-0.401	1.009417061956548
-0.3999999999999999	1.0081576515323045
-0.399	1.006896665858654
-0.3979999999999999	1.0056340990098815
-0.397	1.004369945023027
-0.3959999999999999	1.0031041978975566
-0.395	1.0018368515950302
-0.3939999999999999	1.0005679000387653
-0.393	0.9992973371134974
-0.3919999999999999	0.9980251566650356
-0.391	0.9967513524999159
-0.3899999999999999	0.9954759183850472
-0.389	0.994198848047359
-0.3879999999999999	0.9929201351734376
-0.387	0.991639773409165
-0.3859999999999999	0.9903577563593482
-0.385	0.9890740775873484
-0.3839999999999999	0.9877887306147031
-0.383	0.9865017089207442
-0.3819999999999999	0.9852130059422128
-0.381	0.9839226150728689
-0.3799999999999999	0.982630529663095
-0.379	0.9813367430194986
-0.3779999999999999	0.9800412484045044
-0.377	0.9787440390359482
-0.3759999999999999	0.9774451080866605
-0.375	0.976144448684049
-0.3739999999999999	0.9748420539096722
-0.373	0.973537916798812
-0.3719999999999999	0.9722320303400379
-0.371	0.9709243874747686
-0.3699999999999999	0.9696149810968252
-0.369	0.968303804051982
-0.3679999999999999	0.9669908491375089
-0.367	0.965676109101713
-0.3659999999999999	0.9643595766434662
-0.365	0.9630412444117374
-0.3639999999999999	0.9617211050051099
-0.363	0.960399150971299
-0.3619999999999999	0.9590753748066592
-0.361	0.9577497689556895
-0.3599999999999999	0.9564223258105271
-0.359	0.9550930377104426
-0.3579999999999999	0.9537618969413187
-0.357	0.9524288957351331
-0.35599999999999987	0.9510940262694256
-0.355	0.9497572806667658
-0.35399999999999987	0.9484186509942067
-0.353	0.9470781292627414
-0.35199999999999987	0.9457357074267395
-0.351	0.9443913773833909
-0.34999999999999987	0.943045130972129
-0.349	0.941696959974058
-0.34799999999999986	0.9403468561113629
-0.347	0.9389948110467206
-0.3460000000000001	0.9376408163826964
-0.345	0.9362848636611356
-0.3440000000000001	0.9349269443625494
-0.34299999999999997	0.9335670499054876
-0.3420000000000001	0.9322051716459087
-0.34099999999999997	0.9308413008765349
-0.3400000000000001	0.9294754288262074
-0.33899999999999997	0.9281075466592243
-0.3380000000000001	0.9267376454746761
-0.33699999999999997	0.9253657163057688
-0.3360000000000001	0.9239917501191399
-0.33499999999999996	0.9226157378141633
-0.3340000000000001	0.921237670222248
-0.33299999999999996	0.9198575381061229
-0.3320000000000001	0.9184753321591165
-0.33099999999999996	0.9170910430044236
-0.33000000000000007	0.9157046611943636
-0.32899999999999996	0.914316177209627
-0.32800000000000007	0.9129255814585152
-0.32699999999999996	0.9115328642761654
-0.32600000000000007	0.910138015923768
-0.32499999999999996	0.9087410265877702
-0.32400000000000007	0.9073418863790743
-0.32299999999999995	0.9059405853322163
-0.32200000000000006	0.9045371134045421
-0.32099999999999995	0.9031314604753636
-0.32000000000000006	0.9017236163451113
-0.31899999999999995	0.9003135707344678
-0.31800000000000006	0.8989013132834938
-0.31699999999999995	0.897486833550739
-0.31600000000000006	0.8960701210123426
-0.31499999999999995	0.8946511650611183
-0.31400000000000006	0.8932299550056294
-0.31299999999999994	0.8918064800692472
-0.31200000000000006	0.8903807293891994
-0.31099999999999994	0.8889526920156013
-0.31000000000000005	0.8875223569104765
-0.30899999999999994	0.8860897129467588
-0.30800000000000005	0.884654748907285
-0.30699999999999994	0.8832174534837689
-0.30600000000000005	0.881777815275762
-0.30499999999999994	0.8803358227895977
-0.30400000000000005	0.8788914644373219
-0.30299999999999994	0.8774447285356053
-0.30200000000000005	0.8759956033046424
-0.30099999999999993	0.8745440768670305
-0.30000000000000004	0.8730901372466355
-0.29899999999999993	0.8716337723674381
-0.29800000000000004	0.8701749700523645
-0.29699999999999993	0.8687137180220968
-0.29600000000000004	0.8672500038938701
-0.29499999999999993	0.8657838151802444
-0.29400000000000004	0.8643151392878652
-0.2929999999999999	0.862843963516199
-0.29200000000000004	0.8613702750562539
-0.2909999999999999	0.8598940609892757
-0.29000000000000004	0.8584153082854304
-0.2889999999999999	0.8569340038024589
-0.28800000000000003	0.8554501342843165
-0.2869999999999999	0.8539636863597871
-0.28600000000000003	0.8524746465410801
-0.2849999999999999	0.8509830012223988
-0.28400000000000003	0.849488736678494
-0.2829999999999999	0.8479918390631868
-0.28200000000000003	0.8464922944078748
-0.2809999999999999	0.8449900886200086
-0.28	0.8434852074815493
-0.2789999999999999	0.841977636647396
-0.278	0.8404673616437921
-0.2769999999999999	0.8389543678667026
-0.276	0.8374386405801687
-0.2749999999999999	0.8359201649146305
-0.274	0.8343989258652276
-0.2729999999999999	0.8328749082900667
-0.272	0.8313480969084669
-0.2709999999999999	0.8298184762991672
-0.27	0.8282860308985138
-0.2689999999999999	0.8267507449986097
-0.268	0.825212602745437
-0.2669999999999999	0.8236715881369469
-0.266	0.8221276850211181
-0.2649999999999999	0.8205808770939793
-0.264	0.8190311478976041
-0.2629999999999999	0.8174784808180634
-0.262	0.8159228590833518
-0.2609999999999999	0.8143642657612704
-0.26	0.8128026837572792
-0.2589999999999999	0.811238095812307
-0.258	0.8096704845005281
-0.2569999999999999	0.8080998322270967
-0.256	0.8065261212258437
-0.2549999999999999	0.8049493335569302
-0.254	0.8033694511044647
-0.2529999999999999	0.8017864555740702
-0.252	0.800200328490418
-0.2509999999999999	0.798611051194707
-0.25	0.7970186048421062
-0.2489999999999999	0.7954229703991451
-0.248	0.7938241286410622
-0.2469999999999999	0.7922220601490997
-0.246	0.790616745307754
-0.24499999999999988	0.7890081643019722
-0.244	0.7873962971142997
-0.24299999999999988	0.7857811235219718
-0.242	0.7841626230939566
-0.24099999999999988	0.7825407751879366
-0.24	0.7809155589472391
-0.23899999999999988	0.779286953297706
-0.238	0.7776549369445059
-0.23699999999999988	0.7760194883688846
-0.236	0.7743805858248564
-0.23499999999999988	0.7727382073358283
-0.23399999999999999	0.7710923306911645
-0.23299999999999987	0.7694429334426784
-0.23199999999999998	0.7677899929010643
-0.23099999999999987	0.7661334861322524
-0.22999999999999998	0.7644733899536993
-0.22899999999999987	0.7628096809305992
-0.22799999999999998	0.7611423353720281
-0.22699999999999987	0.7594713293270043
-0.22599999999999998	0.7577966385804766
-0.22499999999999987	0.7561182386492283
-0.22399999999999998	0.7544361047777033
-0.22299999999999986	0.7527502119337435
-0.22199999999999998	0.7510605348042447
-0.22099999999999986	0.7493670477907205
-0.21999999999999997	0.7476697250047794
-0.21900000000000008	0.7459685402635052
-0.21799999999999997	0.7442634670847461
-0.21700000000000008	0.7425544786823046
-0.21599999999999997	0.7408415479610274
-0.21500000000000008	0.7391246475117939
-0.21399999999999997	0.7374037496063981
-0.21300000000000008	0.7356788261923256
-0.21199999999999997	0.7339498488874152
-0.21100000000000008	0.7322167889744144
-0.20999999999999996	0.7304796173954097
-0.20900000000000007	0.7287383047461459
-0.20799999999999996	0.7269928212702161
-0.20700000000000007	0.7252431368531321
-0.20599999999999996	0.7234892210162587
-0.20500000000000007	0.7217310429106227
-0.20399999999999996	0.7199685713105797
-0.20300000000000007	0.718201774607345
-0.20199999999999996	0.7164306208023784
-0.20100000000000007	0.7146550775006248
-0.19999999999999996	0.7128751119035969
-0.19900000000000007	0.7110906908023112
-0.19799999999999995	0.7093017805700548
-0.19700000000000006	0.7075083471549947
-0.19599999999999995	0.7057103560726131
-0.19500000000000006	0.7039077723979733
-0.19399999999999995	0.7021005607578011
-0.19300000000000006	0.7002886853223901
-0.19199999999999995	0.6984721097973082
-0.19100000000000006	0.6966507974149212
-0.18999999999999995	0.6948247109257036
-0.18900000000000006	0.692993812589355
-0.18799999999999994	0.6911580641656955
-0.18700000000000006	0.6893174269053512
-0.18599999999999994	0.6874718615402061
-0.18500000000000005	0.6856213282736314
-0.18399999999999994	0.6837657867704704
-0.18300000000000005	0.6819051961467832
-0.18199999999999994	0.6800395149593329
-0.18100000000000005	0.6781687011948186
-0.17999999999999994	0.6762927122588335
-0.17900000000000005	0.6744115049645518
-0.17799999999999994	0.6725250355211274
-0.17700000000000005	0.6706332595218015
-0.17599999999999993	0.6687361319317043
-0.17500000000000004	0.6668336070753484
-0.17399999999999993	0.6649256386237954
-0.17300000000000004	0.663012179581495
-0.17199999999999993	0.6610931822727766
-0.17100000000000004	0.6591685983279915
-0.16999999999999993	0.6572383786692853
-0.16900000000000004	0.6553024734959981
-0.16799999999999993	0.6533608322696695
-0.16700000000000004	0.6514134036986479
-0.16599999999999993	0.6494601357222779
-0.16500000000000004	0.6475009754946643
-0.16399999999999992	0.6455358693679879
-0.16300000000000003	0.6435647628753662
-0.16199999999999992	0.6415876007132371
-0.16100000000000003	0.6396043267232568
-0.15999999999999992	0.6376148838736847
-0.15900000000000003	0.6356192142402517
-0.15799999999999992	0.6336172589864775
-0.15700000000000003	0.6316089583434352
-0.15599999999999992	0.6295942515889271
-0.15500000000000003	0.6275730770260652
-0.15399999999999991	0.6255453719612235
-0.15300000000000002	0.6235110726813502
-0.1519999999999999	0.6214701144306056
-0.15100000000000002	0.6194224313863136
-0.1499999999999999	0.6173679566341892
-0.14900000000000002	0.6153066221428278
-0.1479999999999999	0.613238358737415
-0.14700000000000002	0.611163096072645
-0.1459999999999999	0.6090807626047985
-0.14500000000000002	0.6069912855629686
-0.1439999999999999	0.6048945909193826
-0.14300000000000002	0.602790603358803
-0.1419999999999999	0.6006792462469562
-0.14100000000000001	0.5985604415979676
-0.1399999999999999	0.5964341100407452
-0.139	0.5943001707842918
-0.1379999999999999	0.5921585415818809
-0.137	0.5900091386940738
-0.1359999999999999	0.5878518768505078
-0.135	0.5856866692104294
-0.1339999999999999	0.5835134273218989
-0.133	0.5813320610796306
-0.1319999999999999	0.5791424786813977
-0.131	0.576944586582954
-0.1299999999999999	0.5747382894513968
-0.129	0.5725234901169208
-0.1279999999999999	0.5703000895228773
-0.127	0.5680679866740815
-0.1259999999999999	0.5658270785832772
-0.125	0.5635772602156945
-0.12399999999999989	0.5613184244315971
-0.123	0.5590504619267506
-0.12199999999999989	0.5567732611706986
-0.121	0.5544867083427676
-0.11999999999999988	0.5521906872656758
-0.119	0.5498850793366571
-0.11799999999999988	0.5475697634559669
-0.11699999999999999	0.5452446159526622
-0.11599999999999988	0.5429095105075135
-0.11499999999999999	0.5405643180729286
-0.11399999999999988	0.5382089067897264
-0.11299999999999999	0.5358431419006262
-0.11199999999999988	0.5334668856602784
-0.11099999999999999	0.5310799972416764
-0.10999999999999988	0.5286823326387605
-0.10899999999999999	0.5262737445650346
-0.10799999999999987	0.523854082347981
-0.10699999999999998	0.5214231918190709
-0.10599999999999987	0.5189809151991329
-0.10499999999999998	0.5165270909788489
-0.10399999999999987	0.5140615537941093
-0.10299999999999998	0.5115841342959694
-0.10199999999999987	0.5090946590149009
-0.10099999999999998	0.5065929502190497
-0.09999999999999987	0.504078825766152
-0.09899999999999998	0.5015520989487783
-0.09799999999999986	0.4990125783325176
-0.09699999999999998	0.4964600675867188
-0.09599999999999986	0.4938943653073512
-0.09499999999999997	0.4913152648315475
-0.09399999999999986	0.48872255404333004
-0.09299999999999997	0.48611601517001896
-0.09200000000000008	0.48349542456875483
-0.09099999999999997	0.48086055250255494
-0.09000000000000008	0.4782111629052639
-0.08899999999999997	0.4755470131347128
-0.08800000000000008	0.4728678537133701
-0.08699999999999997	0.47017342805568146
-0.08600000000000008	0.46746347218127476
-0.08499999999999996	0.4647377144131035
-0.08400000000000007	0.4619958750595701
-0.08299999999999996	0.45923766607955807
-0.08200000000000007	0.45646279072925783
-0.08099999999999996	0.453670943189537
-0.08000000000000007	0.45086180817255583
-0.07899999999999996	0.44803506050617115
-0.07800000000000007	0.4451903646945999
-0.07699999999999996	0.44232737445364234
-0.07600000000000007	0.4394457322186612
-0.07499999999999996	0.4365450686233176
-0.07400000000000007	0.4336250019469352
-0.07299999999999995	0.43068513752812676
-0.07200000000000006	0.4277250671421583
-0.07099999999999995	0.42474436833924684
-0.07000000000000006	0.4217426037407748
-0.06899999999999995	0.41871932029008413
-0.06800000000000006	0.4156740484542336
-0.06699999999999995	0.4126063013727183
-0.06600000000000006	0.4095155739488022
-0.06499999999999995	0.4064013418786394
-0.06400000000000006	0.40326306061292205
-0.06299999999999994	0.40010016424520883
-0.062000000000000055	0.3969120643205313
-0.06099999999999994	0.3936981485571497
-0.06000000000000005	0.3904577794736198
-0.05899999999999994	0.387190292912428
-0.05800000000000005	0.3838949964505323
-0.05699999999999994	0.3805711676860139
-0.05600000000000005	0.37721805238885187
-0.05499999999999994	0.3738348625023895
-0.05400000000000005	0.3704207739805138
-0.052999999999999936	0.36697492444370744
-0.052000000000000046	0.36349641063510824
-0.050999999999999934	0.35998428565528956
-0.050000000000000044	0.35643755595179866
-0.04899999999999993	0.3528551780363064
-0.04800000000000004	0.3492360548986544
-0.04699999999999993	0.34557903208284757
-0.04600000000000004	0.34188289338523536
-0.04499999999999993	0.33814635612941646
-0.04400000000000004	0.33436806596585233
-0.04299999999999993	0.330546591136388
-0.04200000000000004	0.32668041613483495
-0.040999999999999925	0.3227679346839937
-0.040000000000000036	0.31880744193684263
-0.038999999999999924	0.3147971257944633
-0.038000000000000034	0.310735057215303
-0.03699999999999992	0.30661917936870725
-0.03600000000000003	0.3024472954596915
-0.03499999999999992	0.29821705502037243
-0.03400000000000003	0.29392593842525416
-0.03299999999999992	0.2895712393406986
-0.03200000000000003	0.28515004476143896
-0.030999999999999917	0.28065921221579826
-0.030000000000000027	0.2760953436328381
-0.028999999999999915	0.27145475525375645
-0.028000000000000025	0.26673344283013944
-0.026999999999999913	0.2619270411739903
-0.026000000000000023	0.25703077689705495
-0.02499999999999991	0.2520394128830757
-0.02400000000000002	0.24694718265367588
-0.02299999999999991	0.24174771228437686
-0.02200000000000002	0.23643392685668504
-0.020999999999999908	0.23099793752978445
-0.020000000000000018	0.22543090408627792
-0.018999999999999906	0.2197228661093299
-0.018000000000000016	0.21386253357107915
-0.016999999999999904	0.20783702422711614
-0.016000000000000014	0.20163153030646103
-0.014999999999999902	0.19522888973680916
-0.014000000000000012	0.18860902619442593
-0.0129999999999999	0.18174820531755337
-0.01200000000000001	0.1746180274493272
-0.010999999999999899	0.16718403298292533
-0.010000000000000009	0.15940372096842131
-0.008999999999999897	0.15122364772984484
-0.008000000000000007	0.14257502238071948
-0.006999999999999895	0.13336672141506867
-0.006000000000000005	0.12347359132683794
-0.004999999999999893	0.1127154520431377
-0.0040000000000000036	0.10081576515323051
-0.0029999999999998916	0.087309013724662
-0.0020000000000000018	0.07128751119035974
-0.0009999999999998899	0.05040788257661246
0.	0.
6.2	0.
6.2010000000000005	0.0018878963463238973
6.202	0.0026698886173258693
6.203	0.0032699323912566396
6.204	0.0037757926926477946
6.205	0.00422146456485372
6.206	0.004624382735758225
6.207	0.004994904233440502
6.208	0.0053397772346517386
6.2090000000000005	0.005663689038971693
6.21	0.005970052440693567
6.211	0.006261443823839222
6.212	0.006539864782513279
6.213	0.0068069070794319324
6.214	0.007063861309686345
6.215	0.007311791108678283
6.216	0.007551585385295589
6.2170000000000005	0.0077839960461110885
6.218	0.008009665851977607
6.219	0.008229149389505534
6.22	0.00844292912970744
6.221	0.008651427911259826
6.222	0.008855018775710677
6.223	0.009054032810447052
6.224	0.00924876547151645
6.2250000000000005	0.009439481731619487
6.226	0.009626420309546075
6.227	0.009809797173769919
6.228	0.009989808466881004
6.229	0.010166632963741266
6.23	0.010340434151131837
6.231	0.010511361997779202
6.232	0.010679554469303477
6.2330000000000005	0.010845138831627884
6.234	0.01100823277786885
6.235	0.011168945407074441
6.236	0.011327378077943385
6.237	0.011483625156505915
6.238	0.011637774673433
6.239	0.011789908903976387
6.24	0.011940104881387133
6.2410000000000005	0.012088434852907465
6.242	0.012234966685996782
6.243	0.012379764231273316
6.244	0.012522887647678444
6.245	0.012664393694561156
6.246	0.012804335994705216
6.247	0.01294276527175575
6.248	0.013079729565026559
6.2490000000000006	0.01321527442426728
6.25	0.013349443086629345
6.251	0.013482276637779657
6.252	0.013613814158863865
6.253	0.013744092860809161
6.2540000000000004	0.013873148207274675
6.255	0.014001014027400716
6.256	0.01412772261937269
6.257000000000001	0.014253304845697992
6.258	0.014377790220992271
6.259	0.014501206992982487
6.26	0.014623582217356566
6.261	0.014744941827021577
6.2620000000000005	0.014865310696272498
6.263	0.014984712700321503
6.264	0.015103170770591179
6.265000000000001	0.015220706946134364
6.266	0.015337342421507253
6.267	0.015453097591390184
6.268	0.015567992092222177
6.269	0.015682044841089933
6.2700000000000005	0.01579527407208936
6.271	0.015907697370357583
6.272	0.016019331703955215
6.273000000000001	0.01613019345376266
6.274	0.01624029844153952
6.275	0.016349661956283196
6.276	0.016458298779011067
6.277	0.0165662232060799
6.2780000000000005	0.01667344907114672
6.279	0.01677998976586656
6.28	0.01688585825941488
6.281000000000001	0.016991067116915077
6.282	0.01709562851684535
6.283	0.017199554267493068
6.284	0.017302855822519652
6.285	0.017405544295693978
6.2860000000000005	0.017507630474848056
6.287	0.017609124835104427
6.288	0.017710037551421354
6.289000000000001	0.017810378510498246
6.29	0.017910157322080702
6.291	0.01800938332970188
6.292	0.018108065620894103
6.293	0.018206213036902272
6.2940000000000005	0.018303834181928474
6.295	0.018400937431935268
6.296	0.0184975309430329
6.297000000000001	0.01859362265947448
6.298	0.018689220321281085
6.299	0.01878433147151766
6.3	0.018878963463238974
6.301	0.018973123466123735
6.3020000000000005	0.019066818472813923
6.303	0.019160055304975023
6.304	0.01925284061909215
6.305000000000001	0.01934518091201598
6.306	0.019437082526271552
6.307	0.01952855165514212
6.308	0.019619594347539838
6.309	0.019710216512673833
6.3100000000000005	0.019800423924526047
6.311	0.019890222226144342
6.312	0.019979616933762007
6.313000000000001	0.02006861344075202
6.314	0.020157217021424253
6.315	0.02024543283467308
6.316	0.02033326592748253
6.317	0.0204207212382958
6.3180000000000005	0.020507803600255402
6.319	0.02059451774432
6.32	0.020680868302263674
6.321	0.020766859809562874
6.322	0.020852496708176235
6.323	0.02093778334922214
6.324	0.021022723995558403
6.325	0.0211073228242686
6.3260000000000005	0.021191583929059035
6.327	0.021275511322570283
6.328	0.021359108938606954
6.329000000000001	0.021442380634289247
6.33	0.021525330192129592
6.331	0.021607961322037506
6.332	0.021690277663255767
6.333	0.02177228278623064
6.3340000000000005	0.021853980194419007
6.335	0.021935373326034853
6.336	0.0220164655557377
6.337	0.022097260196265227
6.338	0.02217776050001241
6.339	0.0222579696605592
6.34	0.022337890814148883
6.341	0.02241752704111897
6.3420000000000005	0.022496881367286517
6.343	0.022575956765289625
6.344	0.02265475615588677
6.345	0.022733282409215624
6.346	0.022811538346012867
6.347	0.022889526738796472
6.348	0.02296725031301183
6.349	0.02304471174814311
6.3500000000000005	0.023121913678791125
6.351	0.02319885869571887
6.352	0.023275549346866
6.353	0.023351988138333262
6.354	0.023428177535338098
6.355	0.02350411996314229
6.356	0.023579817807952774
6.357	0.023655273417796507
6.3580000000000005	0.02373048910337023
6.359	0.02380546713886615
6.36	0.023880209762774267
6.361	0.023954719178662112
6.362	0.024028997555932824
6.363	0.024103047030562107
6.364	0.02417686970581493
6.365	0.024250467652942594
6.3660000000000005	0.024323842911860745
6.367	0.024396997491809135
6.368	0.024469933371993564
6.369	0.024542652502210667
6.37	0.024615156803456086
6.371	0.024687448168516597
6.372	0.024759528462546632
6.373	0.02483139952362975
6.3740000000000006	0.02490306316332557
6.375	0.024974521167202512
6.376	0.025045775295356888
6.377	0.025116827282918763
6.378	0.02518767884054494
6.3790000000000004	0.02525833165489951
6.38	0.025328787389122313
6.381	0.02539904768328578
6.382000000000001	0.02546911415484033
6.383	0.025538988399048838
6.384	0.02560867198941043
6.385	0.02567816647807388
6.386	0.025747473396241047
6.3870000000000005	0.025816594254560447
6.388	0.0258855305435115
6.389	0.025954283733779473
6.390000000000001	0.026022855276621605
6.391	0.026091246604224495
6.392	0.026159459130053117
6.393	0.026227494249191675
6.394	0.0262953533386765
6.3950000000000005	0.026363037757821246
6.396	0.02643054884853456
6.397	0.026497887935630546
6.398000000000001	0.026565056327132037
6.399	0.026632055314567086
6.4	0.02669888617325869
6.401	0.026765550162608044
6.402	0.026832048526371423
6.4030000000000005	0.026898382492930938
6.404	0.026964553275559314
6.405	0.027030562072678767
6.406000000000001	0.027096410068114238
6.407	0.027162098431341163
6.408	0.02722762831772773
6.409	0.027293000868772056
6.41	0.02735821721233413
6.4110000000000005	0.027423278462862872
6.412	0.027488185721618322
6.413	0.02755294007688916
6.414000000000001	0.027617542604205535
6.415	0.02768199436654756
6.416	0.02774629641454935
6.417	0.027810449786698836
6.418	0.02787445550953346
6.4190000000000005	0.02793831459783183
6.42	0.028002028054801432
6.421	0.028065596872262483
6.422000000000001	0.028129022030828107
6.423	0.028192304500080794
6.424	0.02825544523874538
6.425	0.028318445194858457
6.426	0.02838130530593449
6.4270000000000005	0.028444026499128573
6.428	0.028506609691395984
6.429	0.02856905578964861
6.430000000000001	0.02863136569090825
6.431	0.02869354028245697
6.432	0.028755580441984542
6.433	0.028817487037732962
6.434	0.02887926092863823
6.4350000000000005	0.02894090296446939
6.436	0.029002413985964974
6.437	0.029063794824966672
6.438000000000001	0.029125046304550706
6.439	0.029186169239156512
6.44	0.029247164434713133
6.441	0.029308032688763197
6.442	0.02936877479058456
6.4430000000000005	0.029429391521309748
6.444	0.029489883654043154
6.445	0.02955025195397604
6.446	0.029610497178499513
6.447	0.029670620077315385
6.448	0.029730621392544995
6.449	0.0297905018588361
6.45	0.029850262203467832
6.4510000000000005	0.029909903146453743
6.452	0.029969425400643006
6.453	0.03002882967181987
6.454000000000001	0.03008811665880124
6.455	0.030147287053532625
6.456	0.030206341541182357
6.457	0.030265280800234152
6.458	0.03032410550257806
6.4590000000000005	0.030382816313599834
6.46	0.030441413892268728
6.461	0.030499898891223797
6.462	0.030558271956858715
6.463	0.03061653372940511
6.464	0.030674684843014506
6.465	0.030732725925838845
6.466	0.030790657600109652
6.4670000000000005	0.030848480482215866
6.468	0.030906195182780368
6.469	0.03096380230673519
6.470000000000001	0.031021302453395513
6.471	0.03107869621653241
6.472	0.031135984184444354
6.473	0.03119316694002762
6.474	0.03125024506084544
6.4750000000000005	0.03130721911919611
6.476	0.031364089682179866
6.477	0.03142085731176482
6.478	0.031477522564851694
6.479	0.0315340859933376
6.48	0.03159054814417872
6.481	0.03164690955945204
6.482	0.03170317077641604
6.4830000000000005	0.031759332327570486
6.484	0.03181539474071517
6.485	0.03187135853900786
6.486000000000001	0.031927224241021214
6.487	0.031982992360798816
6.488	0.03203866340791043
6.489	0.03209423788750625
6.49	0.03214971630037044
6.4910000000000005	0.032205099142973745
6.492	0.03226038690752532
6.493	0.032315580082023815
6.494	0.03237067915030757
6.495	0.032425684592104154
6.496	0.03248059688307904
6.497	0.032535416494883646
6.498	0.032590143895202574
6.4990000000000006	0.032644779547800186
6.5	0.03269932391256639
6.501	0.0327537774455619
6.502	0.03280814059906264
6.503	0.032862413821603625
6.5040000000000004	0.032916597558022134
6.505	0.03297069224950019
6.506	0.03302469833360654
6.507000000000001	0.033078616244337944
6.508	0.0331324464121598
6.509	0.03318618926404634
6.51	0.03323984522352003
6.511	0.03329341471069062
6.5120000000000005	0.03334689814229344
6.513	0.03340029593172727
6.514	0.033453608489091576
6.515000000000001	0.033506836221223316
6.516	0.03355997953173312
6.517	0.033613038821041004
6.518	0.03366601448641155
6.519	0.03371890692198867
6.5200000000000005	0.03377171651882976
6.521	0.03382444366493944
6.522	0.03387708874530285
6.523000000000001	0.0339296521419184
6.524	0.033982134233830154
6.525	0.034034535397159664
6.526	0.03408685600513748
6.527	0.03413909642813413
6.5280000000000005	0.0341912570336907
6.529	0.034243338186549024
6.53	0.034295340248681444
6.531000000000001	0.03434726357932016
6.532	0.034399108534986136
6.533	0.03445087546951774
6.534	0.034502564734098864
6.535	0.034554176677286726
6.5360000000000005	0.034605711645039304
6.537	0.0346571699807424
6.538	0.034708552025236296
6.539000000000001	0.034759858116842166
6.54	0.034811088591387956
6.541	0.03486224378223417
6.542	0.034913324020299
6.543	0.03496432963408351
6.5440000000000005	0.03501526094969611
6.545	0.035066118290876976
6.546	0.035116901979022
6.547000000000001	0.035167612333206574
6.548	0.035218249670208854
6.549	0.035268814304532964
6.55	0.035319306548431725
6.551	0.035369726711929166
6.5520000000000005	0.03542007510284271
6.553	0.03547035202680517
6.554	0.03552055778728629
6.555	0.035570692685614205
6.556	0.03562075702099649
6.557	0.035670751090541034
6.558	0.03572067518927655
6.559	0.03577052961017296
6.5600000000000005	0.035820314644161404
6.561	0.035870030580154054
6.562	0.03591967770506369
6.563000000000001	0.03596925630382302
6.564	0.03601876665940376
6.565	0.03606820905283542
6.566	0.03611758376322401
6.567	0.03616689106777033
6.5680000000000005	0.036216131241788206
6.569	0.0362653045587224
6.57	0.036314411290166264
6.571	0.03636345170587931
6.572	0.036412426073804544
6.573	0.03646133466008539
6.574	0.03651017772908271
6.575	0.03655895554339142
6.5760000000000005	0.03660766836385695
6.577	0.03665631644959156
6.578	0.036704900057990354
6.579000000000001	0.03675341944474722
6.58	0.036801874863870536
6.581	0.036850266567698645
6.582	0.036898594806915236
6.583	0.03694685983056443
6.5840000000000005	0.0369950618860658
6.585	0.03704320121922917
6.586	0.037091278074269214
6.587	0.03713929269381995
6.588	0.03718724531894896
6.589	0.03723513618917157
6.59	0.0372829655424648
6.591	0.03733073361528113
6.5920000000000005	0.03737844064256217
6.593	0.037426086857752124
6.594	0.03747367249281114
6.595000000000001	0.03752119777822841
6.596	0.03756866294303532
6.597	0.037616068214818235
6.598	0.03766341381973124
6.599	0.03771069998250875
6.6000000000000005	0.03775792692647795
6.601	0.03780509487357109
6.602	0.037852204044337694
6.603	0.03789925465795651
6.604	0.03794624693224747
6.605	0.03799318108368348
6.606	0.038040057327401955
6.607	0.038086875877216424
6.6080000000000005	0.038133636945627845
6.609	0.0381803407438359
6.61	0.03822698748175011
6.611000000000001	0.03827357736800079
6.612	0.038320110609950046
6.613	0.03836658741370242
6.614	0.03841300798411564
6.615	0.0384593725248111
6.6160000000000005	0.0385056812381843
6.617	0.03855193432541513
6.618	0.0385981319864781
6.619	0.038644274420152426
6.62	0.03869036182403196
6.621	0.03873639439453515
6.622	0.038782372326914664
6.623	0.038828295815267255
6.6240000000000006	0.038874165052543104
6.625	0.038919980230555436
6.626	0.038965741539989836
6.627	0.03901144917041346
6.628	0.03905710331028424
6.6290000000000004	0.03910270414695995
6.63	0.03914825186670717
6.631	0.039193746654710176
6.632000000000001	0.039239188695079676
6.633	0.03928457817086154
6.634	0.03932991526404544
6.635	0.039375200155573276
6.636	0.039420433025347666
6.6370000000000005	0.03946561405224026
6.638	0.039510743414100005
6.639	0.0395558212877613
6.640000000000001	0.039600847849052094
6.641	0.03964582327280184
6.642	0.03969074773284952
6.643	0.03973562140205136
6.644	0.039780444452288684
6.6450000000000005	0.03982521705447553
6.646	0.0398699393785663
6.647	0.039914611593563264
6.648000000000001	0.039959233867524015
6.649	0.04000380636756884
6.65	0.040048329259888035
6.651	0.04009280270974914
6.652	0.04013722688150404
6.6530000000000005	0.04018160193859614
6.654	0.04022592804356733
6.655	0.04027020535806491
6.656000000000001	0.040314434042848506
6.657	0.04035861425779689
6.658	0.04040274616191466
6.659	0.04044682991333898
6.66	0.04049086566934616
6.6610000000000005	0.04053485358635823
6.662	0.040578793819949374
6.663	0.0406226865248524
6.664000000000001	0.04066653185496506
6.665	0.04071032996335636
6.666	0.04075408100227281
6.667	0.04079778512314458
6.668	0.0408414424765916
6.6690000000000005	0.04088505321242965
6.67	0.040928617479676334
6.671	0.04097213542655703
6.672000000000001	0.041015607200510805
6.673	0.04105903294819614
6.674	0.04110241281549684
6.675	0.041145746947527664
6.676	0.04118903548864
6.6770000000000005	0.04123227858242749
6.678	0.04127547637173158
6.679	0.041318628998647015
6.68	0.04136173660452735
6.681	0.04140479932999025
6.682	0.04144781731492292
6.683	0.041490790698487386
6.684	0.04153371961912575
6.6850000000000005	0.041576604214565355
6.686	0.04161944462182402
6.687	0.04166224097721509
6.688000000000001	0.04170499341635247
6.689	0.04174770207415572
6.69	0.041790367084854965
6.691	0.041832988581995814
6.692	0.04187556669844428
6.6930000000000005	0.04191810156639156
6.694	0.041960593317358866
6.695	0.042003042082202145
6.696	0.042045447991116806
6.697	0.04208781117364232
6.698	0.0421301317586669
6.699	0.04217240987443208
6.7	0.0422146456485372
6.7010000000000005	0.04225683920794389
6.702	0.04229899067898059
6.703	0.04234110018734692
6.704000000000001	0.04238316785811807
6.705	0.04242519381574911
6.706	0.04246717818407928
6.707	0.0425091210863363
6.708	0.04255102264514057
6.7090000000000005	0.042592882982509274
6.71	0.042634702219860654
6.711	0.04267648047801804
6.712	0.04271821787721391
6.713	0.04275991453709398
6.714	0.04280157057672118
6.715	0.04284318611457961
6.716	0.04288476126857849
6.7170000000000005	0.042926296156056074
6.718	0.042967790893783414
6.719	0.04300924559796835
6.720000000000001	0.043050660384259185
6.721	0.043092035367748485
6.722	0.04313337066297682
6.723	0.04317466638393645
6.724	0.04321592264407501
6.7250000000000005	0.043257139556299125
6.726	0.04329831723297802
6.727	0.04333945578594711
6.728	0.043380555326511534
6.729	0.04342161596544964
6.73	0.043462637813016534
6.731	0.04350362097894746
6.732	0.04354456557246128
6.7330000000000005	0.04358547170226386
6.734	0.0436263394765514
6.735	0.04366716900301381
6.736000000000001	0.043707960388838014
6.737	0.04374871374071124
6.738	0.043789429164824235
6.739	0.04383010676687455
6.74	0.043870746652069706
6.7410000000000005	0.04391134892513038
6.742	0.04395191369029353
6.743	0.043992441051315556
6.744	0.0440329311114754
6.745	0.04407338397357753
6.746	0.04411379973995512
6.747	0.04415417851247294
6.748	0.044194520392530454
6.7490000000000006	0.044234825481064735
6.75	0.04427509387855339
6.751	0.044315325685017594
6.752000000000001	0.04435552100002482
6.753	0.04439567992269186
6.7540000000000004	0.04443580255168763
6.755	0.04447588898523595
6.756	0.0445159393211184
6.757000000000001	0.044555953656677104
6.758	0.044595932088817486
6.759	0.044635874714010974
6.76	0.044675781628297766
6.761	0.04471565292728946
6.7620000000000005	0.044755488706171825
6.763	0.04479528905970735
6.764	0.04483505408223794
6.765000000000001	0.044874783867687465
6.766	0.044914478509564454
6.767	0.04495413810096451
6.768000000000001	0.044993762734573034
6.769	0.045033352502667566
6.7700000000000005	0.04507290749712047
6.771	0.045112427809401286
6.772	0.04515191353057925
6.773000000000001	0.04519136475132577
6.774	0.04523078156191679
6.775	0.045270164052235266
6.776	0.04530951231177354
6.777	0.04534882642963565
6.7780000000000005	0.045388106494539775
6.779	0.04542735259482052
6.78	0.04546656481843125
6.781000000000001	0.04550574325294636
6.782	0.04554488798556361
6.783	0.045583999103106336
6.784	0.045623076692025734
6.785	0.045662120838403084
6.7860000000000005	0.04570113162795193
6.787	0.04574010914602033
6.788	0.045779053477592944
6.789	0.04581796470729333
6.79	0.04585684291938599
6.791	0.04589568819777849
6.792	0.04593450062602366
6.793	0.04597328028732157
6.7940000000000005	0.04601202726452176
6.795	0.04605074164012516
6.796	0.04608942349628622
6.797000000000001	0.04612807291481493
6.798	0.04616668997717884
6.799	0.04620527476450507
6.8	0.04624382735758225
6.801	0.04628234783686255
6.8020000000000005	0.04632083628246362
6.803	0.046359292774170544
6.804	0.04639771739143774
6.805	0.04643611021339092
6.806	0.04647447131882891
6.807	0.04651280078622566
6.808	0.046551098693732
6.809	0.04658936511917758
6.8100000000000005	0.04662760014007266
6.811	0.046665803833609965
6.812	0.046703976276666524
6.813000000000001	0.04674211754580545
6.814	0.046780227717277696
6.815	0.04681830686702392
6.816	0.046856355070676196
6.817	0.046894372403559745
6.8180000000000005	0.04693235894069473
6.819	0.046970314756797964
6.82	0.04700823992628458
6.821	0.04704613452326979
6.822	0.04708399862157059
6.823	0.04712183229470735
6.824	0.04715963561590555
6.825	0.04719740865809743
6.8260000000000005	0.04723515149392361
6.827	0.047272864195734704
6.828	0.04731054683559301
6.829000000000001	0.04734819948527402
6.83	0.04738582221626808
6.831	0.04742341509978198
6.832	0.04746097820674046
6.833	0.04749851160778783
6.8340000000000005	0.04753601537328953
6.835	0.04757348957333361
6.836	0.0476109342777323
6.837	0.04764834955602353
6.838	0.04768573547747241
6.839	0.04772309211107274
6.84	0.047760419525548534
6.841	0.04779771778935538
6.8420000000000005	0.04783498697068207
6.843	0.04787222713745191
6.844	0.047909438357324224
6.845000000000001	0.04794662069769581
6.846	0.04798377422570234
6.847	0.04802089900821973
6.848	0.04805799511186565
6.849	0.048095062603000796
6.8500000000000005	0.04813210154773037
6.851	0.04816911201190543
6.852	0.048206094061124215
6.853	0.04824304776073354
6.854	0.04827997317583017
6.855	0.04831687037126208
6.856	0.04835373941162986
6.857	0.048390580361287995
6.8580000000000005	0.04842739328434614
6.859	0.04846417824467054
6.86	0.04850093530588519
6.861000000000001	0.04853766453137318
6.862	0.04857436598427803
6.863	0.04861103972750479
6.864	0.04864768582372149
6.865	0.04868430433536023
6.8660000000000005	0.04872089532461856
6.867	0.048757458853460584
6.868	0.04879399498361827
6.869	0.04883050377659265
6.87	0.04886698529365497
6.871	0.048903439595848
6.872	0.04893986674398713
6.873	0.04897626679866158
6.8740000000000006	0.04901263982023559
6.875	0.049048985868849586
6.876	0.049085305004421334
6.877000000000001	0.04912159728664707
6.878	0.0491578627750027
6.8790000000000004	0.04919410152874487
6.88	0.04923031360691217
6.881	0.0492664990683262
6.882000000000001	0.04930265797159266
6.883	0.04933879037510255
6.884	0.049374896337033194
6.885	0.04941097591534939
6.886	0.04944702916780441
6.8870000000000005	0.049483056151941186
6.888	0.049519056925093265
6.889	0.04955503154438599
6.890000000000001	0.04959098006673747
6.891	0.049626902548859694
6.892	0.0496627990472595
6.893000000000001	0.04969866961823972
6.894	0.04973451431790006
6.8950000000000005	0.0497703332021383
6.896	0.04980612632665114
6.897	0.04984189374693537
6.898000000000001	0.04987763551828874
6.899	0.04991335169581104
6.9	0.049949042334405024
6.901	0.04998470748877749
6.902	0.050020347213440154
6.9030000000000005	0.05005596156271073
6.904	0.050091550590713775
6.905	0.05012711435138172
6.906000000000001	0.050162652898455874
6.907	0.05019816628548722
6.908	0.050233654565837525
6.909	0.05026911779268015
6.91	0.05030455601900105
6.9110000000000005	0.050339969297599686
6.912	0.05037535768108988
6.913	0.05041072122190086
6.914	0.050446059972277996
6.915	0.05048137398428385
6.916	0.05051666330979902
6.917	0.05055192800052296
6.918	0.05058716810797497
6.9190000000000005	0.050622383683495024
6.92	0.050657574778244625
6.921	0.05069274144320773
6.922000000000001	0.05072788372919152
6.923	0.05076300168682735
6.924	0.05079809536657156
6.925	0.050833164818706325
6.926	0.05086821009334047
6.9270000000000005	0.05090323124041035
6.928	0.05093822830968066
6.929	0.05097320135074523
6.93	0.0510081504130279
6.931	0.0510430755457833
6.932	0.051077976798097675
6.933	0.05111285421888967
6.934	0.051147707856911154
6.9350000000000005	0.05118253776074799
6.936	0.05121734397882086
6.937	0.051252126559386005
6.938000000000001	0.051286885550536045
6.939	0.05132162100020074
6.94	0.05135633295614776
6.941	0.05139102146598346
6.942	0.051425686577153594
6.9430000000000005	0.05146032833694417
6.944	0.051494946792482094
6.945	0.051529541990736
6.946	0.05156411397851696
6.947	0.051598662802479205
6.948	0.051633188509120895
6.949	0.05166769114478484
6.95	0.0517021707556592
6.9510000000000005	0.05173662738777822
6.952	0.051771061087023
6.953	0.05180547189912211
6.954000000000001	0.051839859869652366
6.955	0.05187422504403951
6.956	0.051908567467558946
6.957	0.05194288718533637
6.958	0.05197718424234855
6.9590000000000005	0.052011458683423877
6.96	0.05204571055324321
6.961	0.052079939896340466
6.962	0.05211414675710327
6.963	0.05214833117977373
6.964	0.05218249320844899
6.965	0.052216632887081935
6.966	0.05225075025948192
6.9670000000000005	0.052284845369315325
6.968	0.052318918260106234
6.969	0.05235296897523711
6.970000000000001	0.05238699755794946
6.971	0.0524210040513444
6.972	0.05245498849838335
6.973	0.052488950941888636
6.974	0.052522891424544166
6.9750000000000005	0.052556809988896
6.976	0.052590706677353
6.977	0.05262458153218746
6.978	0.05265843459553567
6.979	0.052692265909398614
6.98	0.05272607551564249
6.981	0.05275986345599936
6.982	0.052793629772067766
6.9830000000000005	0.05282737450531328
6.984	0.05286109769706912
6.985	0.05289479938853677
6.986000000000001	0.052928479620786506
6.987	0.05296213843475805
6.988	0.05299577587126109
6.989	0.0530293919709759
6.99	0.05306298677445386
6.9910000000000005	0.053096560322118125
6.992	0.053130112654264074
6.993	0.05316364381105997
6.994	0.05319715383254746
6.995	0.05323064275864215
6.996	0.05326411062913417
6.997	0.05329755748368876
6.998	0.05333098336184671
6.9990000000000006	0.053364388303025014
7.	0.05339777234651738
7.001	0.05343113553149474
7.002000000000001	0.053464477897005806
7.003	0.05349779948197763
7.0040000000000004	0.05353110032521609
7.005	0.053564380465406417
7.006	0.05359763994111377
7.007000000000001	0.05363087879078375
7.008	0.053664097052742846
7.009	0.05369729476519898
7.01	0.053730471966242095
7.011	0.05376362869384461
7.0120000000000005	0.053796764985861875
7.013	0.053829880880032765
7.014	0.053862976413980135
7.015000000000001	0.05389605162521132
7.016	0.05392910655111863
7.017	0.053962141228979875
7.018000000000001	0.05399515569595881
7.019	0.05402814998910564
7.0200000000000005	0.054061124145357534
7.021	0.05409407820153905
7.022	0.05412701219436267
7.023000000000001	0.05415992616042924
7.024	0.054192820136228476
7.025	0.054225694158139416
7.026	0.05425854826243085
7.027	0.05429138248526188
7.0280000000000005	0.05432419686268233
7.029	0.054356991430633154
7.03	0.054389766224947046
7.031000000000001	0.05442252128134872
7.032	0.05445525663545546
7.033	0.05448797232277761
7.034	0.05452066837871893
7.035	0.054553344838577086
7.0360000000000005	0.05458600173754411
7.037	0.054618639110706815
7.038	0.054651256993047244
7.039	0.054683855419443116
7.04	0.05471643442466826
7.041	0.054748994043393034
7.042	0.05478153431018474
7.043	0.05481405525950813
7.0440000000000005	0.054846556925725744
7.045	0.054879039343098346
7.046	0.05491150254578543
7.047000000000001	0.05494394656784552
7.048	0.054976371443236645
7.049	0.05500877720581679
7.05	0.055041163889344234
7.051	0.055073531527478015
7.0520000000000005	0.05510588015377832
7.053	0.055138209801706854
7.054	0.05517052050462734
7.055	0.05520281229580579
7.056	0.05523508520841107
7.057	0.055267339275515096
7.058	0.05529957453009342
7.059	0.0553317910050255
7.0600000000000005	0.05536398873309512
7.061	0.055396167746990826
7.062	0.055428328079306255
7.063000000000001	0.055460469762540536
7.064	0.0554925928290987
7.065	0.05552469731129202
7.066	0.055556783241338434
7.067	0.05558885065136286
7.0680000000000005	0.05562089957339767
7.069	0.05565293003938294
7.07	0.05568494208116692
7.071	0.055716935730506366
7.072	0.05574891101906692
7.073	0.05578086797842344
7.074	0.05581280664006037
7.075	0.055844727035372195
7.0760000000000005	0.05587662919566366
7.077	0.055908513152150244
7.078	0.055940378935958414
7.079000000000001	0.05597222657812608
7.08	0.056004056109602865
7.081	0.056035867561250535
7.082	0.056067660963843254
7.083	0.05609943634806802
7.0840000000000005	0.056131193744524965
7.085	0.05616293318372771
7.086	0.05619465469610366
7.087	0.056226358311994455
7.088	0.056258044061656215
7.089	0.056289711975259865
7.09	0.05632136208289158
7.091	0.05635299441455299
7.0920000000000005	0.05638460900016159
7.093	0.05641620586955106
7.094	0.05644778505247155
7.095000000000001	0.056479346578590064
7.096	0.05651089047749076
7.097	0.056542416778675275
7.098	0.056573925511563025
7.099	0.05660541670549158
7.1000000000000005	0.056636890389716914
7.101	0.05666834659341379
7.102	0.05669978534567601
7.103	0.05673120667551677
7.104	0.05676261061186898
7.105	0.05679399718358556
7.106	0.05682536641943972
7.107	0.05685671834812533
7.1080000000000005	0.056888052998257145
7.109	0.056919370398371215
7.11	0.05695067057692507
7.111000000000001	0.05698195356229815
7.112	0.05701321938279197
7.113	0.057044468066630515
7.114	0.05707569964196053
7.115	0.057106914136851726
7.1160000000000005	0.05713811157929722
7.117	0.0571692919972137
7.118	0.05720045541844178
7.119	0.05723160187074627
7.12	0.0572627313818165
7.121	0.05729384397926652
7.122	0.0573249396906355
7.123	0.05735601854338794
7.1240000000000006	0.05738708056491394
7.125	0.05741812578252957
7.126	0.057449154223477045
7.127000000000001	0.05748016591492506
7.128	0.057511160883969084
7.1290000000000004	0.057542139157631594
7.13	0.057573100762862366
7.131	0.05760404572653873
7.132000000000001	0.057634974075465924
7.133	0.05766588583637723
7.134	0.057696781035934355
7.135	0.05772765970072767
7.136	0.05775852185727646
7.1370000000000005	0.057789367532029144
7.138	0.057820196751363684
7.139	0.057851009541587686
7.140000000000001	0.05788180592893878
7.141	0.057912585939584815
7.142	0.05794334959962412
7.143000000000001	0.05797409693508579
7.144	0.05800482797192995
7.1450000000000005	0.05803554273604796
7.146	0.05806624125326274
7.147	0.05809692354932897
7.148000000000001	0.058127589649933344
7.149	0.05815823958069486
7.15	0.058188873367165
7.151	0.05821949103482809
7.152	0.05825009260910141
7.1530000000000005	0.05828067811533558
7.154	0.058311247578814646
7.155	0.058341801024756515
7.156000000000001	0.058372338478313024
7.157	0.05840285996457028
7.158	0.05843336550854887
7.159000000000001	0.05846385513520412
7.16	0.058494328869426265
7.1610000000000005	0.058524786736040814
7.162	0.058555228759808654
7.163	0.05858565496542635
7.164	0.058616065377526394
7.165	0.05864646002067739
7.166	0.058676838919384314
7.167	0.058707202098088766
7.168	0.05873754958116912
7.1690000000000005	0.058767881392940854
7.17	0.05879819755765671
7.171	0.05882849809950693
7.172000000000001	0.058858783042619496
7.173	0.058889052411060384
7.174	0.058919306228833686
7.175	0.058949544519881936
7.176	0.05897976730808631
7.1770000000000005	0.05900997461726677
7.178	0.05904016647118242
7.179	0.059070342893531566
7.18	0.05910050390795208
7.181	0.05913064953802149
7.182	0.05916077980725732
7.183	0.059190894739117164
7.184	0.05922099435699903
7.1850000000000005	0.059251078684241475
7.186	0.059281147744123824
7.187	0.05931120155986641
7.188000000000001	0.05934124015463077
7.189	0.05937126355151982
7.19	0.059401271773578124
7.191	0.05943126484379206
7.192	0.05946124278508999
7.1930000000000005	0.05949120562034256
7.194	0.059521153372362856
7.195	0.05955108606390654
7.196	0.0595810037176722
7.197	0.059610906356301376
7.198	0.059640794002378886
7.199	0.05967066667843303
7.2	0.059700524406935664
7.2010000000000005	0.05973036721030254
7.202	0.0597601951108934
7.203	0.05979000813101225
7.204000000000001	0.059819806292907486
7.205	0.05984958961877213
7.206	0.05987935813074401
7.207000000000001	0.05990911185090597
7.208	0.05993885080128601
7.2090000000000005	0.05996857500385755
7.21	0.05999828448053954
7.211	0.060027979253196716
7.212	0.06005765934363974
7.213	0.06008732477362544
7.214	0.06011697556485692
7.215	0.060146611738983835
7.216	0.06017623331760248
7.2170000000000005	0.06020584032225606
7.218	0.06023543277443481
7.219	0.06026501069557626
7.220000000000001	0.06029457410706525
7.221	0.06032412303023431
7.222	0.06035365748636374
7.223000000000001	0.060383177496681754
7.224	0.060412683082364714
7.225	0.060442174264537324
7.226	0.06047165106427276
7.227	0.060501113502592865
7.228	0.060530561600468304
7.229	0.06055999537881877
7.23	0.06058941485851316
7.231	0.06061882006036967
7.232	0.06064821100515612
7.2330000000000005	0.06067758771358996
7.234	0.06070695020633854
7.235	0.060736298504019244
7.236000000000001	0.06076563262719967
7.237	0.0607949525963978
7.238	0.060824258432082175
7.239	0.06085355015467201
7.24	0.060882827784537456
7.241	0.06091209134199965
7.242	0.060941340847330994
7.243	0.06097057632075519
7.244	0.060999797782447594
7.245	0.061029005252535136
7.246	0.061058198751096686
7.247	0.06108737829816309
7.248	0.06111654391371743
7.2490000000000006	0.06114569561769506
7.25	0.06117483342998391
7.251	0.0612039573704245
7.252000000000001	0.06123306745881022
7.253	0.061262163714887394
7.2540000000000004	0.06129124615835551
7.255	0.061320314808867314
7.256	0.06134936968602901
7.257	0.061378410809400395
7.258	0.061407438198494986
7.259	0.061436451872780254
7.26	0.06146545185167769
7.261	0.06149443815456298
7.2620000000000005	0.0615234108007662
7.263	0.0615523698095719
7.264	0.061581315200219304
7.265000000000001	0.06161024699190243
7.266	0.06163916520377029
7.267	0.06166806985492695
7.268000000000001	0.06169696096443173
7.269	0.06172583855129938
7.2700000000000005	0.06175470263450015
7.271	0.061783553232959997
7.272	0.061812390365560736
7.273	0.0618412140511401
7.274	0.061870024308492005
7.275	0.06189882115636657
7.276	0.06192760461347038
7.277	0.0619563746984665
7.2780000000000005	0.061985131429974756
7.279	0.062013874826571724
7.28	0.062042604906791025
7.281000000000001	0.06207132168912334
7.282	0.06210002519201661
7.283	0.062128715433876144
7.284000000000001	0.06215739243306482
7.285	0.062186056207903115
7.2860000000000005	0.06221470677666936
7.287	0.062243344157599786
7.288	0.06227196836888871
7.289	0.062300579428688614
7.29	0.06232917735511035
7.291	0.062357762166223255
7.292	0.06238633388005524
7.293	0.062414892514592944
7.2940000000000005	0.06244343808778193
7.295	0.062471970617526684
7.296	0.06250049012169089
7.297000000000001	0.06252899661809745
7.298	0.06255749012452871
7.299	0.06258597065872647
7.300000000000001	0.06261443823839222
7.301	0.06264289288118721
7.3020000000000005	0.06267133460473265
7.303	0.06269976342660968
7.304	0.06272817936435973
7.305	0.06275658243548439
7.306	0.06278497265744576
7.307	0.06281335004766642
7.308	0.06284171462352964
7.309	0.06287006640237944
7.3100000000000005	0.06289840540152082
7.311	0.06292673163821975
7.312	0.06295504512970339
7.313000000000001	0.06298334589316015
7.314	0.06301163394573987
7.315	0.06303990930455389
7.316000000000001	0.0630681719866752
7.317	0.06309642200913856
7.3180000000000005	0.06312465938894062
7.319	0.06315288414303999
7.32	0.06318109628835744
7.321	0.06320929584177598
7.322	0.06323748282014095
7.323	0.06326565724026018
7.324	0.06329381911890408
7.325	0.06332196847280579
7.3260000000000005	0.06335010531866127
7.327	0.06337822967312938
7.328	0.06340634155283208
7.329000000000001	0.0634344409743545
7.33	0.063462527954245
7.331	0.06349060250901538
7.332000000000001	0.06351866465514097
7.333	0.06354671440906064
7.3340000000000005	0.06357475178717711
7.335	0.06360277680585685
7.336	0.06363078948143033
7.337	0.06365878983019209
7.338	0.06368677786840085
7.339	0.06371475361227959
7.34	0.06374271707801572
7.341	0.06377066828176117
7.3420000000000005	0.06379860723963247
7.343	0.06382653396771086
7.344	0.06385444848204243
7.345000000000001	0.06388235079863822
7.346	0.06391024093347432
7.347	0.06393811890249196
7.348000000000001	0.06396598472159763
7.349	0.06399383840666323
7.3500000000000005	0.06402167997352608
7.351	0.06404950943798908
7.352	0.06407732681582086
7.353	0.06410513212275579
7.354	0.06413292537449419
7.355	0.06416070658670231
7.356	0.0641884757750125
7.357	0.06421623295502339
7.3580000000000005	0.06424397814229979
7.359	0.06427171135237303
7.36	0.06429943260074088
7.361000000000001	0.06432714190286774
7.362	0.0643548392741847
7.363	0.06438252473008968
7.364	0.06441019828594749
7.365	0.06443785995708995
7.366	0.06446550975881599
7.367	0.06449314770639174
7.368	0.06452077381505064
7.369	0.06454838809999354
7.37	0.06457599057638877
7.371	0.06460358125937227
7.372	0.06463116016404763
7.373	0.06465872730548632
7.3740000000000006	0.06468628269872759
7.375	0.06471382635877876
7.376	0.06474135830061514
7.377000000000001	0.06476887853918033
7.378	0.06479638708938605
7.3790000000000004	0.06482388396611251
7.38	0.06485136918420831
7.381	0.06487884275849058
7.382	0.06490630470374514
7.383	0.06493375503472652
7.384	0.06496119376615808
7.385	0.06498862091273208
7.386	0.06501603648910984
7.3870000000000005	0.06504344050992171
7.388	0.06507083298976729
7.389	0.06509821394321547
7.390000000000001	0.06512558338480443
7.391	0.06515294132904191
7.392	0.06518028779040515
7.393000000000001	0.0652076227833411
7.394	0.06523494632226631
7.3950000000000005	0.06526225842156727
7.396	0.06528955909560037
7.397	0.06531684835869192
7.398	0.0653441262251384
7.399	0.06537139270920639
7.4	0.06539864782513279
7.401	0.06542589158712481
7.402	0.0654531240093601
7.4030000000000005	0.06548034510598684
7.404	0.0655075548911238
7.405	0.06553475337886044
7.406000000000001	0.06556194058325701
7.407	0.06558911651834462
7.408	0.06561628119812528
7.409000000000001	0.0656434346365721
7.41	0.06567057684762923
7.4110000000000005	0.06569770784521207
7.412	0.06572482764320725
7.413	0.06575193625547286
7.414	0.06577903369583828
7.415	0.06580611997810455
7.416	0.06583319511604427
7.417	0.06586025912340171
7.418	0.06588731201389293
7.4190000000000005	0.06591435380120589
7.42	0.06594138449900037
7.421	0.06596840412090829
7.422000000000001	0.06599541268053358
7.423	0.0660224101914524
7.424	0.06604939666721309
7.425000000000001	0.06607637212133641
7.426	0.06610333656731547
7.4270000000000005	0.0661302900186159
7.428	0.06615723248867589
7.429	0.06618416399090626
7.43	0.06621108453869064
7.431	0.06623799414538532
7.432	0.0662648928243196
7.433	0.06629178058879567
7.434	0.06631865745208879
7.4350000000000005	0.06634552342744728
7.436	0.06637237852809268
7.437	0.0663992227672198
7.438000000000001	0.0664260561579968
7.439	0.0664528787135652
7.44	0.06647969044704007
7.441000000000001	0.06650649137150999
7.442	0.06653328150003722
7.4430000000000005	0.06656006084565773
7.444	0.06658682942138124
7.445	0.06661358724019137
7.446	0.06664033431504564
7.447	0.0666670706588756
7.448	0.06669379628458688
7.449	0.06672051120505926
7.45	0.06674721543314673
7.4510000000000005	0.06677390898167761
7.452	0.06680059186345454
7.453	0.06682726409125463
7.454000000000001	0.06685392567782952
7.455	0.06688057663590541
7.456	0.06690721697818315
7.457000000000001	0.06693384671733833
7.458	0.06696046586602132
7.4590000000000005	0.06698707443685736
7.46	0.06701367244244663
7.461	0.06704025989536433
7.462	0.0670668368081607
7.463	0.06709340319336114
7.464	0.06711995906346624
7.465	0.06714650443095194
7.466	0.06717303930826943
7.4670000000000005	0.06719956370784541
7.468	0.06722607764208201
7.469	0.0672525811233569
7.470000000000001	0.06727907416402341
7.471	0.06730555677641056
7.472	0.0673320289728231
7.473000000000001	0.0673584907655416
7.474	0.06738494216682252
7.4750000000000005	0.06741138318889829
7.476	0.06743781384397735
7.477	0.0674642341442442
7.478	0.06749064410185955
7.479	0.06751704372896027
7.48	0.06754343303765951
7.481	0.06756981204004683
7.482	0.06759618074818814
7.4830000000000005	0.06762253917412583
7.484	0.06764888732987888
7.485	0.06767522522744279
7.486000000000001	0.06770155287878982
7.487	0.06772787029586885
7.488	0.0677541774906057
7.489	0.06778047447490289
7.49	0.06780676126063997
7.491	0.06783303785967343
7.492	0.0678593042838368
7.493	0.06788556054494074
7.494	0.06791180665477305
7.495	0.0679380426250988
7.496	0.06796426846766031
7.497	0.06799048419417726
7.498	0.06801668981634677
7.4990000000000006	0.06804288534584342
7.5	0.06806907079431933
7.501	0.0680952461734042
7.502000000000001	0.06812141149470541
7.503	0.06814756676980804
7.5040000000000004	0.06817371201027496
7.505	0.06819984722764687
7.506	0.06822597243344236
7.507	0.06825208763915795
7.508	0.06827819285626827
7.509	0.06830428809622589
7.51	0.06833037337046162
7.511	0.06835644869038436
7.5120000000000005	0.0683825140673814
7.513	0.06840856951281818
7.514	0.06843461503803862
7.515000000000001	0.06846065065436496
7.516	0.06848667637309805
7.517	0.06851269220551713
7.518000000000001	0.06853869816288018
7.519	0.06856469425642367
7.5200000000000005	0.06859068049736289
7.521	0.06861665689689189
7.522	0.06864262346618351
7.523	0.06866858021638941
7.524	0.06869452715864031
7.525	0.06872046430404581
7.526	0.0687463916636946
7.527	0.06877230924865443
7.5280000000000005	0.06879821706997227
7.529	0.06882411513867422
7.53	0.06885000346576571
7.531000000000001	0.06887588206223143
7.532	0.06890175093903549
7.533	0.06892761010712135
7.534000000000001	0.0689534595774121
7.535	0.06897929936081018
7.5360000000000005	0.06900512946819773
7.537	0.06903094991043648
7.538	0.06905676069836794
7.539	0.06908256184281326
7.54	0.06910835335457345
7.541	0.06913413524442932
7.542	0.06915990752314168
7.543	0.06918567020145118
7.5440000000000005	0.06921142329007861
7.545	0.06923716679972469
7.546	0.06926290074107033
7.547000000000001	0.0692886251247766
7.548	0.0693143399614848
7.549	0.06934004526181643
7.550000000000001	0.06936574103637337
7.551	0.06939142729573787
7.5520000000000005	0.06941710405047259
7.553	0.06944277131112066
7.554	0.0694684290882057
7.555	0.06949407739223198
7.556	0.06951971623368433
7.557	0.06954534562302825
7.558	0.06957096557071
7.559	0.06959657608715662
7.5600000000000005	0.06962217718277591
7.561	0.06964776886795662
7.562	0.06967335115306836
7.563000000000001	0.06969892404846172
7.564	0.06972448756446833
7.565	0.06975004171140087
7.566000000000001	0.06977558649955314
7.567	0.06980112193920013
7.5680000000000005	0.069826648040598
7.569	0.0698521648139842
7.57	0.06987767226957746
7.571	0.0699031704175779
7.572	0.06992865926816702
7.573	0.06995413883150778
7.574	0.06997960911774465
7.575	0.07000507013700359
7.5760000000000005	0.07003052189939223
7.577	0.0700559644149998
7.578	0.07008139769389721
7.579000000000001	0.07010682174613712
7.58	0.07013223658175395
7.581	0.07015764221076395
7.582000000000001	0.07018303864316529
7.583	0.07020842588893797
7.5840000000000005	0.070233803958044
7.585	0.07025917286042742
7.586	0.0702845326060143
7.587	0.07030988320471275
7.588	0.07033522466641315
7.589	0.07036055700098795
7.59	0.07038588021829191
7.591	0.07041119432816206
7.5920000000000005	0.07043649934041771
7.593	0.07046179526486056
7.594	0.07048708211127477
7.595000000000001	0.07051235988942686
7.596	0.07053762860906593
7.597	0.07056288827992362
7.598000000000001	0.07058813891171409
7.599	0.0706133805141342
7.6000000000000005	0.07063861309686345
7.601	0.0706638366695641
7.602	0.07068905124188113
7.603	0.0707142568234423
7.604	0.07073945342385833
7.605	0.07076464105272269
7.606	0.07078981971961186
7.607	0.07081498943408529
7.6080000000000005	0.07084015020568542
7.609	0.07086530204393783
7.61	0.07089044495835106
7.611000000000001	0.07091557895841691
7.612	0.07094070405361035
7.613	0.07096582025338952
7.614	0.07099092756719588
7.615	0.07101602600445421
7.616	0.07104111557457259
7.617	0.07106619628694251
7.618	0.07109126815093894
7.619	0.07111633117592027
7.62	0.07114138537122841
7.621	0.07116643074618886
7.622	0.07119146731011067
7.623	0.0712164950722866
7.6240000000000006	0.07124151404199298
7.625	0.07126652422848997
7.626	0.0712915256410214
7.627000000000001	0.07131651828881493
7.628	0.07134150218108207
7.6290000000000004	0.07136647732701817
7.63	0.07139144373580256
7.631	0.07141640141659845
7.632	0.0714413503785531
7.633	0.07146629063079778
7.634	0.07149122218244779
7.635	0.07151614504260266
7.636	0.07154105922034593
7.6370000000000005	0.07156596472474541
7.638	0.07159086156485314
7.639	0.07161574974970542
7.640000000000001	0.07164062928832281
7.641	0.07166550018971024
7.642	0.07169036246285702
7.643000000000001	0.07171521611673692
7.644	0.07174006116030811
7.6450000000000005	0.07176489760251324
7.646	0.07178972545227953
7.647	0.0718145447185188
7.648	0.07183935541012738
7.649	0.07186415753598632
7.65	0.07188895110496135
7.651	0.07191373612590288
7.652	0.07193851260764604
7.6530000000000005	0.07196328055901088
7.654	0.07198803998880214
7.655	0.0720127909058095
7.656000000000001	0.07203753331880752
7.657	0.07206226723655569
7.658	0.07208699266779846
7.659000000000001	0.07211170962126535
7.66	0.07213641810567084
7.6610000000000005	0.07216111812971455
7.662	0.07218580970208122
7.663	0.0722104928314407
7.664	0.07223516752644801
7.665	0.07225983379574348
7.666	0.07228449164795263
7.667	0.07230914109168632
7.668	0.07233378213554066
7.6690000000000005	0.07235841478809721
7.67	0.07238303905792287
7.671	0.07240765495356999
7.672000000000001	0.07243226248357641
7.673	0.07245686165646549
7.674	0.072481452480746
7.675000000000001	0.07250603496491242
7.676	0.0725306091174448
7.6770000000000005	0.07255517494680878
7.678	0.07257973246145574
7.679	0.07260428166982272
7.68	0.07262882258033253
7.681	0.07265335520139372
7.682	0.07267787954140068
7.683	0.07270239560873362
7.684	0.07272690341175862
7.6850000000000005	0.07275140295882776
7.686	0.07277589425827893
7.687	0.07280037731843607
7.688000000000001	0.07282485214760909
7.689	0.07284931875409395
7.69	0.07287377714617274
7.691000000000001	0.0728982273321136
7.692	0.07292266932017077
7.6930000000000005	0.07294710311858478
7.694	0.07297152873558221
7.695	0.07299594617937606
7.696	0.07302035545816542
7.697	0.0730447565801358
7.698	0.07306914955345899
7.699	0.07309353438629314
7.7	0.07311791108678284