-0.029	1.e-9
-0.019999999999999907	2.3263284880286275e-11
-0.009999999999999907	1.072679243685555e-12
9.367506770274758e-17	1.971422725253371e-13
0.010000000000000092	9.209927157763346e-14
0.020000000000000094	6.5719119643586e-14
0.030000000000000096	5.499672970493587e-14
0.04000000000000009	4.8852054769413254e-14
0.0500000000000001	4.466118938250782e-14
0.060000000000000095	4.154808918302677e-14
0.07000000000000006	3.9113127655180355e-14
0.08000000000000006	3.713951737643927e-14
0.09000000000000007	3.5497275433336276e-14
0.10000000000000006	3.410283742529812e-14
0.11000000000000007	3.289960554686863e-14
0.12000000000000006	3.1847653738532947e-14
0.13000000000000006	3.091787853721588e-14
0.14000000000000007	3.008848486444967e-14
0.15000000000000008	2.934277671679264e-14
0.16000000000000003	2.866771493153527e-14
0.17000000000000004	2.8052945261521086e-14
0.18000000000000002	2.7490125280842277e-14
0.19000000000000003	2.6972447079296805e-14
0.20000000000000004	2.6494291701895632e-14
0.21000000000000002	2.6050974340252074e-14
0.22000000000000003	2.5638553348823504e-14
0.23000000000000004	2.5253684987580996e-14
0.24000000000000005	2.489351147421916e-14
0.2500000000000001	2.455557366819597e-14
0.2600000000000001	2.4237742219815996e-14
0.27000000000000013	2.393816273488619e-14
0.28000000000000014	2.3655211699642757e-14
0.2900000000000001	2.338746075383354e-14
0.3000000000000001	2.313364750353337e-14
0.3100000000000001	2.289265150312782e-14
0.3200000000000001	2.266347435726072e-14
0.3300000000000001	2.244522313203086e-14
0.3400000000000001	2.2237096443543308e-14
0.3500000000000001	2.203837272726408e-14
0.3600000000000001	2.1848400295029363e-14
0.3700000000000001	2.166658886619583e-14
0.38000000000000006	2.1492402321218773e-14
0.39000000000000007	2.1325352474328494e-14
0.4000000000000001	2.1164993700024172e-14
0.4100000000000001	2.1010918278322035e-14
0.4200000000000001	2.0862752347759497e-14
0.43000000000000016	2.0720152374500005e-14
0.44000000000000017	2.058280206147292e-14
0.4500000000000002	2.0450409634143345e-14
0.4600000000000002	2.0322705449817854e-14
0.47000000000000014	2.0199439885854933e-14
0.48000000000000015	2.0080381469118246e-14
0.49000000000000016	1.9965315214732842e-14
0.5000000000000002	1.985404114702873e-14
0.5100000000000001	1.974637297948969e-14
0.52	1.9642136933908188e-14
0.53	1.9541170681697186e-14
0.54	1.9443322392710324e-14
0.55	1.9348449878891413e-14
0.56	1.9256419821775504e-14
0.5700000000000001	1.9167107074309393e-14
0.5800000000000001	1.9080394028681077e-14
0.5900000000000001	1.899617004291113e-14
0.6	1.8914330919848063e-14
0.6100000000000001	1.883477843300976e-14
0.6200000000000001	1.875741989436453e-14
0.6300000000000001	1.8682167759736984e-14
0.6400000000000001	1.8608939268036177e-14
0.6500000000000001	1.85376561109203e-14
0.6600000000000001	1.8468244129916423e-14
0.6700000000000002	1.8400633038338222e-14
0.6800000000000002	1.8334756165632626e-14
0.6900000000000001	1.827055022205707e-14
0.7000000000000002	1.820795508179135e-14
0.7100000000000002	1.814691358281247e-14
0.7200000000000002	1.8087371342020713e-14
0.7300000000000002	1.8029276584253526e-14
0.7400000000000002	1.7972579983983553e-14
0.7500000000000002	1.7917234518594654e-14
0.7600000000000002	1.7863195332251084e-14
0.7700000000000002	1.7810419609469952e-14
0.7800000000000001	1.7758866457586985e-14
0.79	1.7708496797387028e-14
0.8	1.7659273261237804e-14
0.81	1.7611160098124467e-14
0.8200000000000001	1.7564123085043177e-14
0.8300000000000001	1.751812944425232e-14
0.8400000000000001	1.7473147765931027e-14
0.8500000000000001	1.7429147935832546e-14
0.8600000000000001	1.738610106755733e-14
0.87	1.734397943909654e-14
0.8800000000000001	1.7302756433336973e-14
0.8900000000000001	1.726240648223582e-14
0.9000000000000001	1.7222905014400103e-14
0.9100000000000001	1.718422840583006e-14
0.9200000000000002	1.7146353933601374e-14
0.9300000000000002	1.7109259732283523e-14
0.9400000000000002	1.7072924752903572e-14
0.9500000000000002	1.7037328724282048e-14
0.9600000000000001	1.7002452116582188e-14
0.97	1.696827610691915e-14
0.98	1.693478254690309e-14
0.99	1.690195393197642e-14
1.	1.6869773372440814e-14
1.01	1.6838224566055964e-14
1.02	1.6807291772116813e-14
1.03	1.6776959786912265e-14
1.04	1.6747213920481695e-14
1.05	1.6718039974584943e-14
1.06	1.6689424221816727e-14
1.07	1.6661353385794307e-14
1.08	1.663381462235011e-14
1.09	1.6606795501675153e-14
1.1	1.6580283991354157e-14
1.11	1.6554268440239815e-14
1.12	1.6528737563118623e-14
1.1300000000000001	1.6503680426123825e-14
1.1400000000000001	1.6479086432850405e-14
1.1500000000000001	1.6454945311133492e-14
1.1600000000000001	1.6431247100455156e-14
1.1700000000000002	1.6407982139940914e-14
1.1800000000000002	1.6385141056917177e-14
1.1900000000000002	1.636271475599571e-14
1.2000000000000002	1.634069440865943e-14
1.2100000000000002	1.6319071443322654e-14
1.2200000000000002	1.6297837535835006e-14
1.2300000000000002	1.6276984600414368e-14
1.24	1.6256504780981936e-14
1.25	1.6236390442873103e-14
1.26	1.6216634164918304e-14
1.27	1.6197228731858372e-14
1.28	1.617816712709293e-14
1.29	1.6159442525735054e-14
1.3	1.614104828795685e-14
1.31	1.6122977952620808e-14
1.32	1.61052252311722e-14
1.3300000000000003	1.6087784001783415e-14
1.3400000000000003	1.607064830374374e-14
1.3500000000000003	1.6053812332071348e-14
1.3600000000000003	1.6037270432349415e-14
1.3700000000000003	1.6021017095763287e-14
1.3800000000000003	1.600504695434333e-14
1.3900000000000003	1.598935477638757e-14
1.4000000000000004	1.597393546207104e-14
1.4100000000000004	1.595878403922382e-14
1.4200000000000002	1.594389565927158e-14
1.4300000000000002	1.5929265593335695e-14
1.4400000000000002	1.591488922847801e-14
1.4500000000000002	1.5900762064092496e-14
1.4600000000000002	1.5886879708431382e-14
1.4700000000000002	1.58732378752587e-14
1.4800000000000002	1.5859832380633137e-14
1.4900000000000002	1.584665913980631e-14
1.5000000000000002	1.5833714164235764e-14