-1.4999999999999998	1.723521575321299
-1.4989999999999999	1.7229469500267443
-1.4979999999999998	1.7223721330083155
-1.4969999999999999	1.721797124073898
-1.4959999999999998	1.721221923031215
-1.4949999999999999	1.7206465296874767
-1.4939999999999998	1.7200709438497508
-1.4929999999999999	1.7194951653246042
-1.4919999999999998	1.7189191939184771
-1.4909999999999999	1.7183430294373472
-1.4899999999999998	1.7177666716868507
-1.4889999999999999	1.7171901204724294
-1.4879999999999998	1.7166133755990587
-1.4869999999999999	1.716036436871493
-1.4859999999999998	1.7154593040940624
-1.4849999999999999	1.714881977070874
-1.4839999999999998	1.714304455605585
-1.4829999999999999	1.713726739501648
-1.4819999999999998	1.713148828562088
-1.4809999999999999	1.7125707225896347
-1.4799999999999998	1.7119924213866746
-1.4789999999999999	1.7114139247552869
-1.4779999999999998	1.7108352324971727
-1.4769999999999999	1.7102563444136771
-1.4759999999999998	1.7096772603059482
-1.4749999999999999	1.7090979799746362
-1.4739999999999998	1.7085185032201777
-1.4729999999999999	1.7079388298425344
-1.4719999999999998	1.707358959641432
-1.4709999999999999	1.7067788924162182
-1.4699999999999998	1.7061986279659573
-1.4689999999999999	1.7056181660892635
-1.4679999999999997	1.7050375065845462
-1.4669999999999999	1.7044566492497073
-1.4659999999999997	1.7038755938824441
-1.4649999999999999	1.7032943402800313
-1.4639999999999997	1.702712888239464
-1.4629999999999999	1.7021312375572721
-1.4619999999999997	1.7015493880297798
-1.4609999999999999	1.7009673394528828
-1.4599999999999997	1.7003850916221266
-1.4589999999999999	1.6998026443327365
-1.4579999999999997	1.6992199973795483
-1.4569999999999999	1.6986371505570719
-1.456	1.6980541036595076
-1.455	1.697470856480667
-1.454	1.6968874088138504
-1.453	1.6963037604522997
-1.452	1.6957199111886776
-1.451	1.6951358608153955
-1.45	1.6945516091244748
-1.449	1.6939671559075364
-1.448	1.6933825009559313
-1.447	1.6927976440605907
-1.446	1.69221258501205
-1.445	1.691627323600582
-1.444	1.691041859616015
-1.443	1.6904561928478394
-1.442	1.6898703230851875
-1.441	1.6892842501168182
-1.44	1.6886979737311045
-1.439	1.688111493716092
-1.438	1.687524809859455
-1.437	1.686937921948454
-1.436	1.6863508297699779
-1.435	1.6857635331106444
-1.434	1.6851760317565347
-1.433	1.684588325493562
-1.432	1.6840004141070783
-1.431	1.683412297382219
-1.43	1.6828239751035186
-1.429	1.6822354470553669
-1.428	1.6816467130216928
-1.427	1.6810577727860203
-1.426	1.6804686261315411
-1.425	1.679879272841011
-1.424	1.6792897126967967
-1.423	1.6786999454810194
-1.422	1.6781099709752503
-1.421	1.677519788960721
-1.42	1.6769293992183598
-1.419	1.6763388015286065
-1.418	1.675747995671568
-1.417	1.6751569814269618
-1.416	1.6745657585741118
-1.415	1.6739743268919252
-1.414	1.673382686158977
-1.413	1.6727908361533934
-1.412	1.6721987766528932
-1.411	1.6716065074349176
-1.41	1.6710140282763735
-1.409	1.6704213389538038
-1.408	1.669828439243441
-1.407	1.6692353289210438
-1.406	1.6686420077619855
-1.405	1.668048475541237
-1.404	1.6674547320334028
-1.403	1.6668607770126107
-1.402	1.6662666102526864
-1.401	1.665672231526968
-1.4	1.665077640608409
-1.399	1.6644828372696283
-1.398	1.6638878212826835
-1.397	1.6632925924194222
-1.396	1.6626971504511066
-1.395	1.66210149514872
-1.394	1.6615056262827208
-1.393	1.660909543623245
-1.392	1.6603132469399908
-1.391	1.659716736002163
-1.39	1.6591200105787234
-1.389	1.6585230704381035
-1.388	1.6579259153482908
-1.387	1.6573285450769142
-1.386	1.6567309593911919
-1.385	1.6561331580578174
-1.384	1.6555351408432148
-1.383	1.6549369075132951
-1.382	1.654338457833541
-1.381	1.6537397915691054
-1.38	1.6531409084845967
-1.379	1.6525418083442147
-1.378	1.6519424909117615
-1.377	1.6513429559506791
-1.376	1.6507432032238412
-1.375	1.6501432324938148
-1.3739999999999999	1.6495430435226082
-1.373	1.6489426360719641
-1.3719999999999999	1.6483420099030217
-1.371	1.6477411647765423
-1.3699999999999999	1.6471401004529194
-1.369	1.6465388166920645
-1.3679999999999999	1.6459373132534365
-1.367	1.6453355898959776
-1.3659999999999999	1.6447336463783726
-1.365	1.6441314824587314
-1.3639999999999999	1.6435290978947172
-1.363	1.6429264924436766
-1.3619999999999999	1.642323665862303
-1.361	1.641720617907026
-1.3599999999999999	1.641117348333749
-1.359	1.640513856897934
-1.3579999999999999	1.6399101433546115
-1.357	1.639306207458333
-1.3559999999999999	1.6387020489632067
-1.355	1.6380976676228831
-1.3539999999999999	1.6374930631905737
-1.353	1.636888235419021
-1.3519999999999999	1.6362831840605754
-1.351	1.6356779088669853
-1.3499999999999999	1.635072409589628
-1.349	1.6344666859794892
-1.3479999999999999	1.6338607377869643
-1.347	1.6332545647620047
-1.3459999999999999	1.6326481666542472
-1.345	1.6320415432126505
-1.3439999999999999	1.63143469418582
-1.343	1.6308276193219267
-1.3419999999999999	1.6302203183685795
-1.341	1.629612791072975
-1.3399999999999999	1.6290050371818383
-1.339	1.6283970564413799
-1.3379999999999999	1.6277888485973426
-1.337	1.6271804133951058
-1.3359999999999999	1.6265717505794355
-1.335	1.6259628598946243
-1.3339999999999999	1.6253537410846033
-1.333	1.6247443938927075
-1.3319999999999999	1.6241348180617727
-1.331	1.6235250133343497
-1.3299999999999998	1.6229149794522695
-1.329	1.6223047161570114
-1.3279999999999998	1.6216942231894862
-1.327	1.6210835002902169
-1.3259999999999998	1.6204725471991328
-1.325	1.619861363655748
-1.3239999999999998	1.6192499493990706
-1.323	1.6186383041675958
-1.3219999999999998	1.618026427699268
-1.321	1.6174143197317548
-1.3199999999999998	1.616801980001884
-1.319	1.6161894082463357
-1.3179999999999998	1.6155766042010153
-1.317	1.6149635676015026
-1.3159999999999998	1.6143502981828182
-1.315	1.6137367956793938
-1.3139999999999998	1.613123059825341
-1.313	1.612509090354074
-1.3119999999999998	1.6118948869986067
-1.311	1.611280449491441
-1.3099999999999998	1.6106657775645814
-1.309	1.6100508709494343
-1.3079999999999998	1.6094357293769386
-1.307	1.6088203525775793
-1.3059999999999998	1.6082047402812052
-1.305	1.6075888922173034
-1.3039999999999998	1.6069728081146806
-1.303	1.6063564877017507
-1.302	1.6057399307062852
-1.301	1.6051231368557133
-1.3	1.6045061058767023
-1.299	1.6038888374956053
-1.298	1.603271331438103
-1.297	1.6026535874294354
-1.296	1.6020356051943148
-1.295	1.6014173844568624
-1.294	1.6007989249406638
-1.293	1.600180226368847
-1.292	1.599561288463947
-1.291	1.5989421109479507
-1.29	1.5983226935423582
-1.289	1.5977030359681037
-1.288	1.5970831379455606
-1.287	1.5964629991945871
-1.286	1.5958426194344602
-1.285	1.595221998383976
-1.284	1.5946011357612855
-1.283	1.5939800312841117
-1.282	1.5933586846695451
-1.281	1.5927370956340998
-1.28	1.592115263893825
-1.279	1.5914931891641684
-1.2779999999999998	1.5908708711600061
-1.277	1.5902483095956683
-1.2759999999999998	1.5896255041849572
-1.275	1.5890024546410646
-1.2739999999999998	1.5883791606766484
-1.273	1.587755622003798
-1.2719999999999998	1.5871318383340007
-1.271	1.5865078093782625
-1.2699999999999998	1.5858835348468736
-1.269	1.585259014449778
-1.2679999999999998	1.5846342478961981
-1.267	1.584009234894717
-1.2659999999999998	1.583383975153449
-1.265	1.582758468379969
-1.2639999999999998	1.5821327142811539
-1.263	1.5815067125634048
-1.2619999999999998	1.580880462932519
-1.261	1.5802539650935992
-1.2599999999999998	1.5796272187513536
-1.259	1.5790002236097258
-1.2579999999999998	1.578372979372209
-1.257	1.5777454857416178
-1.256	1.577117742420234
-1.255	1.5764897491096457
-1.254	1.575861505511004
-1.253	1.5752330113247228
-1.252	1.5746042662507247
-1.251	1.5739752699882152
-1.25	1.5733460222359281
-1.2489999999999999	1.5727165226918791
-1.248	1.5720867710535986
-1.2469999999999999	1.5714567670178272
-1.246	1.5708265102809067
-1.2449999999999999	1.5701960005384754
-1.244	1.5695652374855587
-1.2429999999999999	1.5689342208165094
-1.242	1.5683029502251957
-1.2409999999999999	1.5676714254047301
-1.24	1.5670396460477467
-1.2389999999999999	1.5664076118461334
-1.238	1.5657753224912507
-1.2369999999999999	1.5651427776737894
-1.236	1.5645099770837552
-1.2349999999999999	1.56387692041075
-1.234	1.5632436073433857
-1.2329999999999999	1.5626100375700391
-1.2319999999999998	1.5619762107781199
-1.2309999999999999	1.5613421266546261
-1.2299999999999998	1.5607077848858064
-1.2289999999999999	1.5600731851573264
-1.2279999999999998	1.5594383271541588
-1.2269999999999999	1.558803210560673
-1.2259999999999998	1.558167835060599
-1.2249999999999999	1.5575322003370204
-1.2239999999999998	1.5568963060723713
-1.2229999999999999	1.556260151948356
-1.2219999999999998	1.555623737646211
-1.2209999999999999	1.5549870628463056
-1.2199999999999998	1.5543501272285225
-1.2189999999999999	1.5537129304720096
-1.2179999999999997	1.5530754722552693
-1.2169999999999999	1.552437752256132
-1.2159999999999997	1.5517997701518078
-1.2149999999999999	1.551161525618779
-1.2139999999999997	1.5505230183329213
-1.2129999999999999	1.5498842479694361
-1.2119999999999997	1.5492452142027875
-1.2109999999999999	1.5486059167068447
-1.21	1.5479663551547513
-1.2089999999999999	1.547326529219065
-1.208	1.54668643857152
-1.2069999999999999	1.5460460828833038
-1.206	1.545405461824856
-1.2049999999999998	1.5447645750659524
-1.204	1.5441234222756053
-1.2029999999999998	1.543482003122344
-1.202	1.542840317273773
-1.2009999999999998	1.5421983643969432
-1.2	1.5415561441582075
-1.1989999999999998	1.5409136562231043
-1.198	1.5402709002566715
-1.1969999999999998	1.5396278759230413
-1.196	1.538984582885824
-1.1949999999999998	1.5383410208077626
-1.194	1.5376971893510625
-1.1929999999999998	1.5370530881770519
-1.192	1.5364087169464664
-1.1909999999999998	1.535764075319303
-1.19	1.5351191629548289
-1.1889999999999998	1.5344739795115687
-1.188	1.5338285246474148
-1.187	1.5331827980194377
-1.186	1.532536799284094
-1.185	1.5318905280969777
-1.184	1.531243984113079
-1.183	1.5305971669866525
-1.182	1.5299500763710694
-1.181	1.529302711919191
-1.18	1.5286550732829727
-1.179	1.5280071601136909
-1.178	1.5273589720619163
-1.177	1.5267105087773991
-1.176	1.5260617699092607
-1.175	1.525412755105729
-1.174	1.5247634640144432
-1.173	1.5241138962820575
-1.172	1.5234640515548536
-1.171	1.5228139294778988
-1.17	1.5221635296958398
-1.169	1.521512851852487
-1.168	1.520861895590768
-1.167	1.520210660552995
-1.166	1.5195591463806404
-1.165	1.518907352714416
-1.164	1.5182552791942203
-1.1629999999999998	1.517602925459318
-1.162	1.5169502911479997
-1.1609999999999998	1.5162973758979839
-1.16	1.5156441793460356
-1.1589999999999998	1.514990701128211
-1.158	1.514336940879789
-1.1569999999999998	1.5136828982352304
-1.156	1.513028572828252
-1.1549999999999998	1.5123739642917189
-1.154	1.5117190722577445
-1.1529999999999998	1.5110638963576577
-1.152	1.5104084362218944
-1.1509999999999998	1.509752691480203
-1.15	1.5090966617614556
-1.1489999999999998	1.5084403466937495
-1.148	1.5077837459043713
-1.1469999999999998	1.5071268590197464
-1.146	1.5064696856655595
-1.1449999999999998	1.5058122254666868
-1.144	1.5051544780470412
-1.1429999999999998	1.5044964430298908
-1.142	1.5038381200375717
-1.141	1.5031795086916442
-1.14	1.502520608612777
-1.139	1.5018614194208784
-1.138	1.5012019407349873
-1.137	1.5005421721732943
-1.136	1.4998821133531919
-1.135	1.4992217638911558
-1.134	1.4985611234029055
-1.133	1.4979001915032826
-1.132	1.4972389678061868
-1.131	1.4965774519248223
-1.13	1.4959156434714231
-1.129	1.4952535420574196
-1.128	1.4945911472933884
-1.127	1.4939284587889006
-1.126	1.4932654761528732
-1.125	1.4926021989932634
-1.1239999999999999	1.4919386269171435
-1.123	1.4912747595306461
-1.1219999999999999	1.4906105964391745
-1.121	1.4899461372471379
-1.1199999999999999	1.489281381558099
-1.119	1.4886163289747916
-1.1179999999999999	1.4879509790989371
-1.1169999999999998	1.4872853315314547
-1.1159999999999999	1.4866193858724142
-1.1149999999999998	1.485953141720784
-1.1139999999999999	1.4852865986749124
-1.1129999999999998	1.4846197563320362
-1.1119999999999999	1.483952614288546
-1.1109999999999998	1.4832851721400049
-1.1099999999999999	1.4826174294809102
-1.1089999999999998	1.4819493859050057
-1.1079999999999999	1.4812810410049748
-1.1069999999999998	1.4806123943727225
-1.1059999999999999	1.479943445599105
-1.1049999999999998	1.4792741942741032
-1.1039999999999999	1.4786046399868267
-1.1029999999999998	1.4779347823253488
-1.1019999999999999	1.4772646208769074
-1.1009999999999998	1.4765941552277062
-1.0999999999999999	1.4759233849631048
-1.0989999999999998	1.475252309667441
-1.0979999999999999	1.4745809289241578
-1.0969999999999998	1.4739092423157116
-1.0959999999999999	1.4732372494236343
-1.095	1.4725649498285003
-1.0939999999999999	1.471892343109918
-1.093	1.471219428846521
-1.0919999999999999	1.470546206616007
-1.091	1.469872675995107
-1.0899999999999999	1.4691988365595519
-1.089	1.4685246878841147
-1.0879999999999999	1.4678502295425309
-1.087	1.4671754611077243
-1.0859999999999999	1.4665003821514289
-1.085	1.4658249922445927
-1.0839999999999999	1.4651492909569914
-1.083	1.4644732778574807
-1.0819999999999999	1.4637969525139591
-1.081	1.463120314493295
-1.0799999999999998	1.4624433633613372
-1.079	1.4617660986829495
-1.0779999999999998	1.4610885200220662
-1.077	1.4604106269413772
-1.0759999999999998	1.459732419002784
-1.075	1.4590538957671038
-1.0739999999999998	1.4583750567940537
-1.073	1.457695901642468
-1.072	1.4570164298700337
-1.071	1.4563366410334433
-1.07	1.4556565346883772
-1.069	1.454976110389405
-1.068	1.4542953676901864
-1.067	1.4536143061431588
-1.066	1.4529329252998835
-1.065	1.4522512247107764
-1.064	1.4515692039251666
-1.063	1.4508868624914575
-1.062	1.4502041999567938
-1.061	1.4495212158673998
-1.06	1.4488379097684287
-1.059	1.4481542812039068
-1.058	1.4474703297167362
-1.057	1.4467860548488813
-1.056	1.4461014561411074
-1.055	1.445416533133104
-1.054	1.4447312853635348
-1.053	1.4440457123698545
-1.052	1.4433598136885861
-1.051	1.442673588854975
-1.05	1.4419870374032515
-1.049	1.4413001588666057
-1.0479999999999998	1.4406129527768652
-1.047	1.4399254186650343
-1.0459999999999998	1.439237556060811
-1.045	1.438549364492869
-1.0439999999999998	1.4378608434886515
-1.043	1.4371719925746
-1.0419999999999998	1.4364828112758703
-1.041	1.4357932991166196
-1.0399999999999998	1.4351034556197355
-1.039	1.4344132803070861
-1.0379999999999998	1.433722772699249
-1.037	1.433031932315785
-1.0359999999999998	1.432340758674979
-1.035	1.4316492512940406
-1.0339999999999998	1.43095740968896
-1.033	1.4302652333745138
-1.0319999999999998	1.4295727218644636
-1.031	1.428879874671244
-1.0299999999999998	1.4281866913061194
-1.029	1.427493171279219
-1.0279999999999998	1.4267993140994557
-1.027	1.426105119274559
-1.026	1.4254105863110746
-1.025	1.4247157147142935
-1.024	1.4240205039882916
-1.023	1.4233249536360444
-1.022	1.4226290631591996
-1.021	1.4219328320581996
-1.02	1.4212362598323447
-1.019	1.4205393459795836
-1.018	1.419842089996723
-1.017	1.4191444913793143
-1.016	1.4184465496216383
-1.015	1.4177482642167638
-1.014	1.417049634656486
-1.013	1.4163506604313691
-1.012	1.4156513410307117
-1.011	1.4149516759425045
-1.01	1.414251664653583
-1.009	1.4135513066493524
-1.008	1.4128506014140991
-1.007	1.4121495484307298
-1.006	1.4114481471809175
-1.005	1.4107463971449745
-1.004	1.410044297802016
-1.003	1.409341848629835
-1.002	1.4086390491048661
-1.001	1.4079358987022088
-1.	1.4072323968958262
-0.999	1.4065285431581693
-0.998	1.4058243369604866
-0.997	1.4051197777726347
-0.996	1.404414865063192
-0.995	1.4037095982993293
-0.994	1.4030039769470104
-0.993	1.4022980004707228
-0.992	1.401591668333596
-0.991	1.4008849799976164
-0.99	1.400177934923111
-0.989	1.39947053256924
-0.988	1.3987627723937226
-0.987	1.3980546538529837
-0.986	1.3973461764019792
-0.985	1.3966373394942788
-0.984	1.395928142582125
-0.983	1.3952185851163788
-0.982	1.3945086665464281
-0.981	1.3937983863203252
-0.9800000000000001	1.393087743884652
-0.9790000000000001	1.3923767386846362
-0.9780000000000001	1.3916653701640413
-0.9770000000000001	1.3909536377652603
-0.9760000000000001	1.3902415409292475
-0.9750000000000001	1.3895290790954227
-0.9740000000000001	1.388816251701879
-0.9730000000000001	1.3881030581853027
-0.9720000000000001	1.3873894979807557
-0.9710000000000001	1.386675570522031
-0.9700000000000001	1.3859612752413768
-0.9690000000000001	1.3852466115695496
-0.9680000000000001	1.3845315789358827
-0.9670000000000001	1.3838161767682606
-0.9660000000000001	1.3831004044930029
-0.9650000000000001	1.3823842615350366
-0.9640000000000001	1.3816677473177101
-0.9630000000000001	1.3809508612629164
-0.9620000000000001	1.3802336027910798
-0.9610000000000001	1.3795159713210234
-0.9600000000000001	1.3787979662701657
-0.9590000000000001	1.3780795870543778
-0.9580000000000001	1.3773608330879221
-0.957	1.376641703783633
-0.956	1.375922198552764
-0.955	1.375202316805039
-0.954	1.3744820579486217
-0.953	1.3737614213901417
-0.952	1.3730404065346837
-0.951	1.372319012785689
-0.95	1.371597239545162
-0.949	1.3708750862133952
-0.948	1.3701525521891649
-0.947	1.3694296368697019
-0.946	1.3687063396505565
-0.945	1.3679826599257507
-0.944	1.3672585970876479
-0.943	1.3665341505270678
-0.942	1.3658093196331569
-0.941	1.3650841037934252
-0.94	1.364358502393781
-0.939	1.3636325148185624
-0.938	1.3629061404503462
-0.9369999999999999	1.3621793786701561
-0.9359999999999999	1.361452228857313
-0.9349999999999999	1.3607246903894927
-0.934	1.3599967626426883
-0.933	1.359268444991271
-0.932	1.3585397368078849
-0.931	1.3578106374634868
-0.93	1.3570811463274117
-0.929	1.3563512627671797
-0.928	1.3556209861487194
-0.927	1.3548903158361971
-0.926	1.3541592511921055
-0.925	1.3534277915771276
-0.924	1.3526959363502884
-0.923	1.3519636848688534
-0.922	1.3512310364883484
-0.921	1.3504979905625623
-0.92	1.3497645464435306
-0.919	1.3490307034814726
-0.918	1.3482964610249009
-0.917	1.3475618184205045
-0.916	1.346826775013295
-0.915	1.3460913301463218
-0.914	1.3453554831609564
-0.913	1.3446192333967533
-0.912	1.3438825801914722
-0.911	1.3431455228809699
-0.91	1.3424080607993671
-0.909	1.3416701932789066
-0.908	1.3409319196500107
-0.907	1.3401932392412792
-0.906	1.33945415137944
-0.905	1.3387146553893072
-0.904	1.337974750593917
-0.903	1.3372344363143607
-0.902	1.3364937118698914
-0.901	1.3357525765778897
-0.9	1.3350110297537747
-0.899	1.3342690707111067
-0.898	1.3335266987615078
-0.897	1.3327839132147508
-0.896	1.3320407133785976
-0.895	1.3312970985588946
-0.894	1.3305530680596078
-0.893	1.3298086211826907
-0.892	1.3290637572281483
-0.891	1.3283184754940254
-0.89	1.3275727752764466
-0.889	1.3268266558694943
-0.888	1.326080116565277
-0.887	1.3253331566538966
-0.886	1.3245857754235337
-0.885	1.3238379721602214
-0.884	1.323089746148103
-0.883	1.322341096669194
-0.882	1.3215920230035525
-0.881	1.3208425244291584
-0.88	1.3200926002219167
-0.879	1.319342249655749
-0.878	1.3185914720024265
-0.877	1.3178402665316702
-0.876	1.3170886325111377
-0.875	1.3163365692064266
-0.874	1.3155840758809132
-0.873	1.3148311517959872
-0.872	1.3140777962108723
-0.871	1.3133240083826716
-0.87	1.3125697875663116
-0.869	1.311815133014653
-0.868	1.3110600439783557
-0.867	1.3103045197059364
-0.866	1.3095485594437108
-0.8650000000000001	1.3087921624358776
-0.8640000000000001	1.308035327924397
-0.8630000000000001	1.3072780551490397
-0.8620000000000001	1.3065203433473715
-0.8610000000000001	1.3057621917547912
-0.8600000000000001	1.30500359960439
-0.8590000000000001	1.3042445661271167
-0.8580000000000001	1.3034850905516162
-0.8570000000000001	1.302725172104298
-0.8560000000000001	1.3019648100093255
-0.8550000000000001	1.301204003488618
-0.8540000000000001	1.3004427517617225
-0.8530000000000001	1.2996810540460377
-0.8520000000000001	1.298918909556493
-0.8510000000000001	1.298156317505906
-0.8500000000000001	1.297393277104609
-0.8490000000000001	1.2966297875607509
-0.8480000000000001	1.2958658480800451
-0.8470000000000001	1.295101457865871
-0.8460000000000001	1.2943366161192753
-0.8450000000000001	1.2935713220389986
-0.8440000000000001	1.2928055748212794
-0.8430000000000001	1.2920393736601137
-0.8420000000000001	1.2912727177469812
-0.8410000000000001	1.290505606271042
-0.8400000000000001	1.2897380384189894
-0.8390000000000001	1.28897001337516
-0.8380000000000001	1.2882015303213614
-0.8370000000000001	1.287432588437042
-0.8360000000000001	1.2866631868991512
-0.8350000000000001	1.2858933248822315
-0.8340000000000001	1.2851230015582453
-0.8330000000000001	1.284352216096766
-0.8320000000000001	1.2835809676648395
-0.8310000000000001	1.2828092554269686
-0.8300000000000001	1.2820370785452189
-0.8290000000000001	1.28126443617905
-0.8280000000000001	1.280491327485457
-0.8270000000000001	1.2797177516188514
-0.8260000000000001	1.278943707731035
-0.8250000000000001	1.278169194971288
-0.8240000000000001	1.2773942124863744
-0.8230000000000001	1.2766187594203742
-0.8220000000000001	1.2758428349147497
-0.8210000000000001	1.2750664381084205
-0.8200000000000001	1.2742895681376207
-0.8190000000000001	1.2735122241360506
-0.8180000000000001	1.2727344052346274
-0.8170000000000001	1.2719561105616586
-0.8160000000000001	1.2711773392428822
-0.8150000000000001	1.2703980904011745
-0.8140000000000001	1.2696183631568265
-0.8130000000000001	1.2688381566274496
-0.812	1.2680574699278486
-0.811	1.2672763021701792
-0.81	1.2664946524637986
-0.809	1.2657125199153714
-0.808	1.2649299036287263
-0.807	1.264146802704963
-0.806	1.263363216242418
-0.805	1.2625791433365614
-0.804	1.2617945830800936
-0.803	1.2610095345628354
-0.802	1.2602239968719116
-0.801	1.2594379690914028
-0.8	1.2586514503026716
-0.799	1.2578644395841647
-0.798	1.2570769360114007
-0.797	1.2562889386570835
-0.796	1.2555004465909052
-0.795	1.2547114588797192
-0.794	1.253921974587382
-0.793	1.2531319927748386
-0.792	1.2523415125000186
-0.791	1.2515505328179655
-0.79	1.2507590527806167
-0.789	1.249967071436982
-0.788	1.2491745878330438
-0.787	1.2483816010117428
-0.786	1.2475881100129396
-0.785	1.2467941138735361
-0.784	1.2459996116272758
-0.783	1.2452046023048289
-0.782	1.244409084933789
-0.781	1.243613058538654
-0.78	1.2428165221407077
-0.779	1.2420194747582303
-0.778	1.241221915406211
-0.777	1.2404238430965366
-0.776	1.2396252568379393
-0.775	1.2388261556359084
-0.774	1.238026538492703
-0.773	1.2372264044074042
-0.772	1.2364257523758577
-0.771	1.2356245813905566
-0.77	1.2348228904408443
-0.769	1.234020678512701
-0.768	1.2332179445888358
-0.767	1.2324146876486353
-0.766	1.2316109066681766
-0.765	1.2308066006201333
-0.764	1.2300017684738906
-0.763	1.2291964091953862
-0.762	1.228390521747214
-0.761	1.2275841050885503
-0.76	1.2267771581751639
-0.759	1.2259696799592796
-0.758	1.2251616693898217
-0.757	1.224353125412158
-0.756	1.2235440469681422
-0.755	1.2227344329961838
-0.754	1.2219242824311833
-0.753	1.2211135942044191
-0.752	1.2203023672437072
-0.751	1.2194906004732182
-0.7500000000000001	1.2186782928135953
-0.7490000000000001	1.2178654431818443
-0.7480000000000001	1.2170520504913824
-0.7470000000000001	1.216238113651958
-0.7460000000000001	1.215423631569681
-0.7450000000000001	1.2146086031469767
-0.7440000000000001	1.213793027282624
-0.7430000000000001	1.2129769028716246
-0.7420000000000001	1.2121602288053324
-0.7410000000000001	1.2113430039713087
-0.7400000000000001	1.210525227253354
-0.7390000000000001	1.2097068975315441
-0.7380000000000001	1.2088880136821105
-0.7370000000000001	1.2080685745775086
-0.7360000000000001	1.2072485790862968
-0.7350000000000001	1.2064280260732878
-0.7340000000000001	1.2056069143993418
-0.7330000000000001	1.2047852429214574
-0.7320000000000001	1.2039630104927646
-0.7310000000000001	1.2031402159624112
-0.7300000000000001	1.2023168581756452
-0.7290000000000001	1.20149293597372
-0.7280000000000001	1.2006684481940042
-0.7270000000000001	1.1998433936697261
-0.7260000000000001	1.1990177712301562
-0.7250000000000001	1.198191579700551
-0.7240000000000001	1.19736481790215
-0.7230000000000001	1.1965374846519603
-0.7220000000000001	1.195709578763076
-0.7210000000000001	1.194881099044352
-0.7200000000000001	1.1940520443005664
-0.7190000000000001	1.1932224133323093
-0.7180000000000001	1.1923922049359907
-0.7170000000000001	1.1915614179038756
-0.7160000000000001	1.1907300510239611
-0.7150000000000001	1.1898981030799984
-0.7140000000000001	1.1890655728515158
-0.7130000000000001	1.1882324591137603
-0.7120000000000001	1.187398760637626
-0.7110000000000001	1.18656447618976
-0.7100000000000001	1.1857296045324044
-0.7090000000000001	1.1848941444234673
-0.7080000000000001	1.184058094616455
-0.7070000000000001	1.183221453860498
-0.7060000000000001	1.1823842209002278
-0.7050000000000001	1.1815463944759257
-0.7040000000000001	1.1807079733232846
-0.7030000000000001	1.1798689561735742
-0.7020000000000001	1.1790293417535498
-0.7010000000000001	1.1781891287853818
-0.7000000000000001	1.1773483159867049
-0.6990000000000001	1.1765069020705443
-0.6980000000000001	1.1756648857453367
-0.6970000000000001	1.174822265714877
-0.6960000000000001	1.1739790406783321
-0.6950000000000001	1.1731352093301253
-0.6940000000000001	1.172290770360011
-0.6930000000000001	1.1714457224530364
-0.6920000000000001	1.1706000642894583
-0.6910000000000001	1.1697537945448004
-0.6900000000000001	1.1689069118897466
-0.6890000000000001	1.1680594149901748
-0.6880000000000001	1.1672113025071167
-0.687	1.1663625730966956
-0.686	1.1655132254102276
-0.685	1.1646632580939957
-0.684	1.1638126697893936
-0.683	1.1629614591328348
-0.682	1.1621096247557292
-0.681	1.1612571652844557
-0.68	1.160404079340328
-0.679	1.1595503655396633
-0.678	1.1586960224935556
-0.677	1.1578410488080424
-0.676	1.1569854430840032
-0.675	1.156129203917102
-0.674	1.1552723298978322
-0.673	1.1544148196113995
-0.672	1.1535566716377954
-0.671	1.1526978845517255
-0.67	1.1518384569224762
-0.669	1.1509783873141328
-0.668	1.1501176742852834
-0.667	1.149256316389196
-0.666	1.148394312173644
-0.665	1.1475316601809533
-0.664	1.1466683589480449
-0.663	1.1458044070061641
-0.662	1.1449398028811295
-0.661	1.1440745450931722
-0.66	1.1432086321568624
-0.659	1.1423420625811675
-0.658	1.1414748348693742
-0.657	1.1406069475191019
-0.656	1.139738399022205
-0.655	1.1388691878648278
-0.654	1.137999312527252
-0.653	1.1371287714840084
-0.652	1.1362575632037681
-0.651	1.135385686149272
-0.65	1.1345131387774168
-0.649	1.1336399195390423
-0.648	1.1327660268791944
-0.647	1.1318914592366955
-0.646	1.1310162150444665
-0.645	1.1301402927292967
-0.644	1.1292636907119127
-0.643	1.128386407406843
-0.642	1.1275084412224585
-0.641	1.1266297905609435
-0.64	1.125750453818231
-0.639	1.1248704293839418
-0.638	1.1239897156414416
-0.637	1.123108310967694
-0.636	1.1222262137333021
-0.635	1.121343422302435
-0.634	1.1204599350328737
-0.633	1.1195757502758434
-0.632	1.1186908663760884
-0.631	1.117805281671741
-0.63	1.1169189944943716
-0.629	1.116032003168895
-0.628	1.115144306013647
-0.627	1.114255901340109
-0.626	1.1133667874530935
-0.625	1.1124769626506772
-0.624	1.1115864252239904
-0.623	1.1106951734574335
-0.622	1.1098032056284513
-0.621	1.1089105200075111
-0.62	1.1080171148581748
-0.619	1.1071229884369576
-0.618	1.106228138993286
-0.617	1.1053325647695815
-0.616	1.1044362640010374
-0.615	1.103539234915722
-0.614	1.1026414757344443
-0.613	1.1017429846707947
-0.6120000000000001	1.1008437599310377
-0.6110000000000001	1.099943799714134
-0.6100000000000001	1.0990431022116052
-0.6090000000000001	1.0981416656075895
-0.6080000000000001	1.0972394880786822
-0.6070000000000001	1.096336567794128
-0.6060000000000001	1.0954329029154002
-0.6050000000000001	1.0945284915965534
-0.6040000000000001	1.093623331983867
-0.6030000000000001	1.0927174222160563
-0.6020000000000001	1.0918107604240221
-0.6010000000000001	1.0909033447308325
-0.6000000000000001	1.089995173251896
-0.5990000000000001	1.089086244094569
-0.5980000000000001	1.0881765553584457
-0.5970000000000001	1.0872661051350805
-0.5960000000000001	1.0863548915079952
-0.5950000000000001	1.0854429125527432
-0.5940000000000001	1.0845301663366855
-0.5930000000000001	1.0836166509190763
-0.5920000000000001	1.0827023643509628
-0.5910000000000001	1.0817873046751507
-0.5900000000000001	1.080871469926138
-0.5890000000000001	1.0799548581300547
-0.5880000000000001	1.0790374673046872
-0.5870000000000001	1.0781192954593568
-0.5860000000000001	1.0772003405948545
-0.5850000000000001	1.0762806007034562
-0.5840000000000001	1.0753600737688205
-0.5830000000000001	1.0744387577659715
-0.5820000000000001	1.0735166506612124
-0.5810000000000001	1.0725937504121323
-0.5800000000000001	1.071670054967455
-0.5790000000000001	1.0707455622670794
-0.5780000000000001	1.069820270241955
-0.5770000000000001	1.068894176814134
-0.5760000000000001	1.0679672798965347
-0.5750000000000001	1.0670395773931267
-0.5740000000000001	1.0661110671986131
-0.5730000000000001	1.06518174719861
-0.5720000000000001	1.0642516152694392
-0.5710000000000001	1.0633206692781239
-0.5700000000000001	1.0623889070823203
-0.5690000000000001	1.061456326530298
-0.5680000000000001	1.0605229254607922
-0.5670000000000001	1.059588701703084
-0.5660000000000001	1.0586536530768096
-0.5650000000000001	1.057717777391925
-0.5640000000000001	1.0567810724487308
-0.5630000000000001	1.0558435360377254
-0.562	1.0549051659395945
-0.561	1.0539659599250657
-0.56	1.0530259157550048
-0.559	1.05208503118015
-0.558	1.0511433039412588
-0.557	1.0502007317688904
-0.556	1.0492573123833921
-0.555	1.0483130434948078
-0.554	1.0473679228029114
-0.553	1.0464219479970127
-0.552	1.0454751167560157
-0.551	1.0445274267482065
-0.55	1.0435788756312694
-0.549	1.0426294610523088
-0.548	1.0416791806475887
-0.547	1.0407280320426175
-0.546	1.039776012851981
-0.545	1.0388231206793508
-0.544	1.0378693531173977
-0.543	1.0369147077476222
-0.542	1.035959182140453
-0.541	1.035002773855032
-0.54	1.0340454804391876
-0.539	1.0330872994293796
-0.538	1.0321282283506326
-0.537	1.0311682647164055
-0.536	1.0302074060285644
-0.535	1.0292456497772997
-0.534	1.0282829934410513
-0.533	1.0273194344864016
-0.532	1.0263549703680273
-0.531	1.0253895985285957
-0.53	1.0244233163987457
-0.529	1.023456121396935
-0.528	1.0224880109293752
-0.527	1.0215189823900142
-0.526	1.0205490331602927
-0.525	1.0195781606093428
-0.524	1.0186063620935797
-0.523	1.0176336349568798
-0.522	1.0166599765302822
-0.521	1.0156853841321116
-0.52	1.014709855067734
-0.519	1.0137333866295417
-0.518	1.0127559760968294
-0.517	1.0117776207357472
-0.516	1.0107983177991875
-0.515	1.00981806452666
-0.514	1.0088368581443112
-0.513	1.0078546958646644
-0.512	1.0068715748866948
-0.511	1.0058874923956216
-0.51	1.0049024455628721
-0.509	1.0039164315459566
-0.508	1.0029294474883912
-0.507	1.0019414905196153
-0.506	1.0009525577548577
-0.505	0.9999626462949597
-0.504	0.998971753226547
-0.503	0.9979798756216125
-0.502	0.9969870105376295
-0.501	0.9959931550173377
-0.5	0.9949983060886657
-0.499	0.9940024607646738
-0.498	0.9930056160434017
-0.4970000000000001	0.9920077689077569
-0.4960000000000001	0.9910089163254098
-0.4950000000000001	0.9900090552487693
-0.4940000000000001	0.9890081826147581
-0.4930000000000001	0.9880062953447257
-0.4920000000000001	0.9870033903444376
-0.4910000000000001	0.9859994645037955
-0.4900000000000001	0.9849945146968955
-0.4890000000000001	0.9839885377817851
-0.4880000000000001	0.9829815306004436
-0.4870000000000001	0.9819734899785942
-0.4860000000000001	0.9809644127255993
-0.4850000000000001	0.9799542956343742
-0.4840000000000001	0.9789431354812853
-0.4830000000000001	0.9779309290259253
-0.4820000000000001	0.9769176730111236
-0.4810000000000001	0.9759033641627218
-0.4800000000000001	0.9748879991895137
-0.4790000000000001	0.9738715747831235
-0.4780000000000001	0.9728540876177373
-0.4770000000000001	0.9718355343502375
-0.4760000000000001	0.9708159116198314
-0.4750000000000001	0.9697952160480575
-0.4740000000000001	0.9687734442386129
-0.4730000000000001	0.9677505927772032
-0.4720000000000001	0.9667266582314517
-0.4710000000000001	0.9657016371507269
-0.4700000000000001	0.9646755260660246
-0.4690000000000001	0.9636483214898394
-0.4680000000000001	0.9626200199160017
-0.4670000000000001	0.9615906178195136
-0.4660000000000001	0.9605601116565355
-0.4650000000000001	0.9595284978640568
-0.4640000000000001	0.9584957728599148
-0.4630000000000001	0.9574619330425199
-0.4620000000000001	0.9564269747908357
-0.4610000000000001	0.9553908944641005
-0.4600000000000001	0.954353688401787
-0.4590000000000001	0.9533153529233709
-0.4580000000000001	0.9522758843282277
-0.4570000000000001	0.9512352788954844
-0.45600000000000007	0.950193532883831
-0.45500000000000007	0.9491506425313222
-0.45400000000000007	0.9481066040553446
-0.45300000000000007	0.9470614136523302
-0.45200000000000007	0.9460150674976319
-0.45100000000000007	0.9449675617455054
-0.45000000000000007	0.9439188925285903
-0.44900000000000007	0.9428690559581556
-0.44800000000000006	0.9418180481236454
-0.44700000000000006	0.9407658650926374
-0.44600000000000006	0.93971250291063
-0.44500000000000006	0.9386579576008505
-0.44400000000000006	0.9376022251641112
-0.44300000000000006	0.9365453015786313
-0.44200000000000006	0.9354871827998844
-0.44100000000000006	0.9344278647603174
-0.44000000000000006	0.9333673433692659
-0.43900000000000006	0.9323056145127304
-0.43800000000000006	0.9312426740532
-0.43700000000000006	0.9301785178294663
-0.43600000000000005	0.9291131416563794
-0.43500000000000005	0.9280465413247804
-0.43400000000000005	0.926978712601155
-0.43300000000000005	0.9259096512275351
-0.43200000000000005	0.9248393529212915
-0.43100000000000005	0.9237678133748749
-0.43000000000000005	0.9226950282556735
-0.42900000000000005	0.9216209932057929
-0.42800000000000005	0.9205457038418382
-0.42700000000000005	0.9194691557547081
-0.42600000000000005	0.9183913445093888
-0.42500000000000004	0.9173122656447296
-0.42400000000000004	0.916231914673204
-0.42300000000000004	0.9151502870808096
-0.42200000000000004	0.914067378326664
-0.42100000000000004	0.9129831838429014
-0.42000000000000004	0.9118976990344297
-0.41900000000000004	0.9108109192787123
-0.41800000000000004	0.9097228399254869
-0.41700000000000004	0.9086334562965673
-0.41600000000000004	0.9075427636855937
-0.41500000000000004	0.9064507573578511
-0.41400000000000003	0.9053574325499429
-0.41300000000000003	0.9042627844695819
-0.41200000000000003	0.9031668082953875
-0.41100000000000003	0.9020694991765765
-0.41000000000000003	0.9009708522327116
-0.40900000000000003	0.8998708625535036
-0.40800000000000003	0.898769525198511
-0.40700000000000003	0.8976668351968519
-0.406	0.8965627875470729
-0.405	0.8954573772166529
-0.404	0.8943505991420153
-0.403	0.8932424482280018
-0.402	0.8921329193477622
-0.401	0.8910220073423721
-0.4	0.8899097070206349
-0.399	0.8887960131588158
-0.398	0.8876809205001733
-0.397	0.8865644237549033
-0.396	0.8854465175997375
-0.395	0.8843271966775678
-0.394	0.8832064555972904
-0.393	0.8820842889334146
-0.392	0.8809606912257822
-0.391	0.8798356569792464
-0.39	0.8787091806633466
-0.389	0.8775812567120478
-0.388	0.8764518795233094
-0.387	0.875321043458896
-0.386	0.8741887428439219
-0.385	0.8730549719665599
-0.384	0.8719197250777826
-0.383	0.8707829963909032
-0.382	0.8696447800812545
-0.381	0.8685050702859327
-0.38	0.867363861103321
-0.379	0.8662211465928026
-0.378	0.8650769207743825
-0.377	0.863931177628293
-0.376	0.862783911094667
-0.375	0.8616351150731931
-0.374	0.8604847834225586
-0.373	0.8593329099603166
-0.372	0.8581794884623026
-0.371	0.857024512662338
-0.37	0.8558679762517665
-0.369	0.8547098728791093
-0.368	0.8535501961496431
-0.367	0.852388939624915
-0.366	0.8512260968224872
-0.365	0.8500616612153024
-0.364	0.8488956262314199
-0.363	0.847727985253484
-0.362	0.8465587316183464
-0.361	0.8453878586165994
-0.36	0.8442153594920513
-0.359	0.843041227441436
-0.358	0.8418654556137987
-0.357	0.8406880371100369
-0.356	0.8395089649825515
-0.355	0.8383282322346097
-0.354	0.8371458318199837
-0.353	0.835961756642373
-0.352	0.834775999554918
-0.351	0.8335885533597331
-0.35	0.8323994108073625
-0.349	0.8312085645963095
-0.348	0.8300160073724099
-0.347	0.8288217317283921
-0.346	0.8276257302032782
-0.345	0.8264279952819167
-0.344	0.8252285193943213
-0.34299999999999997	0.8240272949151862
-0.34199999999999997	0.8228243141632665
-0.34099999999999997	0.8216195694008923
-0.33999999999999997	0.820413052833256
-0.33899999999999997	0.8192047566079103
-0.33799999999999997	0.81799467281416
-0.33699999999999997	0.8167827934824166
-0.3360000000000001	0.8155691105836155
-0.3350000000000001	0.814353616028544
-0.3340000000000001	0.813136301667284
-0.3330000000000001	0.8119171592885427
-0.3320000000000001	0.8106961806189066
-0.33100000000000007	0.8094733573223793
-0.33000000000000007	0.8082486809995136
-0.32900000000000007	0.8070221431868478
-0.32800000000000007	0.8057937353561702
-0.32700000000000007	0.8045634489138904
-0.32600000000000007	0.8033312752002437
-0.32500000000000007	0.8020972054886382
-0.32400000000000007	0.8008612309848703
-0.32300000000000006	0.7996233428264912
-0.32200000000000006	0.7983835320819371
-0.32100000000000006	0.7971417897498485
-0.32000000000000006	0.7958981067582986
-0.31900000000000006	0.7946524739639806
-0.31800000000000006	0.7934048821514632
-0.31700000000000006	0.7921553220323142
-0.31600000000000006	0.7909037842443918
-0.31500000000000006	0.789650259350934
-0.31400000000000006	0.7883947378397788
-0.31300000000000006	0.7871372101224761
-0.31200000000000006	0.7858776665334439
-0.31100000000000005	0.7846160973291088
-0.31000000000000005	0.7833524926869543
-0.30900000000000005	0.7820868427047626
-0.30800000000000005	0.780819137399528
-0.30700000000000005	0.779549366706661
-0.30600000000000005	0.7782775204790042
-0.30500000000000005	0.7770035884858724
-0.30400000000000005	0.7757275604120853
-0.30300000000000005	0.7744494258569921
-0.30200000000000005	0.7731691743334815
-0.30100000000000005	0.7718867952669586
-0.30000000000000004	0.77060227799436
-0.29900000000000004	0.7693156117629997
-0.29800000000000004	0.7680267857296358
-0.29700000000000004	0.7667357889593633
-0.29600000000000004	0.7654426104244427
-0.29500000000000004	0.7641472390032894
-0.29400000000000004	0.7628496634793158
-0.29300000000000004	0.7615498725397803
-0.29200000000000004	0.7602478547746602
-0.29100000000000004	0.7589435986753754
-0.29000000000000004	0.757637092633733
-0.28900000000000003	0.7563283249405982
-0.28800000000000003	0.7550172837846986
-0.28700000000000003	0.7537039572514393
-0.28600000000000003	0.7523883333214944
-0.28500000000000003	0.7510703998695596
-0.28400000000000003	0.7497501446631513
-0.28300000000000003	0.7484275553610965
-0.28200000000000003	0.7471026195122733
-0.281	0.745775324554265
-0.28	0.7444456578118251
-0.279	0.7431136064955447
-0.278	0.7417791577005012
-0.277	0.740442298404528
-0.276	0.7391030154669326
-0.275	0.7377612956269268
-0.274	0.7364171255020557
-0.273	0.7350704915866111
-0.272	0.733721380250058
-0.271	0.732369777735446
-0.27	0.7310156701576581
-0.269	0.7296590435018145
-0.268	0.7282998836215965
-0.267	0.726938176237343
-0.266	0.7255739069344599
-0.265	0.7242070611615313
-0.264	0.7228376242285016
-0.263	0.7214655813048737
-0.262	0.7200909174176716
-0.261	0.7187136174497096
-0.26	0.7173336661374562
-0.259	0.7159510480691565
-0.258	0.7145657476827479
-0.257	0.7131777492637628
-0.256	0.7117870369433565
-0.255	0.7103935946960049
-0.254	0.7089974063374546
-0.253	0.7075984555223837
-0.252	0.7061967257423046
-0.251	0.7047922003231074
-0.25	0.703384862422778
-0.24900000000000003	0.7019746950290779
-0.24800000000000003	0.7005616809570305
-0.24700000000000003	0.6991458028464476
-0.24600000000000002	0.6977270431595184
-0.24500000000000002	0.6963053841781113
-0.244	0.6948808080012198
-0.243	0.69345329654234
-0.242	0.6920228315266823
-0.241	0.6905893944884647
-0.24	0.6891529667680847
-0.239	0.6877135295092187
-0.238	0.6862710636559269
-0.237	0.6848255499497112
-0.23600000000000002	0.6833769689263645
-0.23500000000000001	0.681925300912996
-0.234	0.6804705260247961
-0.233	0.6790126241618248
-0.232	0.6775515750057829
-0.231	0.6760873580165718
-0.23	0.6746199524289928
-0.229	0.6731493372491459
-0.228	0.6716754912509572
-0.227	0.6701983929725249
-0.226	0.6687180207124452
-0.225	0.667234352525998
-0.224	0.6657473662213415
-0.223	0.6642570393555144
-0.222	0.662763349230561
-0.22099999999999997	0.6612662728892593
-0.21999999999999997	0.6597657871110972
-0.21899999999999997	0.6582618684079321
-0.21799999999999997	0.6567544930196199
-0.21699999999999997	0.655243636909641
-0.21599999999999997	0.6537292757604737
-0.21499999999999997	0.6522113849690578
-0.21399999999999997	0.6506899396419141
-0.213	0.6491649145904604
-0.212	0.6476362843259716
-0.211	0.6461040230545525
-0.21	0.6445681046719882
-0.209	0.6430285027584214
-0.208	0.6414851905730716
-0.207	0.6399381410485836
-0.206	0.638387326785495
-0.205	0.6368327200464328
-0.204	0.6352742927502311
-0.20299999999999999	0.6337120164659562
-0.20199999999999999	0.6321458624066394
-0.20099999999999998	0.6305758014230917
-0.19999999999999998	0.629001803997394
-0.19899999999999998	0.62742384023632
-0.198	0.6258418798645862
-0.197	0.6242558922179495
-0.196	0.6226658462361389
-0.195	0.6210717104556617
-0.194	0.6194734530022883
-0.193	0.6178710415836127
-0.192	0.6162644434812028
-0.191	0.6146536255426421
-0.19000000000000003	0.6130385541734421
-0.18900000000000003	0.6114191953286671
-0.18800000000000003	0.6097955145043975
-0.18700000000000003	0.6081674767289346
-0.18600000000000003	0.6065350465538908
-0.18500000000000003	0.6048981880449791
-0.18400000000000002	0.6032568647725087
-0.18300000000000002	0.6016110398018151
-0.18200000000000002	0.599960675683294
-0.18100000000000002	0.5983057344422625
-0.18000000000000002	0.596646177568472
-0.17900000000000002	0.5949819660055621
-0.17800000000000002	0.5933130601398788
-0.17700000000000002	0.5916394197893756
-0.17600000000000002	0.5899610041920037
-0.175	0.588277771993834
-0.174	0.5865896812368993
-0.173	0.5848966893466769
-0.172	0.5831987531192724
-0.17099999999999999	0.5814958287082216
-0.16999999999999998	0.5797878716109184
-0.16899999999999998	0.5780748366547045
-0.16799999999999998	0.5763566779825733
-0.167	0.574633349038483
-0.166	0.572904802552177
-0.165	0.5711709905237297
-0.164	0.5694318642074988
-0.163	0.5676873740957261
-0.162	0.565937469901567
-0.161	0.5641821005417762
-0.16	0.5624212141187352
-0.159	0.5606547579020694
-0.158	0.5588826783095964
-0.157	0.5571049208878955
-0.156	0.5553214302920786
-0.155	0.5535321502651358
-0.154	0.5517370236165023
-0.153	0.5499359922001448
-0.152	0.5481289968917433
-0.151	0.5463159775654075
-0.15	0.5444968730694947
-0.149	0.5426716212017267
-0.14800000000000002	0.5408401586835365
-0.14700000000000002	0.5390024211335636
-0.14600000000000002	0.5371583430402974
-0.14500000000000002	0.5353078577338471
-0.14400000000000002	0.5334508973567992
-0.14300000000000002	0.5315873928341247
-0.14200000000000002	0.5297172738419693
-0.14100000000000001	0.5278404687756357
-0.14	0.5259569047162067
-0.139	0.5240665073962884
-0.138	0.5221692011644135
-0.137	0.5202649089482584
-0.136	0.5183535522166335
-0.135	0.5164350509400628
-0.134	0.5145093235499963
-0.133	0.512576286896618
-0.132	0.510635856205038
-0.131	0.5086879450299692
-0.13	0.5067324652087303
-0.129	0.5047693268124984
-0.128	0.5027984380957335
-0.127	0.5008197054437511
-0.126	0.49883303331820866
-0.125	0.4968383242006879
-0.12400000000000001	0.4948354785338357
-0.12300000000000001	0.49282439466043804
-0.12200000000000001	0.4908049687600127
-0.12100000000000001	0.488777094782837
-0.12000000000000001	0.48674066438137203
-0.11900000000000001	0.4846955668389426
-0.11800000000000001	0.4826416889954211
-0.117	0.4805789151698916
-0.11600000000000002	0.4785071270800617
-0.11500000000000002	0.47642620375834194
-0.11400000000000002	0.47433602146418796
-0.11300000000000002	0.4722364535928529
-0.11200000000000002	0.47012737058004556
-0.11100000000000002	0.46800863980247953
-0.11000000000000001	0.4658801254738934
-0.10900000000000001	0.4637416885365043
-0.10800000000000001	0.4615931865474485
-0.10700000000000001	0.4594344735600761
-0.10599999999999998	0.45726539999958
-0.105	0.45508581253299557
-0.104	0.45289555393278186
-0.103	0.45069446293396465
-0.102	0.44848237408427866
-0.10099999999999999	0.44625911758690107
-0.09999999999999999	0.4440245191353215
-0.09899999999999999	0.4417783997398059
-0.09799999999999999	0.43952057554509055
-0.09699999999999999	0.4372508576383632
-0.09599999999999999	0.434969051847421
-0.09499999999999999	0.4326749585277445
-0.09399999999999999	0.43036837233824504
-0.093	0.42804908200460534
-0.092	0.4257168700694391
-0.091	0.42337151262832395
-0.09	0.42101277905059603
-0.089	0.41864043168407117
-0.088	0.4162542255419328
-0.087	0.41385390797108373
-0.086	0.4114392183000251
-0.08499999999999999	0.4090098874648727
-0.08399999999999999	0.4065656376116055
-0.08299999999999999	0.40410618167278806
-0.082	0.40163122291639464
-0.081	0.3991404544645193
-0.08	0.3966335587791609
-0.079	0.3941102071123257
-0.078	0.39157005891699836
-0.077	0.38901276121536166
-0.076	0.38643794792018704
-0.075	0.3838452391045902
-0.074	0.38123424021511576
-0.073	0.3786045412220013
-0.072	0.3759557156997928
-0.071	0.3732873198307171
-0.07	0.37059889132154256
-0.069	0.3678899482236446
-0.068	0.3651599876439469
-0.067	0.3624084843325086
-0.066	0.3596348891293302
-0.065	0.3568386272499318
-0.064	0.354019096384318
-0.063	0.35117566457799626
-0.062	0.34830766785514716
-0.061	0.34541440753214725
-0.060000000000000005	0.34249514715171936
-0.05900000000000001	0.33954910893999496
-0.05800000000000001	0.33657546964204704
-0.05700000000000001	0.33357335550744205
-0.05600000000000001	0.33054183602847975
-0.05500000000000001	0.32747991565021456
-0.054000000000000006	0.3243865216113801
-0.053000000000000005	0.32126048209955466
-0.052000000000000005	0.3181004581714815
-0.051000000000000004	0.3149049999189046
-0.05	0.3116726543518039
-0.049	0.30840178620401
-0.04800000000000001	0.30509336244162305
-0.04700000000000001	0.3017441319317132
-0.046000000000000006	0.29835177788185274
-0.045000000000000005	0.29491448944500137
-0.044000000000000004	0.2914306323228068
-0.043000000000000003	0.28789584789889305
-0.04200000000000001	0.284307438605219
-0.04100000000000001	0.28066331548197887
-0.04000000000000001	0.2769626947694085
-0.03900000000000001	0.2731989753066656
-0.038000000000000006	0.2693730568152344
-0.037	0.2654829326885
-0.036000000000000004	0.26151978357843847
-0.035	0.257483697960136
-0.034	0.25336882119550314
-0.033	0.2491709576485332
-0.032	0.24488929668781736
-0.031	0.2405217563554889
-0.03	0.2360578950084766
-0.028999999999999998	0.23150273124989693
-0.028	0.22684402456143934
-0.027	0.2220878874466173
-0.026	0.21723488802982172
-0.025	0.21226556518122944
-0.024	0.20718657294038376
-0.023	0.20198613421568845
-0.022	0.19668455514473354
-0.020999999999999998	0.19126740499949296
-0.02	0.18577066961197722
-0.019	0.1801860156022115
-0.018	0.17450796640927016
-0.017	0.16870404281513982
-0.016	0.1628193034672998
-0.015	0.15685041012617243
-0.013999999999999992	0.15081632858172608
-0.012999999999999994	0.1447028882044915
-0.011999999999999993	0.13855846921952222
-0.010999999999999992	0.13236421441056617
-0.009999999999999995	0.12616278207524476
-0.008999999999999994	0.11996724629938135
-0.007999999999999993	0.11375896279035201
-0.006999999999999992	0.10757512389020506
-0.005999999999999993	0.10140123115542068
-0.004999999999999994	0.09532046699136079
-0.003999999999999993	0.08932766944337887
-0.0029999999999999923	0.08349446808606152
-0.001999999999999993	0.07778060351740212
-0.000999999999999994	0.07222832958720908
6.938893903907228e-18	0.06685664143948271
0.001000000000000007	0.061645616500895506
0.002000000000000007	0.056612664894656904
0.003000000000000007	0.05179595350640556
0.004000000000000007	0.047216768502021736
0.005000000000000007	0.04285335273837901
0.006000000000000007	0.03877708974026661
0.007000000000000007	0.034927288142306785
0.008000000000000007	0.03131269516051109
0.009000000000000001	0.027958098820882862
0.009999999999999998	0.02487772801521645
0.011	0.022046956977291008
0.012	0.019491343259994638
0.012999999999999998	0.017133475353761272
0.013999999999999999	0.014982624254895806
0.015	0.013047923173725738
0.016	0.011342099609435741
0.017	0.00981370363892199
0.018	0.00843490149522033
0.019	0.0072004784558740275
0.02	0.0061262994931112
0.020999999999999998	0.005180607182086821
0.022	0.004358803276085797
0.023	0.0036501244969322348
0.024	0.003029987374528234
0.025	0.0024796814868608096
0.026	0.0020147426615931222
0.027	0.0016409372985362223
0.028	0.0013207862515292588
0.028999999999999998	0.0010503060955913356
0.03	0.0008291272668675345
0.031	0.0006579073112688521
0.03200000000000001	0.0005190813843160112
0.033	0.00040582349144891074
0.034	0.00032044414918137474
0.035	0.000247487805832095
0.036000000000000004	0.00018967823808406015
0.037000000000000005	0.00014293158158088374
0.038000000000000006	0.00010175973918010838
0.03900000000000001	0.00007334995629194149
0.04000000000000001	0.000050255758763794856
0.04100000000000001	0.000034736734175214324
0.04200000000000001	0.000022640771525262267
0.04300000000000001	0.000014077556269804333
0.044000000000000004	7.892628716873871e-6
0.045000000000000005	4.663532228160579e-6
0.046000000000000006	2.2600199219954434e-6
0.04700000000000001	3.505150156847832e-7
0.048	0
5.619	0
5.62	1.770072749793282e-8
5.621	1.116046073944965e-7
5.622	2.576751224895106e-7
5.623	5.400191752846778e-7
5.6240000000000006	8.834977568685553e-7
5.625	1.3530442055579274e-6
5.626	1.9982220172718344e-6
5.627	2.8401751560684348e-6
5.628	4.030859526549382e-6
5.6290000000000004	5.390145520209333e-6
5.63	7.149310721179332e-6
5.631	9.204944976129912e-6
5.632000000000001	0.00001180664940645743
5.633	0.000015290999064197122
5.634	0.00001954193407965167
5.635	0.000025234504182564258
5.636	0.00003203179249865842
5.6370000000000005	0.00004029198498683211
5.638	0.000050875686688326484
5.639	0.00006371975758632659
5.640000000000001	0.00007940951904293928
5.641	0.00009857543077170543
5.642	0.00012167901373648005
5.643	0.00015013399199347255
5.644	0.0001836846054976759
5.6450000000000005	0.00022284571975600447
5.646	0.0002692025891332027
5.647	0.00032379120218348353
5.648000000000001	0.00038766758809465
5.649	0.00046126652476289205
5.65	0.0005463714913461704
5.651	0.0006443198238983631
5.652	0.0007543421777879229
5.6530000000000005	0.0008771294170638005
5.654	0.001012247754104175
5.655	0.0011610268044375436
5.656	0.001325448822508212
5.657	0.0015031396410996793
5.658	0.0016932721400965676
5.659	0.001895043609697568
5.66	0.0021093505629621585
5.6610000000000005	0.002334932329950476
5.662	0.0025708587826529716
5.663	0.002816474010837764
5.664	0.003068997023858886
5.665	0.003328012427956547
5.666	0.003590835825853573
5.667	0.003856618425757352
5.668	0.0041231959759189755
5.6690000000000005	0.004389739807608333
5.67	0.004654720390946366
5.671	0.0049164176578318465
5.672	0.005173445649337123
5.673	0.0054255006530211525
5.674	0.005671818497795502
5.675	0.005911465557875226
5.676	0.006145333530750829
5.6770000000000005	0.0063732459520293395
5.678	0.006594372821676862
5.679	0.006809782625838364
5.68	0.007019321542313566
5.681	0.007222472330456725
5.682	0.007419708185232425
5.683	0.007611475583935602
5.684	0.007797785032351388
5.6850000000000005	0.00797917548745708
5.686	0.008155701371188968
5.687	0.008327723856525027
5.688	0.008495569070776773
5.689	0.008659477074814922
5.69	0.008819611756937582
5.691	0.008976316286259795
5.692	0.00912970273346115
5.6930000000000005	0.009280124231800743
5.694	0.009427711662138865
5.695	0.009572653896772457
5.696	0.00971512292420104
5.697	0.009855281016111035
5.698	0.009993266580148732
5.699	0.010129156802041581
5.7	0.010263058894503513
5.7010000000000005	0.010395076421003355
5.702	0.010525298001372925
5.703	0.010653803453725224
5.704	0.010780665696796367
5.705	0.010905951852011346
5.706	0.011029724025333715
5.707	0.011152039912843264
5.708	0.011272953291631499
5.7090000000000005	0.011392514428706646
5.71	0.011510770427825489
5.711	0.011627765527555371
5.712	0.011743541360013663
5.713	0.011858137177294519
5.714	0.011971590050959673
5.715	0.012083935048802476
5.716	0.012195205392266617
5.7170000000000005	0.012305432597249113
5.718	0.01241464660054882
5.719	0.01252287587382124
5.72	0.012630147526617464
5.721	0.012736487399826586
5.722	0.012841920150652721
5.723	0.012946469330094088
5.724	0.01305015745374594
5.7250000000000005	0.013153006066662464
5.726	0.013255035802885697
5.727	0.013356266440201454
5.728	0.013456716950587979
5.729	0.013556405546788731
5.73	0.01365534972537408
5.731	0.013753566306617766
5.732	0.013851071471488336
5.7330000000000005	0.013947880796005294
5.734	0.014044009283197937
5.735	0.014139471392872376
5.736	0.014234281069370892
5.737	0.014328451767490263
5.738	0.014421996476715892
5.739	0.014514927743895739
5.74	0.014607257694488741
5.7410000000000005	0.014698998052491473
5.742	0.014790160159144151
5.743	0.01488075499051364
5.744	0.01497079317402966
5.745	0.01506028500405327
5.746	0.015149240456549827
5.747	0.015237669202926093
5.748	0.015325580623090156
5.7490000000000006	0.01541298381779165
5.75	0.015499887620284192
5.751	0.015586300607362935
5.752	0.01567223110981411
5.753	0.0157576872223141
5.7540000000000004	0.01584267681281611
5.755	0.015927207531459358
5.756	0.016011286819020122
5.757000000000001	0.01609492191494809
5.758	0.016178119864999882
5.759	0.016260887528503295
5.76	0.016343231585269926
5.761	0.016425158542177326
5.7620000000000005	0.016506674739440466
5.763	0.016587786356592634
5.764	0.016668499418187342
5.765000000000001	0.01674881979924165
5.766	0.016828753230433716
5.767	0.016908305303068017
5.768	0.01698748147381894
5.769	0.017066287069270047
5.7700000000000005	0.017144727290254652
5.771	0.017222807216009373
5.772	0.01730053180815486
5.773000000000001	0.017377905914503937
5.774	0.01745493427271572
5.775	0.017531621513797575
5.776	0.01760797216546357
5.777	0.017683990655356085
5.7780000000000005	0.017759681314140435
5.779	0.017835048378476513
5.78	0.017910095993871073
5.781000000000001	0.01798482821742155
5.782	0.018059249020452008
5.783	0.0181333622910488
5.784	0.01820717183650028
5.785	0.0182806813856447
5.7860000000000005	0.01835389459112887
5.787	0.01842681503158592
5.788	0.018499446213732902
5.789	0.01857179157438714
5.79	0.01864385448241897
5.791	0.018715638240624114
5.792	0.018787146087539723
5.793	0.01885838119918916
5.7940000000000005	0.01892934669076871
5.795	0.01900004561827784
5.796	0.01907048098008673
5.797000000000001	0.0191406557184597
5.798	0.01921057272102069
5.799	0.019280234822169715
5.8	0.01934964480445526
5.801	0.019418805399900055
5.8020000000000005	0.01948771929128151
5.803	0.019556389113373335
5.804	0.01962481745414471
5.805	0.019693006855922075
5.806	0.01976095981651529
5.807	0.019828678790304328
5.808	0.01989616618929585
5.809	0.019963424384144772
5.8100000000000005	0.020030455705143994
5.811	0.020097262443186586
5.812	0.020163846850693067
5.813	0.02023021114251683
5.814	0.020296357496818473
5.815	0.020362288055913894
5.816	0.020428004927100833
5.817	0.02049351018345454
5.8180000000000005	0.020558805864608624
5.819	0.020623893977504974
5.82	0.020688776497127866
5.821	0.02075345536721315
5.822	0.02081793250094062
5.823	0.020882209781603326
5.824	0.020946289063259977
5.825	0.02101017217137
5.8260000000000005	0.021073860903408605
5.827	0.021137357029465526
5.828	0.02120066229282969
5.829	0.021263778410553043
5.83	0.021326707074005073
5.831	0.021389449949408015
5.832	0.021452008678358263
5.833	0.02151438487833542
5.8340000000000005	0.02157658014319797
5.835	0.021638596043663666
5.836	0.021700434127779136
5.837	0.02176209592137811
5.838	0.021823582928523808
5.839	0.021884896631945892
5.84	0.02194603849346049
5.841	0.022007009954384732
5.8420000000000005	0.02206781243593542
5.843	0.0221284473396223
5.844	0.02218891604763036
5.845	0.02224921992318817
5.846	0.022309360310936395
5.847	0.022369338537277367
5.848	0.022429155910723253
5.849	0.022488813722230508
5.8500000000000005	0.022548313245531946
5.851	0.022607655737454956
5.852	0.022666842438235905
5.853	0.022725874571826288
5.854	0.022784753346190567
5.855	0.02284347995359917
5.856	0.02290205557091104
5.857	0.022960481359854044
5.8580000000000005	0.023018758467295425
5.859	0.023076888025507277
5.86	0.02313487115242748
5.861	0.023192708951909714
5.862	0.023250402513974946
5.863	0.023307952915051618
5.864	0.023365361218213046
5.865	0.02342262847340766
5.8660000000000005	0.023479755717686422
5.867	0.023536743975424112
5.868	0.02359359425853503
5.869	0.023650307566684674
5.87	0.023706884887498194
5.871	0.023763327196761552
5.872	0.023819635458617785
5.873	0.023875810625766842
5.8740000000000006	0.02393185363964876
5.875	0.02398776543063397
5.876	0.024043546918202454
5.877	0.024099199011124103
5.878	0.0241547226076302
5.8790000000000004	0.024210118595586465
5.88	0.024265387852658516
5.881	0.024320531246477338
5.882000000000001	0.024375549634797017
5.883	0.024430443865652966
5.884	0.024485214777517774
5.885	0.02453986319944722
5.886	0.02459438995123294
5.8870000000000005	0.024648795843543455
5.888	0.02470308167806658
5.889	0.02475724824765065
5.890000000000001	0.024811296336437732
5.891	0.02486522671999809
5.892	0.024919040165462196
5.893	0.024972737431648233
5.894	0.02502631926918658
5.8950000000000005	0.02507978642064548
5.896	0.025133139620649815
5.897	0.02518637959600213
5.898	0.02523950706579619
5.899	0.025292522741534217
5.9	0.025345427327235926
5.901	0.02539822151955044
5.902	0.02545090600786264
5.9030000000000005	0.02550348147440011
5.904	0.025555948594336513
5.905	0.02560830803589439
5.906000000000001	0.02566056046044145
5.907	0.025712706522594213
5.908	0.025764746870309666
5.909	0.025816682144983373
5.91	0.025868512981538076
5.9110000000000005	0.025920240008520733
5.912	0.025971863848185596
5.913	0.026023385116588173
5.914	0.026074804423665904
5.915	0.026126122373326073
5.916	0.026177339563531028
5.917	0.026228456586375556
5.918	0.026279474028169228
5.9190000000000005	0.026330392469516392
5.92	0.02638121248539207
5.921	0.02643193464521973
5.922000000000001	0.026482559512943833
5.923	0.026533087647106483
5.924	0.026583519600916594
5.925	0.026633855922324107
5.926	0.026684097154087396
5.9270000000000005	0.026734243833843267
5.928	0.02678429649417357
5.929	0.02683425566267274
5.93	0.02688412186201137
5.931	0.026933895610002367
5.932	0.026983577419662577
5.933	0.02703316779927521
5.934	0.027082667252451325
5.9350000000000005	0.02713207627818861
5.936	0.02718139537093223
5.937	0.02723062502063094
5.938000000000001	0.027279765712795122
5.939	0.027328817928553614
5.94	0.027377782144708297
5.941	0.0274266588337865
5.942	0.027475448464098332
5.9430000000000005	0.027524151499786882
5.944	0.02757276840088111
5.945	0.02762129962334398
5.946	0.02766974561912688
5.947	0.027718106836216096
5.948	0.027766383718681835
5.949	0.02781457670672706
5.95	0.027862686236733214
5.9510000000000005	0.027910712741307672
5.952	0.02795865664932828
5.953	0.0280065183859896
5.954000000000001	0.0280542983728457
5.955	0.02810199702785464
5.956	0.028149614765419686
5.957	0.028197151996435754
5.958	0.028244609128326013
5.9590000000000005	0.028291986565083818
5.96	0.028339284707315723
5.961	0.02838650395228046
5.962	0.02843364469392338
5.963	0.028480707322924244
5.964	0.02852769222672371
5.965	0.028574599789569978
5.966	0.028621430392551637
5.9670000000000005	0.028668184413634987
5.968	0.0287148622276981
5.969	0.028761464206568606
5.970000000000001	0.028807990719055408
5.971	0.028854442130986185
5.972	0.028900818805238947
5.973	0.028947121101775677
5.974	0.02899334937767432
5.9750000000000005	0.029039503987163873
5.976	0.029085585281651585
5.977	0.029131593609759886
5.978	0.02917752931735121
5.979	0.02922339274756293
5.98	0.029269184240837336
5.981	0.02931490413494731
5.982	0.029360552765030315
5.9830000000000005	0.02940613046361334
5.984	0.029451637560643205
5.985	0.029497074383514617
5.986000000000001	0.02954244125709714
5.987	0.02958773850376384
5.988	0.029632966443414132
5.989	0.02967812539350552
5.99	0.02972321566907493
5.9910000000000005	0.029768237582769617
5.992	0.029813191444866004
5.993	0.029858077563301846
5.994	0.029902896243694847
5.995	0.02994764778937007
5.996	0.029992332501385298
5.997	0.030036950678549904
5.998	0.03008150261745362
5.9990000000000006	0.030125988612487303
6.	0.03017040895586427
6.001	0.030214763937644523
6.002	0.030259053845757087
6.003	0.030303278966022282
6.0040000000000004	0.030347439582169993
6.005	0.030391535975866368
6.006	0.03043556842672842
6.007	0.030479537212351627
6.008	0.030523442608325915
6.009	0.030567284888255903
6.01	0.03061106432378309
6.011	0.03065478118460457
6.0120000000000005	0.030698435738491188
6.013	0.03074202825130984
6.014	0.03078555898703851
6.015000000000001	0.030829028207787955
6.016	0.030872436173819295
6.017	0.030915783143561634
6.018	0.030959069373631923
6.019	0.031002295118848767
6.0200000000000005	0.031045460632254388
6.021	0.031088566165131153
6.022	0.03113161196701491
6.023	0.031174598285717597
6.024	0.03121752536734056
6.025	0.03126039345628833
6.026	0.03130320279529272
6.027	0.03134595362542058
6.0280000000000005	0.03138864618609588
6.029	0.03143128071511161
6.03	0.031473857448647405
6.031000000000001	0.03151637662128278
6.032	0.031558838466015746
6.033	0.03160124321427307
6.034	0.03164359109592749
6.035	0.03168588233931607
6.0360000000000005	0.03172811717124511
6.037	0.031770295817015244
6.038	0.031812418500427486
6.039	0.03185448544380033
6.04	0.03189649686798388
6.041	0.03193845299237208
6.042	0.03198035403491624
6.043	0.03202220021214051
6.0440000000000005	0.03206399173915138
6.045	0.032105728829654304
6.046	0.03214741169596213
6.047000000000001	0.03218904054901157
6.048	0.03223061559837512
6.049	0.032272137052272394
6.05	0.03231360511758108
6.051	0.032355019999850604
6.0520000000000005	0.032396381903317006
6.053	0.03243769103090839
6.054	0.032478947584260655
6.055	0.03252015176372901
6.056	0.03256130376839685
6.057	0.03260240379609035
6.058	0.032643452043386874
6.059	0.03268444870562889
6.0600000000000005	0.03272539397692921
6.061	0.03276628805018964
6.062	0.0328071311171048
6.063000000000001	0.032847923368175984
6.064	0.03288866499272151
6.065	0.03292935617888591
6.066	0.03296999711365033
6.067	0.03301058798284173
6.0680000000000005	0.033051128971147044
6.069	0.03309162026211703
6.07	0.03313206203817939
6.071	0.033172454480647484
6.072	0.0332127977697329
6.073	0.03325309208454811
6.074	0.03329333760312201
6.075	0.03333353450240666
6.0760000000000005	0.03337368295828612
6.077	0.03341378314558576
6.078	0.03345383523808302
6.079000000000001	0.033493839408512756
6.08	0.03353379582857771
6.081	0.03357370466895774
6.082	0.033613566099317926
6.083	0.0336533802883165
6.0840000000000005	0.03369314740361366
6.085	0.03373286761187983
6.086	0.03377254107880262
6.087	0.033812167969096904
6.088	0.03385174844651212
6.089	0.03389128267384004
6.09	0.03393077081292105
6.091	0.03397021302465441
6.0920000000000005	0.034009609469005546
6.093	0.03404896030501136
6.094	0.03408826569079021
6.095000000000001	0.03412752578354925
6.096	0.034166740739588544
6.097	0.03420591071431332
6.098	0.03424503586223742
6.099	0.03428411633699144
6.1000000000000005	0.03432315229133177
6.101	0.03436214387714243
6.102	0.034401091245447636
6.103	0.03443999454641662
6.104	0.03447885392936968
6.105	0.03451766954278452
6.106	0.03455644153430413
6.107	0.03459517005074323
6.1080000000000005	0.03463385523809416
6.109	0.03467249724153375
6.11	0.03471109620542945
6.111000000000001	0.03474965227334545
6.112	0.0347881655880494
6.113	0.03482663629151856
6.114	0.0348650645249456
6.115	0.03490345042874468
6.1160000000000005	0.03494179414255679
6.117	0.0349800958052587
6.118	0.03501835555496346
6.119	0.03505657352903417
6.12	0.03509474986407867
6.121	0.035132884695965004
6.122	0.03517097815982487
6.123	0.035209030390055726
6.1240000000000006	0.035247041520328364
6.125	0.03528501168359445
6.126	0.03532294101208769
6.127000000000001	0.03536082963733288
6.128	0.03539867769015221
6.1290000000000004	0.03543648530066404
6.13	0.03547425259829347
6.131	0.035511979711779114
6.132000000000001	0.03554966676917345
6.133	0.03558731389784885
6.134	0.03562492122450747
6.135	0.035662488875179116
6.136	0.03570001697523017
6.1370000000000005	0.03573750564936886
6.138	0.03577495502164807
6.139	0.03581236521547299
6.140000000000001	0.035849736353602994
6.141	0.035887068558155565
6.142	0.03592436195061725
6.143000000000001	0.03596161665183861
6.144	0.03599883278204811
6.1450000000000005	0.036036010460850094
6.146	0.03607314980723495
6.147	0.03611025093957606
6.148000000000001	0.0361473139756413
6.149	0.03618433903259445
6.15	0.036221326226999806
6.151	0.03625827567482472
6.152	0.03629518749144807
6.1530000000000005	0.036332061791659105
6.154	0.03636889868966721
6.155	0.03640569829910104
6.156000000000001	0.03644246073301527
6.157	0.03647918610389591
6.158	0.03651587452365963
6.159	0.03655252610366394
6.16	0.03658914095470648
6.1610000000000005	0.03662571918702903
6.162	0.03666226091032451
6.163	0.03669876623374039
6.164	0.03673523526587648
6.165	0.03677166811479823
6.166	0.03680806488803402
6.167	0.03684442569257905
6.168	0.036880750634901725
6.1690000000000005	0.036917039820947004
6.17	0.03695329335613717
6.171	0.036989511345378506
6.172000000000001	0.03702569389306289
6.173	0.0370618411030723
6.174	0.03709795307878263
6.175	0.03713402992306499
6.176	0.03717007173829273
6.1770000000000005	0.037206078626340656
6.178	0.03724205068859338
6.179	0.03727798802594081
6.18	0.03731389073879314
6.181	0.037349758927072346
6.182	0.03738559269022265
6.183	0.03742139212721101
6.184	0.03745715733653088
6.1850000000000005	0.03749288841620522
6.186	0.037528585463790946
6.187	0.037564248576380285
6.188000000000001	0.037599877850602925
6.189	0.03763547338263442
6.19	0.037671035268191065
6.191	0.037706563602540655
6.192	0.03774205848050113
6.1930000000000005	0.03777751999644303
6.194	0.037812948244296124
6.195	0.03784834331754894
6.196	0.03788370530925283
6.197	0.03791903431202434
6.198	0.03795433041805011
6.199	0.037989593719086626
6.2	0.03802482430646541
6.2010000000000005	0.03806002227109386
6.202	0.038095187703458974
6.203	0.03813032069363179
6.204000000000001	0.038165421331266554
6.205	0.038200489705604856
6.206	0.038235525905480426
6.207	0.03827053001931877
6.208	0.03830550213514243
6.2090000000000005	0.038340442340569526
6.21	0.038375350722820105
6.211	0.03841022736871813
6.212	0.0384450723646924
6.213	0.03847988579678299
6.214	0.03851466775063405
6.215	0.03854941831151003
6.216	0.03858413756428765
6.2170000000000005	0.03861882559346227
6.218	0.0386534824831492
6.219	0.03868810831708652
6.220000000000001	0.038722703178639475
6.221	0.03875726715079862
6.222	0.03879180031618662
6.223	0.038826302757054246
6.224	0.03886077455529379
6.2250000000000005	0.03889521579242707
6.226	0.03892962654961939
6.227	0.03896400690767543
6.228	0.03899835694704443
6.229	0.03903267674782061
6.23	0.03906696638974485
6.231	0.03910122595221153
6.232	0.039135455514263055
6.2330000000000005	0.03916965515459994
6.234	0.03920382495157637
6.235	0.03923796498320764
6.236000000000001	0.039272075327164764
6.237	0.03930615606078791
6.238	0.039340207261077044
6.239	0.0393742290047008
6.24	0.03940822136799623
6.2410000000000005	0.03944218442697167
6.242	0.03947611825730656
6.243	0.03951002293435828
6.244	0.039543898533156985
6.245	0.03957774512841409
6.246	0.03961156279452116
6.247	0.03964535160555173
6.248	0.03967911163526284
6.2490000000000006	0.03971284295709778
6.25	0.039746545644190806
6.251	0.039780219769363814
6.252000000000001	0.03981386540512944
6.253	0.039847482623697236
6.2540000000000004	0.03988107149696684
6.255	0.03991463209654262
6.256	0.039948164493719934
6.257000000000001	0.03998166875950094
6.258	0.0400151449645874
6.259	0.04004859317938473
6.26	0.04008201347400721
6.261	0.040115405918274394
6.2620000000000005	0.04014877058171613
6.263	0.04018210753357359
6.264	0.04021541684279936
6.265000000000001	0.04024869857806324
6.266	0.04028195280774753
6.267	0.04031517959995472
6.268000000000001	0.04034837902250573
6.269	0.040381551142943534
6.2700000000000005	0.040414696028532385
6.271	0.040447813746260386
6.272	0.04048090436284424
6.273	0.04051396794472418
6.274	0.040547004558071635
6.275	0.04058001426878836
6.276	0.0406129971425079
6.277	0.040645953244595
6.2780000000000005	0.040678882640154214
6.279	0.040711785394021545
6.28	0.04074466157077526
6.281000000000001	0.040777511234729794
6.282	0.04081033444994212
6.283	0.04084313128021074
6.284	0.04087590178908093
6.285	0.04090864603983923
6.2860000000000005	0.04094136409551964
6.287	0.04097405601890769
6.288	0.0410067218725334
6.289	0.04103936171868291
6.29	0.041071975619391084
6.291	0.04110456363644817
6.292	0.04113712583139674
6.293	0.041169662265540446
6.2940000000000005	0.041202172999936615
6.295	0.041234658095405045
6.296	0.041267117612521616
6.297000000000001	0.0412995516116298
6.298	0.04133196015282929
6.299	0.04136434329599052
6.3	0.04139670110074642
6.301	0.04142903362649532
6.3020000000000005	0.04146134093240893
6.303	0.04149362307742185
6.304	0.04152588012024496
6.305	0.041558112119359406
6.306	0.041590319133017625
6.307	0.041622501219248625
6.308	0.041654658435856924
6.309	0.04168679084042313
6.3100000000000005	0.04171889849030596
6.311	0.041750981442644074
6.312	0.041783039754357015
6.313000000000001	0.04181507348214392
6.314	0.04184708268248844
6.315	0.04187906741165892
6.316	0.04191102772570678
6.317	0.041942963680471367
6.3180000000000005	0.041974875331578065
6.319	0.042006762734442406
6.32	0.042038625944268875
6.321	0.04207046501605151
6.322	0.04210228000457877
6.323	0.042134070964431176
6.324	0.04216583794998046
6.325	0.04219758101539851
6.3260000000000005	0.04222930021465011
6.327	0.04226099560149873
6.328	0.04229266722950484
6.329000000000001	0.04232431515203046
6.33	0.042355939422235825
6.331	0.042387540093085485
6.332	0.04241911721734449
6.333	0.04245067084758027
6.3340000000000005	0.042482201036169
6.335	0.04251370783528928
6.336	0.04254519129692691
6.337	0.04257665147287616
6.338	0.042608088414739155
6.339	0.04263950217392888
6.34	0.04267089280166649
6.341	0.04270226034898768
6.3420000000000005	0.04273360486673865
6.343	0.04276492640558135
6.344	0.04279622501598856
6.345000000000001	0.04282750074825247
6.346	0.04285875365247833
6.347	0.04288998377859172
6.348	0.04292119117633374
6.349	0.04295237589526729
6.3500000000000005	0.04298353798477273
6.351	0.04301467749405363
6.352	0.04304579447213405
6.353	0.04307688896786208
6.354	0.04310796102990843
6.355	0.04313901070676759
6.356	0.04317003804676317
6.357	0.04320104309804111
6.3580000000000005	0.043232025908577595
6.359	0.04326298652617306
6.36	0.04329392499846187
6.361000000000001	0.0433248413729051
6.362	0.043355735696795
6.363	0.04338660801725488
6.364	0.04341745838124254
6.365	0.04344828683554633
6.3660000000000005	0.0434790934267897
6.367	0.043509878201430825
6.368	0.04354064120576407
6.369	0.04357138248592144
6.37	0.04360210208786833
6.371	0.043632800057410916
6.372	0.043663476440194804
6.373	0.04369413128170441
6.3740000000000006	0.04372476462726434
6.375	0.043755376522040666
6.376	0.04378596701104059
6.377000000000001	0.043816536139116735
6.378	0.04384708395096307
6.3790000000000004	0.04387761049111724
6.38	0.0439081158039647
6.381	0.04393859993373489
6.382000000000001	0.043969062924502575
6.383	0.04399950482019313
6.384	0.04402992566457803
6.385	0.04406032550127785
6.386	0.04409070437376168
6.3870000000000005	0.044121062325350915
6.388	0.044151399399216286
6.389	0.0441817156383813
6.390000000000001	0.04421201108572013
6.391	0.044242285783962075
6.392	0.04427253977569205
6.393000000000001	0.04430277310334223
6.394	0.04433298580920779
6.3950000000000005	0.04436317793543583
6.396	0.04439334952403081
6.397	0.044423500616856036
6.398000000000001	0.04445363125562911
6.399	0.04448374148193064
6.4	0.04451383133719653
6.401	0.044543900862725055
6.402	0.04457395009967537
6.4030000000000005	0.04460397908906593
6.404	0.044633987871779475
6.405	0.04466397648855943
6.406000000000001	0.044693944980013826
6.407	0.04472389338661233
6.408	0.04475382174869312
6.409000000000001	0.044783730106455776
6.41	0.04481361849996631
6.4110000000000005	0.04484348696915904
6.412	0.044873335553834555
6.413	0.04490316429365867
6.414	0.04493297322816906
6.415	0.04496276239676947
6.416	0.04499253183873676
6.417	0.045022281593212185
6.418	0.04505201169921235
6.4190000000000005	0.04508172219562503
6.42	0.04511141312120649
6.421	0.0451410845145892
6.422000000000001	0.04517073641427481
6.423	0.04520036885864181
6.424	0.04522998188594417
6.425	0.045259575534305825
6.426	0.045289149841729354
6.4270000000000005	0.045318704846093544
6.428	0.045348240585151404
6.429	0.04537775709653382
6.43	0.04540725441775158
6.431	0.045436732586190784
6.432	0.04546619163911862
6.433	0.0454956316136787
6.434	0.045525052546896906
6.4350000000000005	0.04555445447567912
6.436	0.045583837436811665
6.437	0.04561320146696101
6.438000000000001	0.045642546602677914
6.439	0.04567187288039451
6.44	0.04570118033642799
6.441	0.045730469006974604
6.442	0.0457597389281188
6.4430000000000005	0.045788990135828565
6.444	0.045818222665954894
6.445	0.04584743655423739
6.446	0.0458766318363025
6.447	0.04590580854765792
6.448	0.04593496672370466
6.449	0.04596410639972829
6.45	0.0459932276109029
6.4510000000000005	0.046022330392291116
6.452	0.046051414778846014
6.453	0.04608048080540821
6.454000000000001	0.04610952850670885
6.455	0.04613855791737361
6.456	0.04616756907191263
6.457	0.04619656200473246
6.458	0.04622553675012977
6.4590000000000005	0.046254493342296026
6.46	0.046283431815311735
6.461	0.046312352203154245
6.462	0.04634125453969351
6.463	0.046370138858692955
6.464	0.04639900519381515
6.465	0.04642785357861105
6.466	0.046456684046533143
6.4670000000000005	0.046485496630928116
6.468	0.04651429136503743
6.469	0.046543068282003254
6.470000000000001	0.04657182741486435
6.471	0.04660056879655578
6.472	0.046629292459911334
6.473	0.04665799843766376
6.474	0.04668668676244947
6.4750000000000005	0.04671535746679729
6.476	0.04674401058314097
6.477	0.04677264614381345
6.478	0.0468012641810497
6.479	0.04682986472698612
6.48	0.04685844781365709
6.481	0.0468870134730074
6.482	0.04691556173687646
6.4830000000000005	0.04694409263700889
6.484	0.04697260620505783
6.485	0.047001102472572755
6.486000000000001	0.047029581471014305
6.487	0.047058043231744576
6.488	0.047086487786028315
6.489	0.04711491516504284
6.49	0.0471433253998622
6.4910000000000005	0.04717171852147696
6.492	0.04720009456077603
6.493	0.04722845354856147
6.494	0.0472567955155378
6.495	0.04728512049232036
6.496	0.04731342850943479
6.497	0.047341719597309886
6.498	0.04736999378628682
6.4990000000000006	0.04739825110661841
6.5	0.04742649158846381
6.501	0.047454715261893876
6.502000000000001	0.04748292215688984
6.503	0.04751111230334216
6.5040000000000004	0.04753928573105519
6.505	0.04756744246974329
6.506	0.04759558254903724
6.507000000000001	0.047623705998471384
6.508	0.0476518128475022
6.509	0.04767990312549424
6.51	0.047707976861725725
6.511	0.04773603408539026
6.5120000000000005	0.04776407482559482
6.513	0.04779209911136109
6.514	0.04782010697162489
6.515000000000001	0.047848098435240474
6.516	0.04787607353097457
6.517	0.04790403228750909
6.518000000000001	0.04793197473344486
6.519	0.04795990089730049
6.5200000000000005	0.047987810807504534
6.521	0.04801570449241352
6.522	0.048043581980291815
6.523000000000001	0.048071443299327055
6.524	0.04809928847762549
6.525	0.04812711754320866
6.526	0.048154930524020735
6.527	0.0481827274479215
6.5280000000000005	0.04821050834269444
6.529	0.04823827323604073
6.53	0.048266022155579555
6.531000000000001	0.04829375512885505
6.532	0.04832147218333188
6.533	0.04834917334639261
6.534	0.048376858645343496
6.535	0.04840452810741318
6.5360000000000005	0.048432181759751516
6.537	0.04845981962943022
6.538	0.048487441743446685
6.539	0.04851504812871697
6.54	0.048542638812085516
6.541	0.04857021382031728
6.542	0.048597773180101146
6.543	0.04862531691805241
6.5440000000000005	0.04865284506070777
6.545	0.04868035763453401
6.546	0.04870785466591732
6.547000000000001	0.04873533618117439
6.548	0.04876280220654297
6.549	0.048790252768190816
6.55	0.048817687892211685
6.551	0.04884510760462243
6.5520000000000005	0.048872511931373666
6.553	0.04889990089833356
6.554	0.04892727453130738
6.555	0.0489546328560224
6.556	0.048981975898138255
6.557	0.049009303683236916
6.558	0.049036616236834245
6.559	0.04906391358437571
6.5600000000000005	0.049091195751231505
6.561	0.04911846276270433
6.562	0.04914571464402416
6.563000000000001	0.04917295142035571
6.564	0.0492001731167892
6.565	0.0492273797583486
6.566	0.04925457136998732
6.567	0.04928174797658829
6.5680000000000005	0.04930890960297019
6.569	0.04933605627387982
6.57	0.049363188013996535
6.571	0.04939030484793163
6.572	0.04941740680023264
6.573	0.04944449389537345
6.574	0.04947156615776468
6.575	0.04949862361175067
6.5760000000000005	0.04952566628160707
6.577	0.04955269419154603
6.578	0.04957970736570979
6.579000000000001	0.049606705828179005
6.58	0.04963368960296628
6.581	0.04966065871401943
6.582	0.04968761318522086
6.583	0.0497145530403891
6.5840000000000005	0.04974147830327775
6.585	0.04976838899757638
6.586	0.0497952851469113
6.587	0.04982216677484187
6.588	0.049849033904867626
6.589	0.04987588656042234
6.59	0.049902724764879114
6.591	0.049929548541544626
6.5920000000000005	0.04995635791366633
6.593	0.04998315290442905
6.594	0.050009933536951635
6.595	0.05003669983429547
6.596	0.05006345181945978
6.597	0.050090189515379004
6.598	0.050116912944929905
6.599	0.05014362213092573
6.6	0.05017031709612324
6.601	0.05019699786321231
6.602	0.0502236644548277
6.603	0.05025031689354178
6.604	0.05027695520186645
6.605	0.050303579402256805
6.606	0.05033018951710711
6.607	0.05035678556875048
6.6080000000000005	0.05038336757946246
6.609	0.05040993557146057
6.61	0.05043648956690634
6.611	0.05046302958789473
6.612	0.05048955565647116
6.613	0.05051606779461945
6.614	0.05054256602426747
6.615	0.05056905036727998
6.616	0.05059552084547263
6.617	0.050621977480597546
6.618	0.05064842029435608
6.619	0.05067484930838629
6.62	0.05070126454427377
6.621	0.0507276660235491
6.622	0.050754053767681585
6.623	0.050780427798090846
6.6240000000000006	0.05080678813613664
6.625	0.050833134803126165
6.626	0.05085946782030782
6.627000000000001	0.05088578720887864
6.628	0.050912092989980125
6.6290000000000004	0.05093838518469675
6.63	0.050964663814061194
6.631	0.05099092889905161
6.632000000000001	0.05101718046058983
6.633	0.05104341851954882
6.634	0.05106964309673995
6.635	0.051095854212929386
6.636	0.05112205188882619
6.6370000000000005	0.05114823614508566
6.638	0.05117440700231221
6.639	0.05120056448105586
6.640000000000001	0.05122670860181521
6.641	0.05125283938503701
6.642	0.05127895685111498
6.643	0.05130506102039044
6.644	0.05133115191315291
6.6450000000000005	0.05135722954964383
6.646	0.05138329395004904
6.647	0.05140934513450416
6.648	0.0514353831230945
6.649	0.05146140793585478
6.65	0.051487419592769035
6.651	0.05151341811377032
6.652	0.05153940351873996
6.6530000000000005	0.05156537582751329
6.654	0.05159133505987026
6.655	0.051617281235546895
6.656000000000001	0.05164321437422505
6.657	0.05166913449554057
6.658	0.05169504161907609
6.659	0.05172093576436783
6.66	0.05174681695090399
6.661	0.051772685198120345
6.662	0.05179854052540974
6.663	0.051824382952110316
6.664	0.05185021249751808
6.665	0.05187602918087578
6.666	0.05190183302138175
6.667	0.0519276240381839
6.668	0.05195340225038593
6.6690000000000005	0.05197916767704156
6.67	0.05200492033715735
6.671	0.05203066024969345
6.672000000000001	0.052056387433566546
6.673	0.052082101907637755
6.674	0.0521078036907319
6.675	0.052133492801619316
6.676	0.052159169259029144
6.677	0.052184833081641506
6.678	0.05221048428809187
6.679	0.05223612289697183
6.68	0.05226174892682417
6.681	0.05228736239614748
6.682	0.05231296332339296
6.683	0.05233855172697016
6.684	0.05236412762524325
6.6850000000000005	0.052389691036529636
6.686	0.0524152419791038
6.687	0.05244078047119254
6.688	0.05246630653098296
6.689	0.05249182017661258
6.6899999999999995	0.05251732142618176
6.691	0.05254281029773933
6.692	0.05256828680929654
6.693	0.052593750978817175
6.694	0.05261920282422111
6.695	0.05264464236339054
6.696	0.052670069614156094
6.697	0.052695484594313814
6.698	0.05272088732161054
6.699	0.052746277813751005
6.7	0.052771656088403125
6.7010000000000005	0.05279702216318466
6.702	0.05282237605567593
6.703	0.052847717783413566
6.704	0.05287304736389312
6.705	0.052898364814565745
6.7059999999999995	0.05292367015284251
6.707	0.052948963396095075
6.708	0.052974244561649515
6.709	0.05299951366679275
6.71	0.05302477072877127
6.711	0.053050015764786775
6.712	0.053075248792006334
6.713	0.053100469827550845
6.714	0.05312567888850149
6.715	0.053150875991899424
6.716	0.0531760611547485
6.7170000000000005	0.05320123439400751
6.718	0.05322639572659722
6.719	0.05325154516939794
6.720000000000001	0.053276682739251825
6.721	0.05330180845296109
6.722	0.05332692232728326
6.723	0.05335202437894355
6.724	0.05337711462462369
6.725	0.0534021930809675
6.726	0.05342725976458037
6.727	0.0534523146920268
6.728	0.0534773578798334
6.729	0.0535023893444892
6.73	0.05352740910244282
6.731	0.053552417170105525
6.732	0.053577413563849756
6.7330000000000005	0.05360239830001118
6.734	0.05362737139488366
6.735	0.05365233286472981
6.736	0.053677282725768306
6.737	0.053702220994179053
6.7379999999999995	0.05372714768611272
6.739	0.0537520628176742
6.74	0.05377696640493674
6.741	0.053801858463930353
6.742	0.053826739010655045
6.743	0.05385160806106816
6.744	0.05387646563109174
6.745	0.053901311736613326
6.746	0.0539261463934822
6.747	0.05395096961751012
6.748	0.05397578142447486
6.7490000000000006	0.054000581830113456
6.75	0.054025370850134355
6.751	0.05405014850020173
6.752	0.054074914795950786
6.753	0.05409966975297473
6.754	0.05412441338683866
6.755	0.054149145713062695
6.756	0.054173866747139796
6.757	0.05419857650452245
6.758	0.054223275000630594
6.759	0.05424796225084799
6.76	0.05427263827052385
6.761	0.054297303074972735
6.7620000000000005	0.054321956679472864
6.763	0.054346599099268846
6.764	0.05437123034957203
6.765	0.0543958504455566
6.766	0.054420459402365846
6.7669999999999995	0.05444505723510349
6.768	0.054469643958846375
6.769	0.05449421958863139
6.77	0.05451878413946384
6.771	0.054543337626315004
6.772	0.054567880064122866
6.773	0.054592411467789266
6.774	0.054616931852187814
6.775	0.05464144123215341
6.776	0.05466593962249168
6.777	0.054690427037972625
6.7780000000000005	0.054714903493332745
6.779	0.05473936900327889
6.78	0.054763823582480456
6.781000000000001	0.05478826724557844
6.782	0.0548127000071783
6.783	0.05483712188185361
6.784	0.05486153288414617
6.785	0.054885933028564794
6.786	0.054910322329587376
6.787	0.054934700801658985
6.788	0.05495906845919074
6.789	0.054983425316561294
6.79	0.05500777138812517
6.791	0.05503210668819439
6.792	0.0550564312310578
6.793	0.05508074503096569
6.7940000000000005	0.05510504810214379
6.795	0.055129340458783246
6.796	0.055153622115041295
6.797000000000001	0.05517789308504881
6.798	0.05520215338290292
6.799	0.05522640302266897
6.8	0.055250642018384886
6.801	0.05527487038405404
6.802	0.05529908813365068
6.803	0.05532329528111966
6.804	0.0553474918403725
6.805	0.055371677825294924
6.806	0.05539585324973629
6.807	0.05542001812751934
6.808	0.05544417247243906
6.809	0.05546831629825387
6.8100000000000005	0.055492449618699626
6.811	0.05551657244747353
6.812	0.0555406847982527
6.813	0.055564786684677896
6.814	0.055588878120362464
6.8149999999999995	0.05561295911889132
6.816	0.055637029693818396
6.817	0.05566108985866736
6.818	0.05568513962693637
6.819	0.05570917901209026
6.82	0.05573320802756812
6.821	0.05575722668677685
6.822	0.05578123500309695
6.823	0.055805232989880764
6.824	0.055829220660449576
6.825	0.055853198028096414
6.8260000000000005	0.05587716510608948
6.827	0.05590112190766122
6.828	0.05592506844602248
6.829000000000001	0.055949004734352235
6.83	0.0559729307858042
6.831	0.055996846613499726
6.832	0.056020752230538075
6.833	0.05604464764998335
6.834	0.05606853288487822
6.835	0.05609240794823372
6.836	0.05611627285303479
6.837	0.056140127612237134
6.838	0.05616397223877234
6.839	0.05618780674554148
6.84	0.05621163114541734
6.841	0.05623544545125122
6.8420000000000005	0.05625924967585935
6.843	0.05628304383203786
6.844	0.05630682793255062
6.845000000000001	0.05633060199013599
6.846	0.056354366017510676
6.847	0.05637812002735433
6.848	0.05640186403233066
6.849	0.05642559804506654
6.85	0.05644932207817061
6.851	0.05647303614422282
6.852	0.05649674025577308
6.853	0.05652043442534889
6.854	0.05654411866545014
6.855	0.056567792988550414
6.856	0.056591457407098554
6.857	0.05661511193351426
6.8580000000000005	0.05663875658019491
6.859	0.05666239135950985
6.86	0.05668601628380261
6.861	0.05670963136539278
6.862	0.05673323661657203
6.8629999999999995	0.056756832049607624
6.864	0.05678041767674142
6.865	0.05680399351019167
6.866	0.05682755956214528
6.867	0.05685111584477086
6.868	0.056874662370207066
6.869	0.05689819915057068
6.87	0.056921726197952154
6.871	0.05694524352441465
6.872	0.05696875114200135
6.873	0.05699224906272388
6.874	0.05701573729857661
6.875	0.057039215861524085
6.8759999999999994	0.05706268476350898
6.877	0.057086144016446475
6.878	0.057109593632229914
6.879	0.057133033622726
6.88	0.05715646399978107
6.881	0.05717988477521217
6.882	0.05720329596081609
6.883	0.05722669756836319
6.884	0.05725008960959844
6.885	0.05727347209624853
6.886	0.057296845040010425
6.8870000000000005	0.0573202084525582
6.888	0.05734356234554703
6.889	0.05736690673060097
6.89	0.05739024161932568
6.891	0.05741356702330222
6.8919999999999995	0.05743688295408647
6.893	0.05746018942321115
6.894	0.05748348644218824
6.895	0.05750677402250254
6.896	0.057530052175619545
6.897	0.05755332091297936
6.898	0.05757658024599766
6.899	0.05759983018607085
6.9	0.05762307074456796
6.901	0.057646301932838435
6.902	0.05766952376220762
6.9030000000000005	0.057692736243977485
6.904	0.05771593938942831
6.905	0.05773913320981681
6.906000000000001	0.05776231771637978
6.907	0.057785492920326975
6.908	0.057808658832846374
6.909	0.05783181546510918
6.91	0.05785496282825778
6.911	0.057878100933415506
6.912	0.057901229791681594
6.913	0.057924349414135316
6.914	0.05794745981183198
6.915	0.05797056099580651
6.916	0.057993652977069335
6.917	0.058016735766611906
6.918	0.05803980937540277
6.9190000000000005	0.05806287381438628
6.92	0.05808592909448835
6.921	0.05810897522661213
6.922	0.058132012221639474
6.923	0.05815504009042905
6.9239999999999995	0.05817805884381976
6.925	0.05820106849262847
6.926	0.05822406904765117
6.927	0.0582470605196617
6.928	0.05827004291941132
6.929	0.05829301625763515
6.93	0.058315980545039996
6.931	0.0583389357923186
6.932	0.05836188201013798
6.933	0.05838481920914574
6.934	0.05840774739996709
6.9350000000000005	0.05843066659321307
6.936	0.058453576799461775
6.937	0.058476478029280875
6.938	0.05849937029321529
6.939	0.05852225360178439
6.94	0.05854512796549267
6.941	0.05856799339482187
6.942	0.0585908499002327
6.943	0.058613697492167535
6.944	0.058636536181044835
6.945	0.058659365977265204
6.946	0.05868218689121062
6.947	0.058704998933240084
6.948	0.05872780211369408
6.949	0.058750596442889616
6.95	0.058773381931130284
6.9510000000000005	0.0587961585886925
6.952	0.05881892642583797
6.953	0.058841685452806165
6.954000000000001	0.058864435679818104
6.955	0.058887177117072344
6.956	0.05890990977475055
6.957	0.05893263366301413
6.958	0.058955348792004904
6.959	0.05897805517184414
6.96	0.059000752812635636
6.961	0.05902344172446123
6.962	0.05904612191738364
6.963	0.05906879340145009
6.964	0.05909145618668359
6.965	0.0591141102830905
6.966	0.059136755700657344
6.9670000000000005	0.05915939244935314
6.968	0.059182020539124365
6.969	0.05920463997990166
6.97	0.059227250781594805
6.971	0.059249852954096356
6.9719999999999995	0.05927244650727912
6.973	0.05929503145099623
6.974	0.05931760779508383
6.975	0.05934017554935747
6.976	0.059362734723616355
6.977	0.05938528532763828
6.978	0.05940782737118501
6.979	0.059430360863997146
6.98	0.05945288581579903
6.981	0.059475402236297784
6.982	0.059497910135178265
6.9830000000000005	0.0595204095221096
6.984	0.05954290040674183
6.985	0.0595653827987073
6.986	0.05958785670761985
6.987	0.05961032214307487
6.9879999999999995	0.05963277911465245
6.989	0.05965522763190823
6.99	0.059677667704386435
6.991	0.059700099341609754
6.992	0.059722522553085806
6.993	0.05974493734830159
6.994	0.05976734373672634
6.995	0.05978974172781494
6.996	0.05981213133099838
6.997	0.05983451255569669
6.998	0.05985688541131049
6.9990000000000006	0.059879249907217276
7.	0.05990160605278655
7.001	0.05992395385736295
7.002	0.05994629333027451
7.003	0.05996862448083317
7.004	0.059990947318339836
7.005	0.06001326185206583
7.006	0.06003556809127182
7.007	0.060057866045204245
7.008	0.06008015572308613
7.009	0.060102437134126996
7.01	0.06012471028752052
7.011	0.060146975192438876
7.0120000000000005	0.06016923185804018
7.013	0.06019148029346715
7.014	0.06021372050784154
7.015000000000001	0.06023595251027192
7.016	0.06025817630984656
7.017	0.060280391915643015
7.018	0.060302599336714224
7.019	0.060324798582100436
7.02	0.06034698966082845
7.021	0.06036917258190165
7.022	0.060391347354311245
7.023	0.060413513987033374
7.024	0.06043567248902277
7.025	0.06045782286922156
7.026	0.06047996513655515
7.027	0.06050209929993029
7.0280000000000005	0.06052422536823821
7.029	0.06054634335035828
7.03	0.06056845325514661
7.031000000000001	0.060590555091447035
7.032	0.06061264886808914
7.033	0.06063473459388109
7.034	0.06065681227762058
7.035	0.06067888192808508
7.036	0.06070094355403675
7.037	0.06072299716422711
7.038	0.06074504276738228
7.039	0.06076708037222109
7.04	0.060789109987442705
7.041	0.06081113162172928
7.042	0.06083314528375131
7.043	0.06085515098215951
7.0440000000000005	0.06087714872559232
7.045	0.06089913852267139
7.046	0.06092112038199919
7.047000000000001	0.060943094312170695
7.048	0.06096506032175666
7.049	0.060987018419318785
7.05	0.06100896861340019
7.051	0.06103091091252812
7.052	0.06105284532521809
7.053	0.06107477185996616
7.054	0.06109669052525576
7.055	0.061118601329554934
7.056	0.061140504281313304
7.057	0.061162399388971604
7.058	0.06118428666094942
7.059	0.06120616610565353
7.0600000000000005	0.06122803773147982
7.061	0.06124990154679974
7.062	0.06127175755997805
7.063000000000001	0.061293605779362326
7.064	0.06131544621328279
7.065	0.06133727887005954
7.066	0.061359103757993604
7.067	0.061380920885372336
7.068	0.0614027302604691
7.069	0.061424531891542594
7.07	0.06144632578683711
7.071	0.061468111954581704
7.072	0.06148989040298874
7.073	0.061511661140262436
7.074	0.061533424174583164
7.075	0.06155517951412731
7.0760000000000005	0.06157692716704651
7.077	0.06159866714148759
7.078	0.06162039944557394
7.079000000000001	0.061642124087421715
7.08	0.061663841075130635
7.081	0.061685550416784314
7.082	0.06170725212045325
7.083	0.06172894619419427
7.084	0.0617506326460512
7.085	0.06177231148404905
7.086	0.061793982716204066
7.087	0.06181564635051711
7.088	0.06183730239497422
7.089	0.0618589508575461
7.09	0.061880591746191815
7.091	0.0619022250688563
7.0920000000000005	0.06192385083346662
7.093	0.06194546904794539
7.094	0.061967079720188736
7.095000000000001	0.06198868285809007
7.096	0.062010278469522076
7.097	0.06203186656234855
7.098	0.062053447144416365
7.099	0.06207502022355812
7.1	0.062096585807596305
7.101	0.062118143904337515
7.102	0.062139694521574786
7.103	0.06216123766708911
7.104	0.06218277334864591
7.105	0.06220430157399751
7.106	0.06222582235088542
7.107	0.06224733568703396
7.1080000000000005	0.062268841590156956
7.109	0.06229034006795528
7.11	0.06231183112811235
7.111000000000001	0.0623333147783037
7.112	0.06235479102618771
7.113	0.06237625987941191
7.114	0.06239772134560842
7.115	0.06241917543239952
7.116	0.062440622147389546
7.117	0.06246206149817575
7.118	0.06248349349233788
7.119	0.06250491813744402
7.12	0.0625263354410489
7.121	0.06254774541069615
7.122	0.06256914805391336
7.123	0.06259054337821948
7.124	0.0626119313911151
7.125	0.0626333121000928
7.1259999999999994	0.06265468551263097
7.127	0.0626760516361937
7.128	0.0626974104782345
7.129	0.06271876204619198
7.13	0.06274010634749351
7.131	0.06276144338955636
7.132	0.06278277317977918
7.133	0.06280409572555189
7.134	0.06282541103425388
7.135	0.06284671911324731
7.136	0.0628680199698825
7.1370000000000005	0.06288931361150253
7.138	0.06291060004543142
7.139	0.06293187927898494
7.14	0.0629531513194655
7.141	0.06297441617416265
7.1419999999999995	0.06299567385035518
7.143	0.06301692435530556
7.144	0.06303816769626897
7.145	0.06305940388048714
7.146	0.06308063291518505
7.147	0.06310185480758392
7.148	0.06312306956488362
7.149	0.06314427719427936
7.15	0.06316547770294971
7.151	0.06318667109806514
7.152	0.06320785738677843
7.1530000000000005	0.06322903657623813
7.154	0.06325020867357091
7.155	0.0632713736859006
7.156	0.06329253162033527
7.157	0.06331368248397118
7.1579999999999995	0.06333482628389156
7.159	0.06335596302716981
7.16	0.06337709272086764