-1.4999999999999998	1.3805011351874743
-1.4989999999999999	1.3800408625788256
-1.4979999999999998	1.379580436389078
-1.4969999999999999	1.379119856464365
-1.4959999999999998	1.3786591226505749
-1.4949999999999999	1.3781982347933022
-1.4939999999999998	1.377737192737923
-1.4929999999999999	1.377275996329602
-1.4919999999999998	1.3768146454131418
-1.4909999999999999	1.376353139833109
-1.4899999999999998	1.375891479433866
-1.4889999999999999	1.3754296640594683
-1.4879999999999998	1.374967693553702
-1.4869999999999999	1.374505567760107
-1.4859999999999998	1.3740432865220127
-1.4849999999999999	1.3735808496824207
-1.4839999999999998	1.3731182570840286
-1.4829999999999999	1.3726555085693586
-1.4819999999999998	1.3721926039806012
-1.4809999999999999	1.3717295431597711
-1.4799999999999998	1.3712663259484903
-1.4789999999999999	1.370802952188221
-1.4779999999999998	1.370339421720083
-1.4769999999999999	1.3698757343849524
-1.4759999999999998	1.3694118900234775
-1.4749999999999999	1.36894788847598
-1.4739999999999998	1.3684837295825394
-1.4729999999999999	1.368019413182925
-1.4719999999999998	1.3675549391167077
-1.4709999999999999	1.367090307223108
-1.4699999999999998	1.3666255173411
-1.4689999999999999	1.3661605693094174
-1.4679999999999997	1.3656954629665017
-1.4669999999999999	1.3652301981504822
-1.4659999999999997	1.3647647746992388
-1.4649999999999999	1.3642991924504115
-1.4639999999999997	1.3638334512412928
-1.4629999999999999	1.3633675509089456
-1.4619999999999997	1.3629014912901438
-1.4609999999999999	1.362435272221368
-1.4599999999999997	1.3619688935388503
-1.4589999999999999	1.361502355078488
-1.4579999999999997	1.3610356566759747
-1.4569999999999999	1.3605687981666073
-1.456	1.360101779385558
-1.455	1.359634600167559
-1.454	1.3591672603471716
-1.453	1.3586997597586155
-1.452	1.3582320982358054
-1.451	1.357764275612463
-1.45	1.3572962917219098
-1.449	1.356828146397276
-1.448	1.3563598394713061
-1.447	1.3558913707765592
-1.446	1.355422740145276
-1.445	1.3549539474093117
-1.444	1.354484992400356
-1.443	1.3540158749497275
-1.442	1.3535465948885188
-1.441	1.3530771520474443
-1.44	1.3526075462570328
-1.439	1.3521377773474175
-1.438	1.3516678451484871
-1.437	1.3511977494898035
-1.436	1.350727490200678
-1.435	1.3502570671100653
-1.434	1.3497864800467163
-1.433	1.3493157288389803
-1.432	1.3488448133149546
-1.431	1.348373733302435
-1.43	1.347902488628923
-1.429	1.3474310791215809
-1.428	1.3469595046072982
-1.427	1.3464877649126898
-1.426	1.3460158598639815
-1.425	1.345543789287224
-1.424	1.3450715530079962
-1.423	1.3445991508517439
-1.422	1.3441265826434579
-1.421	1.3436538482079383
-1.42	1.343180947369553
-1.419	1.3427078799524776
-1.418	1.342234645780587
-1.417	1.3417612446772846
-1.416	1.3412876764658235
-1.415	1.3408139409691169
-1.414	1.3403400380096673
-1.413	1.3398659674097557
-1.412	1.3393917289914008
-1.411	1.338917322576119
-1.41	1.3384427479852765
-1.409	1.3379680050398215
-1.408	1.3374930935605576
-1.407	1.337018013367695
-1.406	1.3365427642813374
-1.405	1.3360673461212205
-1.404	1.3355917587066803
-1.403	1.3351160018568553
-1.402	1.3346400753904772
-1.401	1.3341639791259663
-1.4	1.3336877128814322
-1.399	1.3332112764746673
-1.398	1.3327346697231226
-1.397	1.3322578924438973
-1.396	1.3317809444538458
-1.395	1.331303825569377
-1.394	1.3308265356066682
-1.393	1.330349074381532
-1.392	1.3298714417094963
-1.391	1.3293936374056243
-1.39	1.3289156612847781
-1.389	1.328437513161406
-1.388	1.3279591928497159
-1.387	1.327480700163511
-1.386	1.3270020349162384
-1.385	1.3265231969210733
-1.384	1.3260441859907992
-1.383	1.3255650019378924
-1.382	1.3250856445744823
-1.381	1.324606113712378
-1.38	1.3241264091630125
-1.379	1.323646530737437
-1.378	1.3231664782465014
-1.377	1.3226862515005513
-1.376	1.3222058503097338
-1.375	1.3217252744836923
-1.3739999999999999	1.3212445238318762
-1.373	1.3207635981633314
-1.3719999999999999	1.3202824972866805
-1.371	1.3198012210102859
-1.3699999999999999	1.319319769142196
-1.369	1.3188381414899517
-1.3679999999999999	1.3183563378609295
-1.367	1.3178743580620011
-1.3659999999999999	1.31739220189978
-1.365	1.3169098691804892
-1.3639999999999999	1.3164273597099736
-1.363	1.3159446732938078
-1.3619999999999999	1.3154618097370794
-1.361	1.3149787688446617
-1.3599999999999999	1.3144955504209466
-1.359	1.3140121542700407
-1.3579999999999999	1.3135285801956602
-1.357	1.313044828001143
-1.3559999999999999	1.3125608974895049
-1.355	1.312076788463379
-1.3539999999999999	1.311592500725068
-1.353	1.3111080340764159
-1.3519999999999999	1.31062338831901
-1.351	1.310138563253989
-1.3499999999999999	1.3096535586821783
-1.349	1.3091683744039848
-1.3479999999999999	1.3086830102195148
-1.347	1.308197465928415
-1.3459999999999999	1.3077117413300325
-1.345	1.307225836223323
-1.3439999999999999	1.3067397504068277
-1.343	1.3062534836787683
-1.3419999999999999	1.3057670358369564
-1.341	1.3052804066788581
-1.3399999999999999	1.3047935960015171
-1.339	1.3043066036016382
-1.3379999999999999	1.3038194292755227
-1.337	1.3033320728190938
-1.3359999999999999	1.30284453402791
-1.335	1.3023568126971246
-1.3339999999999999	1.3018689086215238
-1.333	1.301380821595511
-1.3319999999999999	1.3008925514130707
-1.331	1.300404097867821
-1.3299999999999998	1.299915460753036
-1.329	1.2994266398615288
-1.3279999999999998	1.2989376349857877
-1.327	1.2984484459178107
-1.3259999999999998	1.2979590724493388
-1.325	1.2974695143716057
-1.3239999999999998	1.296979771475523
-1.323	1.2964898435515806
-1.3219999999999998	1.295999730389856
-1.321	1.295509431780055
-1.3199999999999998	1.295018947511446
-1.319	1.2945282773729831
-1.3179999999999998	1.2940374211531385
-1.317	1.293546378639984
-1.3159999999999998	1.2930551496212652
-1.315	1.2925637338841882
-1.3139999999999998	1.2920721312157364
-1.313	1.2915803414023372
-1.3119999999999998	1.291088364230069
-1.311	1.29059619948461
-1.3099999999999998	1.2901038469511736
-1.309	1.2896113064146983
-1.3079999999999998	1.2891185776595337
-1.307	1.2886256604697046
-1.3059999999999998	1.2881325546288633
-1.305	1.287639259920193
-1.3039999999999998	1.2871457761264622
-1.303	1.2866521030300169
-1.302	1.286158240412821
-1.301	1.2856641880564152
-1.3	1.285169945741891
-1.299	1.2846755132499026
-1.298	1.2841808903607506
-1.297	1.2836860768542555
-1.296	1.2831910725098479
-1.295	1.2826958771064816
-1.294	1.2822004904227504
-1.293	1.281704912236754
-1.292	1.2812091423262193
-1.291	1.2807131804684215
-1.29	1.2802170264401938
-1.289	1.2797206800179521
-1.288	1.2792241409776384
-1.287	1.2787274090948222
-1.286	1.2782304841445746
-1.285	1.277733365901642
-1.284	1.2772360541401049
-1.283	1.276738548633894
-1.282	1.2762408491562944
-1.281	1.27574295548018
-1.28	1.2752448673780465
-1.279	1.2747465846219126
-1.2779999999999998	1.274248106983339
-1.277	1.2737494342334312
-1.2759999999999998	1.2732505661428617
-1.275	1.272751502481889
-1.2739999999999998	1.2722522430202514
-1.273	1.2717527875272807
-1.2719999999999998	1.2712531357717993
-1.271	1.2707532875222969
-1.2699999999999998	1.2702532425466997
-1.269	1.2697530006124822
-1.2679999999999998	1.2692525614867145
-1.267	1.2687519249359518
-1.2659999999999998	1.2682510907263194
-1.265	1.2677500586234958
-1.2639999999999998	1.2672488283926555
-1.263	1.2667473997985217
-1.2619999999999998	1.266245772605378
-1.261	1.26574394657701
-1.2599999999999998	1.2652419214767496
-1.259	1.2647396970674372
-1.2579999999999998	1.2642372731114693
-1.257	1.2637346493707478
-1.256	1.2632318256067838
-1.255	1.2627288015804088
-1.254	1.2622255770522108
-1.253	1.2617221517822146
-1.252	1.2612185255298434
-1.251	1.260714698054234
-1.25	1.2602106691139465
-1.2489999999999999	1.2597064384670367
-1.248	1.2592020058711377
-1.2469999999999999	1.258697371083326
-1.246	1.258192533860264
-1.2449999999999999	1.2576874939580445
-1.244	1.2571822511323707
-1.2429999999999999	1.2566768051383344
-1.242	1.2561711557306585
-1.2409999999999999	1.255665302663498
-1.24	1.2551592456905023
-1.2389999999999999	1.2546529845648748
-1.238	1.254146519039277
-1.2369999999999999	1.2536398488658882
-1.236	1.2531329737963857
-1.2349999999999999	1.2526258935819445
-1.234	1.2521186079732578
-1.2329999999999999	1.2516111167204904
-1.2319999999999998	1.2511034195732285
-1.2309999999999999	1.2505955162806999
-1.2299999999999998	1.2500874065914889
-1.2289999999999999	1.2495790902537762
-1.2279999999999998	1.2490705670151443
-1.2269999999999999	1.2485618366227191
-1.2259999999999998	1.248052898823064
-1.2249999999999999	1.247543753362227
-1.2239999999999998	1.247034399985792
-1.2229999999999999	1.2465248384387533
-1.2219999999999998	1.2460150684656852
-1.2209999999999999	1.2455050898105098
-1.2199999999999998	1.244994902216708
-1.2189999999999999	1.244484505427189
-1.2179999999999997	1.2439738991844207
-1.2169999999999999	1.24346308323021
-1.2159999999999997	1.242952057305952
-1.2149999999999999	1.2424408211524223
-1.2139999999999997	1.2419293745099351
-1.2129999999999999	1.2414177171182117
-1.2119999999999997	1.2409058487165112
-1.2109999999999999	1.2403937690433913
-1.21	1.2398814778370693
-1.2089999999999999	1.239368974835143
-1.208	1.2388562597745905
-1.2069999999999999	1.238343332391957
-1.206	1.2378301924231907
-1.2049999999999998	1.2373168396037195
-1.204	1.2368032736683587
-1.2029999999999998	1.2362894943514213
-1.202	1.2357755013866638
-1.2009999999999998	1.2352612945073163
-1.2	1.2347468734459672
-1.1989999999999998	1.2342322379347366
-1.198	1.2337173877051537
-1.1969999999999998	1.233202322488186
-1.196	1.2326870420141844
-1.1949999999999998	1.2321715460130538
-1.194	1.2316558342140351
-1.1929999999999998	1.2311399063458492
-1.192	1.2306237621366307
-1.1909999999999998	1.2301074013139155
-1.19	1.229590823604736
-1.1889999999999998	1.2290740287354893
-1.188	1.2285570164320305
-1.187	1.228039786419641
-1.186	1.22752233842294
-1.185	1.2270046721661234
-1.184	1.226486787372657
-1.183	1.2259686837655102
-1.182	1.2254503610670482
-1.181	1.2249318189989586
-1.18	1.2244130572825047
-1.179	1.2238940756382193
-1.178	1.2233748737861325
-1.177	1.222855451445605
-1.176	1.222335808335462
-1.175	1.221815944173925
-1.174	1.2212958586785427
-1.173	1.2207755515663328
-1.172	1.2202550225537179
-1.171	1.2197342713564654
-1.17	1.21921329768976
-1.169	1.2186921012681957
-1.168	1.2181706818057
-1.167	1.217649039015653
-1.166	1.217127172610778
-1.165	1.2166050823032228
-1.164	1.216082767804444
-1.1629999999999998	1.2155602288253302
-1.162	1.2150374650761897
-1.1609999999999998	1.214514476266593
-1.16	1.2139912621055875
-1.1589999999999998	1.2134678223015196
-1.158	1.2129441565621986
-1.1569999999999998	1.2124202645946913
-1.156	1.211896146105526
-1.1549999999999998	1.211371800800504
-1.154	1.2108472283848688
-1.1529999999999998	1.2103224285632148
-1.152	1.209797401039431
-1.1509999999999998	1.2092721455168298
-1.15	1.2087466616980842
-1.1489999999999998	1.2082209492851286
-1.148	1.2076950079794073
-1.1469999999999998	1.2071688374814942
-1.146	1.206642437491526
-1.1449999999999998	1.2061158077088705
-1.144	1.205588947832266
-1.1429999999999998	1.2050618575597576
-1.142	1.2045345365888303
-1.141	1.204006984616141
-1.14	1.2034792013378144
-1.139	1.2029511864492992
-1.138	1.202422939645306
-1.137	1.2018944606199045
-1.136	1.2013657490665326
-1.135	1.2008368046779339
-1.134	1.2003076271461064
-1.133	1.1997782161624457
-1.132	1.1992485714176455
-1.131	1.198718692601694
-1.13	1.198188579403928
-1.129	1.1976582315129711
-1.128	1.1971276486167957
-1.127	1.19659683040262
-1.126	1.196065776557014
-1.125	1.19553448676583
-1.1239999999999999	1.1950029607142414
-1.123	1.194471198086646
-1.1219999999999999	1.193939198566885
-1.121	1.1934069618379806
-1.1199999999999999	1.1928744875822361
-1.119	1.1923417754813344
-1.1179999999999999	1.191808825216177
-1.1169999999999998	1.1912756364669772
-1.1159999999999999	1.1907422089132282
-1.1149999999999998	1.190208542233673
-1.1139999999999999	1.1896746361063921
-1.1129999999999998	1.1891404902087097
-1.1119999999999999	1.1886061042172056
-1.1109999999999998	1.188071477807797
-1.1099999999999999	1.1875366106555822
-1.1089999999999998	1.187001502435011
-1.1079999999999999	1.1864661528197087
-1.1069999999999998	1.1859305614826958
-1.1059999999999999	1.1853947280960901
-1.1049999999999998	1.184858652331391
-1.1039999999999999	1.184322333859334
-1.1029999999999998	1.183785772349817
-1.1019999999999999	1.1832489674721287
-1.1009999999999998	1.1827119188947173
-1.0999999999999999	1.1821746262852835
-1.0989999999999998	1.1816370893108097
-1.0979999999999999	1.181099307637478
-1.0969999999999998	1.1805612809307238
-1.0959999999999999	1.1800230088552321
-1.095	1.1794844910749107
-1.0939999999999999	1.1789457272528876
-1.093	1.1784067170515997
-1.0919999999999999	1.1778674601325798
-1.091	1.177327956156659
-1.0899999999999999	1.1767882047838878
-1.089	1.1762482056735464
-1.0879999999999999	1.1757079584840788
-1.087	1.1751674628732465
-1.0859999999999999	1.1746267184979027
-1.085	1.1740857250141796
-1.0839999999999999	1.1735444820774061
-1.083	1.173002989342091
-1.0819999999999999	1.1724612464619952
-1.081	1.1719192530900542
-1.0799999999999998	1.1713770088783355
-1.079	1.1708345134782019
-1.0779999999999998	1.1702917665401555
-1.077	1.1697487677139191
-1.0759999999999998	1.1692055166483588
-1.075	1.1686620129915122
-1.0739999999999998	1.1681182563906383
-1.073	1.1675742464922116
-1.072	1.1670299829417947
-1.071	1.1664854653841996
-1.07	1.1659406934633387
-1.069	1.1653956668223024
-1.068	1.1648503851034118
-1.067	1.1643048479480818
-1.066	1.1637590549969055
-1.065	1.1632130058896595
-1.064	1.162666700265241
-1.063	1.1621201377616912
-1.062	1.161573318016223
-1.061	1.161026240665233
-1.06	1.1604789053441487
-1.059	1.1599313116876309
-1.058	1.159383459329433
-1.057	1.1588353479024969
-1.056	1.1582869770387756
-1.055	1.1577383463695055
-1.054	1.1571894555249507
-1.053	1.1566403041345266
-1.052	1.1560908918267112
-1.051	1.1555412182292015
-1.05	1.1549912829687463
-1.049	1.1544410856711902
-1.0479999999999998	1.1538906259615118
-1.047	1.153339903463836
-1.0459999999999998	1.1527889178012791
-1.045	1.1522376685961635
-1.0439999999999998	1.151686155469802
-1.043	1.1511343780427064
-1.0419999999999998	1.1505823359344756
-1.041	1.150030028763672
-1.0399999999999998	1.1494774561480414
-1.039	1.148924617704403
-1.0379999999999998	1.1483715130486312
-1.037	1.1478181417956697
-1.0359999999999998	1.147264503559547
-1.035	1.1467105979534054
-1.0339999999999998	1.1461564245893214
-1.033	1.1456019830785833
-1.0319999999999998	1.1450472730314252
-1.031	1.1444922940571889
-1.0299999999999998	1.1439370457642748
-1.029	1.1433815277600516
-1.0279999999999998	1.1428257396510797
-1.027	1.1422696810428274
-1.026	1.1417133515398494
-1.025	1.1411567507457951
-1.024	1.140599878263225
-1.023	1.1400427336938017
-1.022	1.1394853166382273
-1.021	1.1389276266961772
-1.02	1.1383696634663885
-1.019	1.1378114265465862
-1.018	1.1372529155335298
-1.017	1.1366941300229287
-1.016	1.1361350696096213
-1.015	1.1355757338873098
-1.014	1.1350161224487376
-1.013	1.1344562348857417
-1.012	1.1338960707889718
-1.011	1.1333356297482267
-1.01	1.1327749113521846
-1.009	1.132213915188588
-1.008	1.1316526408440597
-1.007	1.1310910879042793
-1.006	1.130529255953892
-1.005	1.1299671445763955
-1.004	1.1294047533544405
-1.003	1.1288420818694573
-1.002	1.1282791297019579
-1.001	1.1277158964313512
-1.	1.127152381635963
-0.999	1.1265885848931603
-0.998	1.1260245057791385
-0.997	1.1254601438690965
-0.996	1.1248954987371726
-0.995	1.1243305699564066
-0.994	1.1237653570987853
-0.993	1.1231998597351907
-0.992	1.1226340774354422
-0.991	1.1220680097682474
-0.99	1.1215016563012674
-0.989	1.1209350166010845
-0.988	1.1203680902331035
-0.987	1.1198008767616818
-0.986	1.1192333757500637
-0.985	1.1186655867604058
-0.984	1.1180975093537022
-0.983	1.1175291430898822
-0.982	1.116960487527721
-0.981	1.1163915422248616
-0.9800000000000001	1.1158223067378885
-0.9790000000000001	1.1152527806221515
-0.9780000000000001	1.1146829634319517
-0.9770000000000001	1.1141128547203527
-0.9760000000000001	1.1135424540393837
-0.9750000000000001	1.1129717609398837
-0.9740000000000001	1.1124007749714604
-0.9730000000000001	1.1118294956826886
-0.9720000000000001	1.1112579226209212
-0.9710000000000001	1.1106860553323112
-0.9700000000000001	1.1101138933619128
-0.9690000000000001	1.1095414362535485
-0.9680000000000001	1.1089686835499037
-0.9670000000000001	1.1083956347924644
-0.9660000000000001	1.1078222895215222
-0.9650000000000001	1.1072486472761438
-0.9640000000000001	1.1066747075943482
-0.9630000000000001	1.1061004700127262
-0.9620000000000001	1.105525934066841
-0.9610000000000001	1.104951099291002
-0.9600000000000001	1.1043759652182616
-0.9590000000000001	1.1038005313804906
-0.9580000000000001	1.1032247973083735
-0.957	1.1026487625312698
-0.956	1.1020724265774189
-0.955	1.101495788973775
-0.954	1.1009188492459854
-0.953	1.1003416069185608
-0.952	1.0997640615147262
-0.951	1.0991862125564598
-0.95	1.0986080595644379
-0.949	1.0980296020581082
-0.948	1.0974508395556541
-0.947	1.0968717715739622
-0.946	1.0962923976286734
-0.945	1.0957127172341468
-0.944	1.0951327299034104
-0.943	1.0945524351482767
-0.942	1.0939718324791488
-0.941	1.0933909214052446
-0.94	1.0928097014344196
-0.939	1.0922281720732128
-0.938	1.0916463328268633
-0.9369999999999999	1.0910641831993175
-0.9359999999999999	1.0904817226931203
-0.9349999999999999	1.0898989508095578
-0.934	1.0893158670485845
-0.933	1.0887324709087176
-0.932	1.0881487618872443
-0.931	1.0875647394800476
-0.93	1.0869804031816668
-0.929	1.0863957524852585
-0.928	1.0858107868826194
-0.927	1.0852255058642248
-0.926	1.0846399089190888
-0.925	1.0840539955349173
-0.924	1.0834677651980091
-0.923	1.08288121739327
-0.922	1.0822943516041479
-0.921	1.0817071673127878
-0.92	1.0811196639998777
-0.919	1.0805318411447147
-0.918	1.07994369822509
-0.917	1.0793552347175488
-0.916	1.0787664500969791
-0.915	1.0781773438370592
-0.914	1.077587915409847
-0.913	1.0769981642860649
-0.912	1.0764080899349162
-0.911	1.0758176918241922
-0.91	1.0752269694202472
-0.909	1.074635922187866
-0.908	1.074044549590446
-0.907	1.0734528510899062
-0.906	1.0728608261466088
-0.905	1.0722684742195046
-0.904	1.0716757947659805
-0.903	1.071082787241992
-0.902	1.0704894511019074
-0.901	1.069895785798629
-0.9	1.0693017907835467
-0.899	1.0687074655065016
-0.898	1.0681128094157972
-0.897	1.0675178219582167
-0.896	1.0669225025790043
-0.895	1.0663268507218124
-0.894	1.0657308658287876
-0.893	1.065134547340497
-0.892	1.0645378946959256
-0.891	1.0639409073324837
-0.89	1.0633435846860395
-0.889	1.0627459261907974
-0.888	1.0621479312794506
-0.887	1.0615495993830388
-0.886	1.0609509299310487
-0.885	1.0603519223513111
-0.884	1.0597525760700222
-0.883	1.0591528905117786
-0.882	1.058552865099546
-0.881	1.0579524992546807
-0.88	1.0573517923968374
-0.879	1.0567507439440635
-0.878	1.0561493533126929
-0.877	1.0555476199174878
-0.876	1.0549455431714494
-0.875	1.054343122485939
-0.874	1.0537403572706434
-0.873	1.0531372469335565
-0.872	1.0525337908809382
-0.871	1.0519299885173923
-0.87	1.0513258392457452
-0.869	1.0507213424671782
-0.868	1.0501164975811241
-0.867	1.0495113039852841
-0.866	1.04890576107555
-0.8650000000000001	1.0482998682462072
-0.8640000000000001	1.0476936248896629
-0.8630000000000001	1.0470870303966113
-0.8620000000000001	1.046480084155969
-0.8610000000000001	1.045872785554907
-0.8600000000000001	1.0452651339787957
-0.8590000000000001	1.0446571288111743
-0.8580000000000001	1.0440487694338387
-0.8570000000000001	1.0434400552267782
-0.8560000000000001	1.0428309855681481
-0.8550000000000001	1.0422215598342994
-0.8540000000000001	1.0416117773997269
-0.8530000000000001	1.0410016376371403
-0.8520000000000001	1.040391139917354
-0.8510000000000001	1.0397802836093895
-0.8500000000000001	1.039169068080375
-0.8490000000000001	1.0385574926955583
-0.8480000000000001	1.0379455568183802
-0.8470000000000001	1.037333259810309
-0.8460000000000001	1.036720601031017
-0.8450000000000001	1.0361075798382056
-0.8440000000000001	1.0354941955877655
-0.8430000000000001	1.034880447633576
-0.8420000000000001	1.0342663353276542
-0.8410000000000001	1.0336518580200411
-0.8400000000000001	1.033037015058913
-0.8390000000000001	1.0324218057904453
-0.8380000000000001	1.0318062295588981
-0.8370000000000001	1.0311902857065398
-0.8360000000000001	1.0305739735737198
-0.8350000000000001	1.029957292498747
-0.8340000000000001	1.0293402418179838
-0.8330000000000001	1.0287228208658126
-0.8320000000000001	1.0281050289745852
-0.8310000000000001	1.0274868654746236
-0.8300000000000001	1.0268683296943124
-0.8290000000000001	1.0262494209599362
-0.8280000000000001	1.025630138595764
-0.8270000000000001	1.0250104819240222
-0.8260000000000001	1.024390450264915
-0.8250000000000001	1.0237700429365348
-0.8240000000000001	1.023149259254946
-0.8230000000000001	1.022528098534078
-0.8220000000000001	1.0219065600858601
-0.8210000000000001	1.0212846432200045
-0.8200000000000001	1.020662347244272
-0.8190000000000001	1.0200396714641822
-0.8180000000000001	1.0194166151831485
-0.8170000000000001	1.0187931777025414
-0.8160000000000001	1.018169358321476
-0.8150000000000001	1.0175451563369637
-0.8140000000000001	1.016920571043897
-0.8130000000000001	1.0162956017349463
-0.812	1.015670247700592
-0.811	1.0150445082291761
-0.81	1.0144183826068085
-0.809	1.0137918701173727
-0.808	1.0131649700426097
-0.807	1.0125376816619698
-0.806	1.0119100042526692
-0.805	1.011281937089711
-0.804	1.0106534794458273
-0.803	1.010024630591461
-0.802	1.0093953897948245
-0.801	1.008765756321811
-0.8	1.00813572943601
-0.799	1.007505308398755
-0.798	1.0068744924690256
-0.797	1.0062432809034534
-0.796	1.0056116729563902
-0.795	1.0049796678798215
-0.794	1.0043472649233536
-0.793	1.0037144633342445
-0.792	1.0030812623573777
-0.791	1.0024476612352213
-0.79	1.0018136592078868
-0.789	1.0011792555130306
-0.788	1.0005444493859326
-0.787	0.9999092400594436
-0.786	0.9992736267639081
-0.785	0.9986376087272764
-0.784	0.9980011851750138
-0.783	0.9973643553301543
-0.782	0.9967271184131796
-0.781	0.9960894736420831
-0.78	0.9954514202324048
-0.779	0.994812957397144
-0.778	0.9941740843467011
-0.777	0.9935348002890447
-0.776	0.9928951044295253
-0.775	0.9922549959709097
-0.774	0.9916144741134519
-0.773	0.9909735380547675
-0.772	0.9903321869898867
-0.771	0.9896904201112183
-0.77	0.9890482366085727
-0.769	0.988405635669112
-0.768	0.9877626164773277
-0.767	0.9871191782150809
-0.766	0.9864753200615615
-0.765	0.9858310411932532
-0.764	0.9851863407839606
-0.763	0.9845412180047545
-0.762	0.9838956720240226
-0.761	0.9832497020073633
-0.76	0.9826033071177398
-0.759	0.9819564865152177
-0.758	0.9813092393571491
-0.757	0.9806615647981315
-0.756	0.9800134619899057
-0.755	0.9793649300814936
-0.754	0.9787159682189782
-0.753	0.9780665755456814
-0.752	0.9774167512020462
-0.751	0.976766494325651
-0.7500000000000001	0.9761158040512232
-0.7490000000000001	0.9754646795105815
-0.7480000000000001	0.9748131198326608
-0.7470000000000001	0.9741611241433992
-0.7460000000000001	0.9735086915659211
-0.7450000000000001	0.972855821220329
-0.7440000000000001	0.9722025122238004
-0.7430000000000001	0.9715487636905002
-0.7420000000000001	0.9708945747316456
-0.7410000000000001	0.97023994445544
-0.7400000000000001	0.9695848719670532
-0.7390000000000001	0.9689293563686788
-0.7380000000000001	0.9682733967593965
-0.7370000000000001	0.9676169922352948
-0.7360000000000001	0.9669601418893105
-0.7350000000000001	0.9663028448113841
-0.7340000000000001	0.9656451000882836
-0.7330000000000001	0.9649869068036755
-0.7320000000000001	0.9643282640381395
-0.7310000000000001	0.9636691708690328
-0.7300000000000001	0.9630096263706177
-0.7290000000000001	0.9623496296139147
-0.7280000000000001	0.9616891796668401
-0.7270000000000001	0.9610282755940164
-0.7260000000000001	0.9603669164568409
-0.7250000000000001	0.9597051013135861
-0.7240000000000001	0.9590428292191295
-0.7230000000000001	0.9583800992251748
-0.7220000000000001	0.9577169103800645
-0.7210000000000001	0.9570532617289015
-0.7200000000000001	0.9563891523134357
-0.7190000000000001	0.9557245811720924
-0.7180000000000001	0.9550595473399679
-0.7170000000000001	0.9543940498487278
-0.7160000000000001	0.9537280877267246
-0.7150000000000001	0.9530616599988709
-0.7140000000000001	0.9523947656866749
-0.7130000000000001	0.9517274038082071
-0.7120000000000001	0.9510595733780671
-0.7110000000000001	0.9503912734074107
-0.7100000000000001	0.949722502903933
-0.7090000000000001	0.9490532608717801
-0.7080000000000001	0.9483835463115884
-0.7070000000000001	0.9477133582204758
-0.7060000000000001	0.9470426955919956
-0.7050000000000001	0.9463715574161347
-0.7040000000000001	0.9456999426792703
-0.7030000000000001	0.9450278503641759
-0.7020000000000001	0.9443552794500416
-0.7010000000000001	0.9436822289123473
-0.7000000000000001	0.9430086977229716
-0.6990000000000001	0.9423346848500602
-0.6980000000000001	0.9416601892580647
-0.6970000000000001	0.9409852099077795
-0.6960000000000001	0.9403097457562
-0.6950000000000001	0.9396337957566044
-0.6940000000000001	0.9389573588584488
-0.6930000000000001	0.9382804340074624
-0.6920000000000001	0.9376030201454786
-0.6910000000000001	0.936925116210575
-0.6900000000000001	0.9362467211369453
-0.6890000000000001	0.9355678338548955
-0.6880000000000001	0.9348884532908944
-0.687	0.9342085783674346
-0.686	0.9335282080031269
-0.685	0.9328473411125996
-0.684	0.9321659766065411
-0.683	0.9314841133916073
-0.682	0.9308017503704907
-0.681	0.9301188864417913
-0.68	0.9294355205001247
-0.679	0.9287516514359966
-0.678	0.9280672781357998
-0.677	0.9273823994818219
-0.676	0.9266970143522585
-0.675	0.9260111216210842
-0.674	0.9253247201581176
-0.673	0.9246378088289818
-0.672	0.9239503864950308
-0.671	0.9232624520134354
-0.67	0.9225740042370931
-0.669	0.9218850420145361
-0.668	0.921195564190059
-0.667	0.9205055696036024
-0.666	0.9198150570907003
-0.665	0.9191240254825755
-0.664	0.9184324736060193
-0.663	0.9177404002833522
-0.662	0.9170478043324918
-0.661	0.9163546845668796
-0.66	0.9156610397954382
-0.659	0.9149668688225333
-0.658	0.9142721704480558
-0.657	0.913576943467298
-0.656	0.9128811866709007
-0.655	0.9121848988449797
-0.654	0.9114880787709427
-0.653	0.9107907252255144
-0.652	0.91009283698078
-0.651	0.9093944128040283
-0.65	0.9086954514578776
-0.649	0.9079959517001414
-0.648	0.9072959122838004
-0.647	0.9065953319571071
-0.646	0.9058942094633128
-0.645	0.9051925435409747
-0.644	0.9044903329235914
-0.643	0.903787576339797
-0.642	0.9030842725132756
-0.641	0.9023804201627311
-0.64	0.9016760180018104
-0.639	0.9009710647391741
-0.638	0.9002655590783638
-0.637	0.8995594997178975
-0.636	0.8988528853511139
-0.635	0.8981457146661913
-0.634	0.8974379863461933
-0.633	0.8967296990688902
-0.632	0.896020851506895
-0.631	0.8953114423275124
-0.63	0.8946014701927913
-0.629	0.8938909337593235
-0.628	0.8931798316785601
-0.627	0.8924681625964027
-0.626	0.8917559251533954
-0.625	0.8910431179846329
-0.624	0.8903297397197288
-0.623	0.8896157889827857
-0.622	0.8889012643923894
-0.621	0.8881861645615536
-0.62	0.8874704880976633
-0.619	0.8867542336024733
-0.618	0.8860373996721547
-0.617	0.8853199848970535
-0.616	0.8846019878618644
-0.615	0.8838834071455279
-0.614	0.8831642413211521
-0.613	0.8824444889560543
-0.6120000000000001	0.8817241486116574
-0.6110000000000001	0.8810032188435067
-0.6100000000000001	0.8802816982012077
-0.6090000000000001	0.8795595852284539
-0.6080000000000001	0.8788368784628523
-0.6070000000000001	0.8781135764360231
-0.6060000000000001	0.8773896776735783
-0.6050000000000001	0.8766651806949332
-0.6040000000000001	0.8759400840133946
-0.6030000000000001	0.8752143861361231
-0.6020000000000001	0.8744880855640602
-0.6010000000000001	0.873761180791908
-0.6000000000000001	0.8730336703080279
-0.5990000000000001	0.8723055525945504
-0.5980000000000001	0.8715768261272012
-0.5970000000000001	0.8708474893753365
-0.5960000000000001	0.8701175408018414
-0.5950000000000001	0.8693869788631812
-0.5940000000000001	0.8686558020092691
-0.5930000000000001	0.8679240086835281
-0.5920000000000001	0.867191597322731
-0.5910000000000001	0.8664585663571099
-0.5900000000000001	0.8657249142101209
-0.5890000000000001	0.8649906392986448
-0.5880000000000001	0.8642557400327316
-0.5870000000000001	0.8635202148156804
-0.5860000000000001	0.8627840620439857
-0.5850000000000001	0.8620472801072202
-0.5840000000000001	0.8613098673880926
-0.5830000000000001	0.8605718222624001
-0.5820000000000001	0.8598331430988669
-0.5810000000000001	0.8590938282592537
-0.5800000000000001	0.8583538760982219
-0.5790000000000001	0.8576132849633126
-0.5780000000000001	0.8568720531949324
-0.5770000000000001	0.856130179126255
-0.5760000000000001	0.8553876610832148
-0.5750000000000001	0.8546444973844768
-0.5740000000000001	0.8539006863413446
-0.5730000000000001	0.8531562262577428
-0.5720000000000001	0.8524111154302175
-0.5710000000000001	0.8516653521477417
-0.5700000000000001	0.8509189346918662
-0.5690000000000001	0.8501718613365564
-0.5680000000000001	0.8494241303481767
-0.5670000000000001	0.8486757399853199
-0.5660000000000001	0.8479266884990699
-0.5650000000000001	0.847176974132604
-0.5640000000000001	0.8464265951213589
-0.5630000000000001	0.8456755496929054
-0.562	0.844923836066953
-0.561	0.8441714524551959
-0.56	0.8434183970613817
-0.559	0.8426646680811847
-0.558	0.8419102637022078
-0.557	0.8411551821038451
-0.556	0.8403994214573874
-0.555	0.839642979925785
-0.554	0.8388858556637009
-0.553	0.8381280468174752
-0.552	0.8373695515250177
-0.551	0.8366103679157275
-0.55	0.8358504941105674
-0.549	0.8350899282218732
-0.548	0.8343286683533577
-0.547	0.8335667126000705
-0.546	0.8328040590482756
-0.545	0.8320407057755175
-0.544	0.8312766508503987
-0.543	0.8305118923326974
-0.542	0.8297464282731726
-0.541	0.8289802567135338
-0.54	0.8282133756864792
-0.539	0.8274457832155138
-0.538	0.8266774773149497
-0.537	0.8259084559898476
-0.536	0.8251387172359044
-0.535	0.824368259039489
-0.534	0.8235970793774688
-0.533	0.8228251762172551
-0.532	0.8220525475166279
-0.531	0.8212791912237895
-0.53	0.8205051052772002
-0.529	0.8197302876055915
-0.528	0.818954736127837
-0.527	0.8181784487529166
-0.526	0.8174014233798693
-0.525	0.8166236578977102
-0.524	0.8158451501853535
-0.523	0.815065898111535
-0.522	0.8142858995347395
-0.521	0.8135051523032703
-0.52	0.8127236542549238
-0.519	0.8119414032171145
-0.518	0.811158397006767
-0.517	0.8103746334301809
-0.516	0.8095901102830391
-0.515	0.8088048253502876
-0.514	0.808018776406079
-0.513	0.80723196121365
-0.512	0.8064443775253815
-0.511	0.8056560230825415
-0.51	0.8048668956153531
-0.509	0.8040769928428397
-0.508	0.8032863124727831
-0.507	0.8024948522016199
-0.506	0.8017026097144189
-0.505	0.8009095826846963
-0.504	0.8001157687744533
-0.503	0.79932116563404
-0.502	0.7985257709020275
-0.501	0.7977295822052263
-0.5	0.7969325971585437
-0.499	0.7961348133648654
-0.498	0.7953362284150753
-0.4970000000000001	0.7945368398878633
-0.4960000000000001	0.7937366453496499
-0.4950000000000001	0.7929356423546684
-0.4940000000000001	0.7921338284445935
-0.4930000000000001	0.7913312011486807
-0.4920000000000001	0.790527757983599
-0.4910000000000001	0.7897234964532733
-0.4900000000000001	0.7889184140489384
-0.4890000000000001	0.7881125082489584
-0.4880000000000001	0.7873057765186817
-0.4870000000000001	0.7864982163104887
-0.4860000000000001	0.7856898250635459
-0.4850000000000001	0.7848806002038525
-0.4840000000000001	0.7840705391440372
-0.4830000000000001	0.7832596392833089
-0.4820000000000001	0.7824478980073339
-0.4810000000000001	0.7816353126881888
-0.4800000000000001	0.7808218806841905
-0.4790000000000001	0.780007599339837
-0.4780000000000001	0.779192465985728
-0.4770000000000001	0.7783764779383837
-0.4760000000000001	0.7775596325002371
-0.4750000000000001	0.7767419269594529
-0.4740000000000001	0.7759233585898474
-0.4730000000000001	0.7751039246508313
-0.4720000000000001	0.774283622387192
-0.4710000000000001	0.7734624490290989
-0.4700000000000001	0.7726404017919346
-0.4690000000000001	0.7718174778761844
-0.4680000000000001	0.7709936744673327
-0.4670000000000001	0.7701689887357624
-0.4660000000000001	0.7693434178366199
-0.4650000000000001	0.7685169589097499
-0.4640000000000001	0.7676896090794687
-0.4630000000000001	0.7668613654545473
-0.4620000000000001	0.7660322251281195
-0.4610000000000001	0.7652021851774334
-0.4600000000000001	0.7643712426638071
-0.4590000000000001	0.7635393946325582
-0.4580000000000001	0.762706638112772
-0.4570000000000001	0.7618729701172725
-0.45600000000000007	0.7610383876423946
-0.45500000000000007	0.7602028876680044
-0.45400000000000007	0.7593664671571849
-0.45300000000000007	0.7585291230562614
-0.45200000000000007	0.7576908522946386
-0.45100000000000007	0.7568516517845799
-0.45000000000000007	0.7560115184211847
-0.44900000000000007	0.7551704490821803
-0.44800000000000006	0.7543284406278524
-0.44700000000000006	0.7534854899008152
-0.44600000000000006	0.7526415937259644
-0.44500000000000006	0.7517967489102768
-0.44400000000000006	0.7509509522427046
-0.44300000000000006	0.7501042004939966
-0.44200000000000006	0.7492564904166145
-0.44100000000000006	0.7484078187444727
-0.44000000000000006	0.7475581821929606
-0.43900000000000006	0.7467075774586065
-0.43800000000000006	0.745856001219051
-0.43700000000000006	0.745003450132913
-0.43600000000000005	0.7441499208394976
-0.43500000000000005	0.7432954099587546
-0.43400000000000005	0.7424399140911483
-0.43300000000000005	0.7415834298173518
-0.43200000000000005	0.7407259536982598
-0.43100000000000005	0.7398674822746779
-0.43000000000000005	0.7390080120672979
-0.42900000000000005	0.7381475395764132
-0.42800000000000005	0.737286061281779
-0.42700000000000005	0.7364235736425283
-0.42600000000000005	0.7355600730968574
-0.42500000000000004	0.7346955560620038
-0.42400000000000004	0.7338300189339723
-0.42300000000000004	0.7329634580873589
-0.42200000000000004	0.7320958698752318
-0.42100000000000004	0.73122725062891
-0.42000000000000004	0.7303575966577828
-0.41900000000000004	0.7294869042491493
-0.41800000000000004	0.7286151696679787
-0.41700000000000004	0.7277423891568131
-0.41600000000000004	0.7268685589354662
-0.41500000000000004	0.7259936752009375
-0.41400000000000003	0.7251177341271303
-0.41300000000000003	0.7242407318647317
-0.41200000000000003	0.7233626645409234
-0.41100000000000003	0.7224835282592599
-0.41000000000000003	0.7216033190994722
-0.40900000000000003	0.7207220331171709
-0.40800000000000003	0.7198396663437311
-0.40700000000000003	0.7189562147860052
-0.406	0.7180716744262274
-0.405	0.717186041221654
-0.404	0.7162993111044581
-0.403	0.7154114799814468
-0.402	0.7145225437338758
-0.401	0.7136324982171794
-0.4	0.712741339260816
-0.399	0.7118490626679859
-0.398	0.7109556642153777
-0.397	0.7100611396530102
-0.396	0.7091654847039005
-0.395	0.7082686950639243
-0.394	0.7073707664014776
-0.393	0.7064716943573215
-0.392	0.7055714745442192
-0.391	0.7046701025468421
-0.39	0.703767573921316
-0.389	0.7028638841951836
-0.388	0.7019590288669408
-0.387	0.7010530034059127
-0.386	0.7001458032519381
-0.385	0.699237423815093
-0.384	0.6983278604754025
-0.383	0.6974171085826337
-0.382	0.6965051634559197
-0.381	0.6955920203835729
-0.38	0.6946776746227159
-0.379	0.6937621213990306
-0.378	0.6928453559064791
-0.377	0.6919273733069958
-0.376	0.691008168730162
-0.375	0.6900877372729387
-0.374	0.6891660739992856
-0.373	0.6882431739400238
-0.372	0.6873190320922741
-0.371	0.6863936434193252
-0.37	0.6854670028502793
-0.369	0.6845391052796423
-0.368	0.6836099455671046
-0.367	0.6826795185370615
-0.366	0.6817478189784656
-0.365	0.6808148416442995
-0.364	0.6798805812513543
-0.363	0.6789450324798189
-0.362	0.6780081899729243
-0.361	0.6770700483366067
-0.36	0.6761306021391343
-0.359	0.6751898459107073
-0.358	0.6742477741431256
-0.357	0.6733043812894024
-0.356	0.672359661763335
-0.355	0.6714136099391599
-0.354	0.6704662201511766
-0.353	0.6695174866932916
-0.352	0.668567403818635
-0.351	0.667615965739152
-0.35	0.6666631666252355
-0.349	0.665709000605215
-0.348	0.6647534617649806
-0.347	0.663796544147568
-0.346	0.662838241752689
-0.345	0.6618785485362888
-0.344	0.6609174584101233
-0.34299999999999997	0.6599549652412885
-0.34199999999999997	0.6589910628517381
-0.34099999999999997	0.6580257450178699
-0.33999999999999997	0.6570590054699821
-0.33899999999999997	0.6560908378918663
-0.33799999999999997	0.6551212359202517
-0.33699999999999997	0.6541501931443532
-0.3360000000000001	0.653177703105399
-0.3350000000000001	0.6522037592960253
-0.3340000000000001	0.6512283551598896
-0.3330000000000001	0.6502514840910623
-0.3320000000000001	0.6492731394334925
-0.33100000000000007	0.6482933144805559
-0.33000000000000007	0.6473120024744453
-0.32900000000000007	0.6463291966056329
-0.32800000000000007	0.6453448900122797
-0.32700000000000007	0.6443590757797887
-0.32600000000000007	0.643371746940078
-0.32500000000000007	0.6423828964711157
-0.32400000000000007	0.6413925172962719
-0.32300000000000006	0.6404006022837277
-0.32200000000000006	0.6394071442459025
-0.32100000000000006	0.6384121359387824
-0.32000000000000006	0.6374155700613865
-0.31900000000000006	0.6364174392549948
-0.31800000000000006	0.6354177361026596
-0.31700000000000006	0.6344164531284503
-0.31600000000000006	0.6334135827968611
-0.31500000000000006	0.6324091175120615
-0.31400000000000006	0.6314030496172983
-0.31300000000000006	0.6303953713941622
-0.31200000000000006	0.6293860750618964
-0.31100000000000005	0.6283751527766985
-0.31000000000000005	0.6273625966309648
-0.30900000000000005	0.6263483986526278
-0.30800000000000005	0.6253325508043452
-0.30700000000000005	0.6243150449827854
-0.30600000000000005	0.6232958730178207
-0.30500000000000005	0.6222750266718587
-0.30400000000000005	0.6212524976388868
-0.30300000000000005	0.6202282775438515
-0.30200000000000005	0.6192023579417141
-0.30100000000000005	0.6181747303167074
-0.30000000000000004	0.6171453860814423
-0.29900000000000004	0.6161143165760978
-0.29800000000000004	0.6150815130675819
-0.29700000000000004	0.6140469667485746
-0.29600000000000004	0.6130106687367173
-0.29500000000000004	0.6119726100736734
-0.29400000000000004	0.6109327817242463
-0.29300000000000004	0.6098911745753886
-0.29200000000000004	0.608847779435324
-0.29100000000000004	0.6078025870325336
-0.29000000000000004	0.6067555880148243
-0.28900000000000003	0.6057067729483063
-0.28800000000000003	0.6046561323163924
-0.28700000000000003	0.6036036565188041
-0.28600000000000003	0.6025493358704999
-0.28500000000000003	0.6014931606006307
-0.28400000000000003	0.6004351208514798
-0.28300000000000003	0.5993752066773511
-0.28200000000000003	0.5983134080434813
-0.281	0.5972497148249022
-0.28	0.5961841168052905
-0.279	0.5951166036758497
-0.278	0.5940471650340614
-0.277	0.5929757903825357
-0.276	0.5919024691277824
-0.275	0.5908271905789175
-0.274	0.589749943946487
-0.273	0.5886707183411207
-0.272	0.5875895027722464
-0.271	0.5865062861467448
-0.27	0.5854210572676588
-0.269	0.5843338048327604
-0.268	0.5832445174331323
-0.267	0.5821531835518388
-0.266	0.5810597915624174
-0.265	0.5799643297273973
-0.264	0.5788667861968652
-0.263	0.5777671490068468
-0.262	0.576665406077895
-0.261	0.575561545213389
-0.26	0.5744555540979652
-0.259	0.5733474202959357
-0.258	0.5722371312495673
-0.257	0.5711246742774203
-0.256	0.5700100365726132
-0.255	0.5688932052010836
-0.254	0.5677741670997938
-0.253	0.5666529090749289
-0.252	0.5655294178000101
-0.251	0.5644036798140645
-0.25	0.5632756815196732
-0.24900000000000003	0.5621454091810114
-0.24800000000000003	0.56101284892187
-0.24700000000000003	0.5598779867236516
-0.24600000000000002	0.5587408084232525
-0.24500000000000002	0.5576012997110112
-0.244	0.5564594461285303
-0.243	0.5553152330664936
-0.242	0.5541686457624698
-0.241	0.5530196692985881
-0.24	0.5518682885993068
-0.239	0.5507144884289865
-0.238	0.5495582533894795
-0.237	0.5483995679177551
-0.23600000000000002	0.547238416283328
-0.23500000000000001	0.5460747825857355
-0.234	0.5449086507519726
-0.233	0.5437400045337868
-0.232	0.5425688275049992
-0.231	0.5413951030587669
-0.23	0.5402188144047589
-0.229	0.5390399445662711
-0.228	0.5378584763773018
-0.227	0.5366743924796284
-0.226	0.5354876753196449
-0.225	0.5342983071453593
-0.224	0.5331062700031513
-0.223	0.5319115457345555
-0.222	0.5307141159729643
-0.22099999999999997	0.5295139621402067
-0.21999999999999997	0.528311065443169
-0.21899999999999997	0.5271054068702041
-0.21799999999999997	0.5258969671875535
-0.21699999999999997	0.5246857269357116
-0.21599999999999997	0.5234716664256198
-0.21499999999999997	0.5222547657348245
-0.21399999999999997	0.521035004703618
-0.213	0.5198123629310171
-0.212	0.5185868197706108
-0.211	0.5173583543264411
-0.21	0.5161269454486922
-0.209	0.5148925717293883
-0.208	0.5136552114977813
-0.207	0.5124148428159552
-0.206	0.5111714434740271
-0.205	0.5099249909854118
-0.204	0.5086754625819306
-0.20299999999999999	0.5074228352088085
-0.20199999999999999	0.5061670855195785
-0.20099999999999998	0.5049081898707756
-0.19999999999999998	0.5036461243166809
-0.19899999999999998	0.5023808646037391
-0.198	0.5011123861649698
-0.197	0.49984066411431877
-0.196	0.4985656732405877
-0.195	0.4972873880015655
-0.194	0.49600578251776284
-0.193	0.494720830566152
-0.192	0.49343250557361457
-0.191	0.4921407806103829
-0.19000000000000003	0.49084562838318646
-0.18900000000000003	0.4895470212282758
-0.18800000000000003	0.48824493110431433
-0.18700000000000003	0.48693932958501346
-0.18600000000000003	0.48563018785167233
-0.18500000000000003	0.4843174766853856
-0.18400000000000002	0.4830011664592396
-0.18300000000000002	0.4816812271301332
-0.18200000000000002	0.4803576282305172
-0.18100000000000002	0.4790303388598075
-0.18000000000000002	0.4776993276756916
-0.17900000000000002	0.47636456288506324
-0.17800000000000002	0.4750260122348536
-0.17700000000000002	0.47368364300254706
-0.17600000000000002	0.472337421986429
-0.175	0.4709873154955848
-0.174	0.46963328933966464
-0.173	0.4682753088183198
-0.172	0.4669133387103371
-0.17099999999999999	0.46554734326252734
-0.16999999999999998	0.46417728617826437
-0.16899999999999998	0.4628031306056787
-0.16799999999999998	0.4614248391255543
-0.167	0.4600423737388868
-0.166	0.4586556958540285
-0.165	0.4572647662735339
-0.164	0.45586954518055417
-0.163	0.4544699921248508
-0.162	0.45306606600844174
-0.161	0.4516577250707349
-0.16	0.45024492687329837
-0.159	0.448827628284103
-0.158	0.4474057854613257
-0.157	0.44597935383662257
-0.156	0.44454828809797686
-0.155	0.4431125421717936
-0.154	0.44167206920472757
-0.153	0.44022682154468357
-0.152	0.43877675072136646
-0.151	0.43732180742608845
-0.15	0.4358619414910604
-0.149	0.43439710186783104
-0.14800000000000002	0.43292723660521015
-0.14700000000000002	0.4314522928262815
-0.14600000000000002	0.42997221670476926
-0.14500000000000002	0.42848695344050935
-0.14400000000000002	0.42699644723418506
-0.14300000000000002	0.42550064126112486
-0.14200000000000002	0.4239994776441836
-0.14100000000000001	0.42249289742575385
-0.14	0.4209808405386701
-0.139	0.41946324577622635
-0.138	0.4179400507609455
-0.137	0.4164111919123532
-0.136	0.4148766044135331
-0.135	0.4133362221764241
-0.134	0.4117899778058036
-0.133	0.41023780256200004
-0.132	0.4086796263221215
-0.131	0.40711537753976296
-0.13	0.4055449832033033
-0.129	0.4039683687923166
-0.128	0.4023854582325432
-0.127	0.4007961738488137
-0.126	0.3992004363162679
-0.125	0.39759816460940794
-0.12400000000000001	0.39598927594918126
-0.12300000000000001	0.3943736857477979
-0.12200000000000001	0.39275130755117
-0.12100000000000001	0.391122052979009
-0.12000000000000001	0.3894858316621967
-0.11900000000000001	0.387842551177553
-0.11800000000000001	0.3861921169796011
-0.117	0.3845344323292973
-0.11600000000000002	0.3828693982196139
-0.11500000000000002	0.38119691329757827
-0.11400000000000002	0.37951687378274535
-0.11300000000000002	0.37782917338182787
-0.11200000000000002	0.3761337031991609
-0.11100000000000002	0.3744303516429478
-0.11000000000000001	0.37271900432678545
-0.10900000000000001	0.370999543966276
-0.10800000000000001	0.3692718502704874
-0.10700000000000001	0.3675357998276455
-0.10599999999999998	0.365791265985029
-0.105	0.36403811872234354
-0.104	0.36227622451829256
-0.103	0.360505446209786
-0.102	0.3587256428432175
-0.10099999999999999	0.3569366695172716
-0.09999999999999999	0.35513837721658936
-0.09899999999999999	0.3533306126354705
-0.09799999999999999	0.35151321799086754
-0.09699999999999999	0.34968603082381616
-0.09599999999999999	0.34784888378816564
-0.09499999999999999	0.34600160442553163
-0.09399999999999999	0.3441440149252266
-0.093	0.3422759318676068
-0.092	0.34039716594927666
-0.091	0.33850752168810566
-0.09	0.3366067971059594
-0.089	0.3346947833864506
-0.088	0.33277126450462335
-0.087	0.3308360168248785
-0.086	0.3288888086626903
-0.08499999999999999	0.32692939980427577
-0.08399999999999999	0.32495754097743107
-0.08299999999999999	0.3229729732638766
-0.082	0.3209754274408688
-0.081	0.31896462323420316
-0.08	0.31694026845660056
-0.079	0.31490205799006177
-0.078	0.3128496725410447
-0.077	0.3107827770322217
-0.076	0.308701018328329
-0.075	0.3066040214707114
-0.074	0.3044913812543632
-0.073	0.30236262182038226
-0.072	0.3002173626454082
-0.071	0.29805506491349
-0.07	0.2958758353749078
-0.069	0.29367897832239487
-0.068	0.2914633763454182
-0.067	0.2892285508715805
-0.066	0.28697470601720887
-0.065	0.28470076967852487
-0.064	0.28240547035963953
-0.063	0.2800873106447959
-0.062	0.2777485092792496
-0.061	0.27538850209359994
-0.060000000000000005	0.27300437993742765
-0.05900000000000001	0.27059585136774233
-0.05800000000000001	0.2681640291014119
-0.05700000000000001	0.2657076733199255
-0.05600000000000001	0.2632239083857289
-0.05500000000000001	0.2607119560395351
-0.054000000000000006	0.2581711903844492
-0.053000000000000005	0.2555997660395486
-0.052000000000000005	0.25300043119328436
-0.051000000000000004	0.2503724284699586
-0.05	0.24771370798384063
-0.049	0.24502114266302844
-0.04800000000000001	0.24229567897883406
-0.04700000000000001	0.23953452740002337
-0.046000000000000006	0.2367352978593339
-0.045000000000000005	0.23389227733170298
-0.044000000000000004	0.23100401522133104
-0.043000000000000003	0.22807163180802373
-0.04200000000000001	0.22509724091540195
-0.04100000000000001	0.22207856827831163
-0.04000000000000001	0.2190135019622702
-0.03900000000000001	0.21590468174132346
-0.038000000000000006	0.21274129420811305
-0.037	0.20951829549617398
-0.036000000000000004	0.20624031551007635
-0.035	0.20291328776288553
-0.034	0.1995335897311854
-0.033	0.19608972564523944
-0.032	0.19258604141147484
-0.031	0.18903946427799004
-0.03	0.18543015408291738
-0.028999999999999998	0.1817633019817396
-0.028	0.178040955096911
-0.027	0.17425653779964953
-0.026	0.170413852023313
-0.025	0.16651936125795033
-0.024	0.16255341180187427
-0.023	0.15853721021939868
-0.022	0.15447725967419887
-0.020999999999999998	0.15034864519254373
-0.02	0.1461857193829771
-0.019	0.14197532624126213
-0.018	0.13771926210354052
-0.017	0.13341921873395932
-0.016	0.1290841880649973
-0.015	0.12474830414120118
-0.013999999999999992	0.12038106207314164
-0.012999999999999994	0.11599407902800041
-0.011999999999999993	0.11156686158049621
-0.010999999999999992	0.1071412231899894
-0.009999999999999995	0.10275563670029293
-0.008999999999999994	0.09838872822386162
-0.007999999999999993	0.094034671638869
-0.006999999999999992	0.08968637691539039
-0.005999999999999993	0.08537808005062766
-0.004999999999999994	0.08109930825467385
-0.003999999999999993	0.07688785419730144
-0.0029999999999999923	0.07274831076539519
-0.001999999999999993	0.0686817192705455
-0.000999999999999994	0.06468313491761556
6.938893903907228e-18	0.06076408386658262
0.001000000000000007	0.05696591259206923
0.002000000000000007	0.05326192440280387
0.003000000000000007	0.04967195029240415
0.004000000000000007	0.04621874998813007
0.005000000000000007	0.04285703274773176
0.006000000000000007	0.03962026018226987
0.007000000000000007	0.03653259202354294
0.008000000000000007	0.03359875452699062
0.009000000000000001	0.030800433729930136
0.009999999999999998	0.028172608974380075
0.011	0.025716874544049268
0.012	0.023370871126231502
0.012999999999999998	0.02118075675793936
0.013999999999999999	0.019127567045267524
0.015	0.017219522997426268
0.016	0.015468419472693663
0.017	0.013857276811036262
0.018	0.012396406023834705
0.019	0.011067790749333622
0.02	0.00985720224482655
0.020999999999999998	0.00876122708915048
0.022	0.007748326812646795
0.023	0.006836408336369251
0.024	0.006009888187751357
0.025	0.005274297761430907
0.026	0.004620480705723891
0.027	0.004033683534461788
0.028	0.003522459345464084
0.028999999999999998	0.0030654631027330296
0.03	0.0026565041720724067
0.031	0.002297404488163977
0.03200000000000001	0.00197650503110415
0.033	0.0017028528223610767
0.034	0.0014590318005874917
0.035	0.0012457708884044843
0.036000000000000004	0.0010555202296032747
0.037000000000000005	0.0008924766583574429
0.038000000000000006	0.0007501770552342444
0.03900000000000001	0.0006269413517952432
0.04000000000000001	0.0005229715460421222
0.04100000000000001	0.0004351104427239769
0.04200000000000001	0.00036275339382498613
0.04300000000000001	0.00029974667864292694
0.044000000000000004	0.00024760608867493934
0.045000000000000005	0.00020305106149920074
0.046000000000000006	0.00016618523700596892
0.04700000000000001	0.00013429041669442068
0.04800000000000001	0.00010626627545434782
0.04900000000000001	0.00008281044830077523
0.05	0.0000637355617628891
0.051000000000000004	0.00004911595660844332
0.052000000000000005	0.000038570844488888
0.053000000000000005	0.000029057068534654263
0.054000000000000006	0.00002224904861516299
0.055000000000000014	0.00001697453386593748
0.05600000000000001	0.00001335183010515996
0.05700000000000001	9.388239299399268e-6
0.05800000000000001	5.013951371627863e-6
0.05900000000000001	2.6862720420496425e-6
0.06000000000000001	1.0111658471953648e-6
0.06100000000000001	1.3911101537058076e-7
0.062	0
4.531	0
4.532	1.3207981698106364e-8
4.533	5.432380359930179e-8
4.534	1.555027048795123e-7
4.535	3.201378929818932e-7
4.5360000000000005	5.368677826670803e-7
4.537	8.907910323461597e-7
4.538	1.30944325306676e-6
4.539	1.8661161951303774e-6
4.54	2.4411509299806717e-6
4.541	3.1697892697862986e-6
4.542	4.143239791517994e-6
4.543	5.428527341069905e-6
4.5440000000000005	6.978960682246056e-6
4.545	8.879944134438482e-6
4.546	0.000011205873284828532
4.547	0.000014082867992052132
4.548	0.000017330770283475332
4.549	0.000021302731072080332
4.55	0.000026317692822790487
4.551	0.00003235822413661773
4.5520000000000005	0.00003960205435664346
4.553	0.00004813747262987993
4.554	0.00005814169461984089
4.555	0.00006980356863893078
4.556	0.0000831247286658434
4.557	0.00009879629751848354
4.558	0.00011689568670950352
4.559	0.00013772120882232002
4.5600000000000005	0.00016131373047219774
4.561	0.00018828831475359786
4.562	0.00021893633424127648
4.563	0.00025375653880662014
4.564	0.0002928379321434682
4.565	0.0003374604180655552
4.566	0.00038881185831753876
4.567	0.00044638913233209623
4.5680000000000005	0.0005108001308416224
4.569	0.0005840082671741662
4.57	0.0006654911316124873
4.571	0.0007548954281799842
4.572	0.0008531772796631209
4.573	0.0009601310011011136
4.574	0.0010764650957851166
4.575	0.0012002254834247504
4.576	0.0013302949485498178
4.577	0.001467876728788462
4.578	0.001612465483353656
4.579	0.0017623550648124008
4.58	0.0019169166638142831
4.581	0.002076126047566826
4.582	0.0022396824233804555
4.583	0.0024076335060755323
4.584	0.002578517574978044
4.585	0.0027521706942879136
4.586	0.002927390106653055
4.587	0.003104173166039927
4.588	0.0032814089548224867
4.589	0.003458842970176902
4.59	0.0036363450503239646
4.591	0.003814393644694356
4.592	0.003991816605625926
4.593	0.004167201666830552
4.594	0.004341699698628106
4.595	0.004513838024525246
4.596	0.004683745607389798
4.597	0.004850945687687104
4.598	0.005014914678481244
4.599	0.005175464070997161
4.6	0.005333419944423118
4.601	0.005488394027611587
4.602	0.005640259584827345
4.603	0.005789824967507832
4.604	0.005936566659156286
4.605	0.006080174175308009
4.606	0.006221197262642247
4.607	0.006359195371780585
4.608	0.006494801141688157
4.609	0.006627773929178302
4.61	0.006758140888560778
4.611	0.006885738076313213
4.612	0.007010799416519342
4.613	0.007133191819098476
4.614	0.0072530492755688665
4.615	0.007370548264779001
4.616	0.0074856338554547125
4.617	0.0075988082306876715
4.618	0.007710044616682546
4.619	0.007819215374339356
4.62	0.007926559760218124
4.621	0.00803213108934461
4.622	0.008136291008435445
4.623	0.008238888966687428
4.624	0.008340065381159462
4.625	0.008439855030589607
4.626	0.00853836278824394
4.627	0.008635573108395106
4.628	0.008731590544094949
4.6290000000000004	0.008826377716234622
4.63	0.008920002681053037
4.631	0.009012555022646867
4.632	0.009104041154852218
4.633	0.009194525919238469
4.634	0.00928407210194746
4.635	0.009372659666423247
4.636	0.009460341587028841
4.6370000000000005	0.009547182815872557
4.638	0.009633183917066438
4.639	0.009718364694624126
4.64	0.009802748594688451
4.641	0.009886345634703331
4.642	0.009969188990399192
4.643	0.010051302769508632
4.644	0.010132708583688654
4.6450000000000005	0.010213426472540865
4.646	0.01029347525133439
4.647	0.010372872699523496
4.648	0.010451635684790598
4.649	0.010529780254567269
4.65	0.01060732170852495
4.651	0.010684274658641902
4.652	0.010760653080503967
4.6530000000000005	0.010836470358019847
4.654	0.01091173932298521
4.655	0.010986472290464691
4.656	0.011060681090698575
4.657	0.011134377098066042
4.658	0.011207571257511678
4.659	0.011280274108763698
4.66	0.011352495808610544
4.6610000000000005	0.01142424615145483
4.662	0.011495534588329208
4.663	0.011566370244535384
4.664	0.011636761936037276
4.665	0.011706718184728992
4.666	0.01177624723267833
4.667	0.011845357055439387
4.668	0.011914055374511534
4.6690000000000005	0.011982349669014247
4.67	0.012050247186649024
4.671	0.01211775495399378
4.672	0.012184879786192135
4.673	0.012251628296077661
4.674	0.012318006902774544
4.675	0.012384021839815448
4.676	0.012449679162810656
4.6770000000000005	0.012514984756698412
4.678	0.012579944342605245
4.679	0.012644563484345705
4.68	0.012708847594580788
4.681	0.012772801940661879
4.682	0.01283643165017694
4.683	0.01289974171622068
4.684	0.012962737002403265
4.6850000000000005	0.013025422247616438
4.686	0.013087802070569454
4.687	0.013149880974109907
4.688	0.01321166334934223
4.689	0.01327315347955472
4.69	0.013334355543966031
4.691	0.013395273621304795
4.692	0.013455911693225518
4.6930000000000005	0.013516273647575728
4.694	0.01357636328151987
4.695	0.013636184304526216
4.696	0.013695740341228403
4.697	0.01375503493416411
4.698	0.013814071546399865
4.699	0.013872853564045272
4.7	0.013931384298667127
4.7010000000000005	0.013989666989601615
4.702	0.014047704806175823
4.703	0.014105500849841912
4.704	0.014163058156222931
4.705	0.014220379697082617
4.706	0.014277468382216857
4.707	0.01433432706127414
4.708	0.014390958525504155
4.709	0.014447365509443711
4.71	0.014503550692538182
4.711	0.014559516700702012
4.712	0.01461526610782463
4.713	0.014670801437219647
4.714	0.014726125163021207
4.715	0.014781239711534028
4.716	0.014836147462530494
4.7170000000000005	0.014890850750507235
4.718	0.01494535186589539
4.719	0.014999653056226804
4.72	0.015053756527267663
4.721	0.015107664444103703
4.722	0.015161378932197806
4.723	0.015214902078407054
4.724	0.01526823593196665
4.725	0.015321382505443501
4.726	0.015374343775657197
4.727	0.015427121684570229
4.728	0.015479718140151847
4.729	0.015532135017213653
4.73	0.015584374158216379
4.731	0.015636437374054547
4.732	0.015688326444815534
4.733	0.015740043120514313
4.734	0.015791589121805304
4.735	0.01584296614067586
4.736	0.015894175841112686
4.737	0.015945219859755038
4.738	0.015996099806522928
4.739	0.016046817265229104
4.74	0.016097373794173767
4.741	0.016147770926719502
4.742	0.01619801017185135
4.743	0.01624809301472052
4.744	0.016298020917171068
4.745	0.016347795318253006
4.746	0.016397417634720808
4.747	0.016446889261518206
4.748	0.016496211572245692
4.749	0.0165453859196226
4.75	0.016594413635928017
4.751	0.016643296033435735
4.752	0.016692034404834636
4.753	0.016740630023637963
4.7540000000000004	0.016789084144581676
4.755	0.016837398004013335
4.756	0.016885572820267578
4.757	0.0169336097940372
4.758	0.016981510108725884
4.759	0.017029274930802463
4.76	0.017076905410136442
4.761	0.017124402680329633
4.7620000000000005	0.0171717678590397
4.763	0.017219002048292853
4.764	0.017266106334791156
4.765	0.017313081790209232
4.766	0.017359929471487817
4.767	0.017406650421114188
4.768	0.017453245667400995
4.769	0.017499716224757177
4.7700000000000005	0.01754606309394777
4.771	0.017592287262353186
4.772	0.017638389704219718
4.773	0.01768437138090338
4.774	0.017730233241109325
4.775	0.017775976221124874
4.776	0.017821601245045147
4.777	0.017867109224998467
4.7780000000000005	0.017912501061361347
4.779	0.017957777642969935
4.78	0.018002939847328737
4.781	0.018047988540811424
4.782	0.018092924578859106
4.783	0.018137748806173023
4.784	0.01818246205690342
4.785	0.01822706515483402
4.7860000000000005	0.018271558913562518
4.787	0.018315944136676227
4.788	0.018360221617924586
4.789	0.018404392141388445
4.79	0.01844845648164392
4.791	0.018492415403924656
4.792	0.01853626966427796
4.793	0.018580020009720314
4.7940000000000005	0.018623667178388113
4.795	0.01866721189968449
4.796	0.018710654894426
4.797	0.01875399687498144
4.798	0.01879723854541139
4.799	0.018840380601605828
4.8	0.018883423731412836
4.801	0.018926368614771278
4.8020000000000005	0.018969215923838004
4.803	0.01901196632311119
4.804	0.019054620469553234
4.805	0.019097179012711126
4.806	0.019139642594831148
4.807	0.019182011850976163
4.808	0.019224287409135562
4.809	0.019266469890339352
4.8100000000000005	0.019308559908760813
4.811	0.019350558071826333
4.812	0.019392464980318772
4.813	0.01943428122847624
4.814	0.019476007404095125
4.815	0.019517644088625694
4.816	0.019559191857270026
4.817	0.01960065127907269
4.818	0.0196420229170154
4.819	0.01968330732810677
4.82	0.01972450506347184
4.821	0.019765616668436934
4.822	0.019806642682616407
4.823	0.019847583639996346
4.824	0.019888440069015825
4.825	0.01992921249264839
4.8260000000000005	0.019969901428481256
4.827	0.020010507388791274
4.828	0.020051030880623318
4.829	0.020091472405863543
4.83	0.020131832461313184
4.831	0.020172111538759852
4.832	0.020212310125050825
4.833	0.020252428702159365
4.834	0.020292467747254298
4.835	0.020332427732767288
4.836	0.020372309126458252
4.837	0.02041211239148025
4.838	0.020451837986441943
4.839	0.020491486365471545
4.84	0.020531057978276084
4.841	0.02057055327020386
4.8420000000000005	0.020609972682301574
4.843	0.020649316651373074
4.844	0.020688585610037367
4.845	0.020727779986782918
4.846	0.020766900206023998
4.847	0.020805946688155788
4.848	0.020844919849603783
4.849	0.020883820102881655
4.85	0.020922647856637798
4.851	0.020961403515709028
4.852	0.02100008748116879
4.853	0.02103870015037643
4.854	0.021077241917026687
4.855	0.0211157131711927
4.856	0.021154114299378825
4.857	0.02119244568456117
4.8580000000000005	0.02123070770623501
4.859	0.02126890074045799
4.86	0.02130702515989473
4.861	0.021345081333858425
4.862	0.021383069628354245
4.863	0.021420990406120166
4.864	0.02145884402666682
4.865	0.021496630846319364
4.866	0.021534351218256354
4.867	0.021572005492546897
4.868	0.021609594016192415
4.869	0.021647117133160098
4.87	0.021684575184423873
4.871	0.021721968507998072
4.872	0.021759297438974548
4.873	0.02179656230955783
4.8740000000000006	0.021833763449099867
4.875	0.02187090118413487
4.876	0.021907975838410244
4.877	0.021944987732925216
4.878	0.021981937185957905
4.8790000000000004	0.022018824513100745
4.88	0.022055650027290638
4.881	0.022092414038842288
4.882	0.022129116855476902
4.883	0.02216575878235198
4.884	0.022202340122093298
4.885	0.02223886117482461
4.886	0.022275322238192674
4.8870000000000005	0.02231172360740022
4.888	0.02234806557523177
4.889	0.02238434843208041
4.890000000000001	0.022420572465979213
4.891	0.0224567379626237
4.892	0.022492845205398414
4.893	0.02252889447540841
4.894	0.022564886051497646
4.8950000000000005	0.022600820210278396
4.896	0.022636697226158072
4.897	0.022672517371358725
4.898	0.02270828091594474
4.899	0.022743988127847004
4.9	0.022779639272884216
4.901	0.02281523461478782
4.902	0.02285077441522576
4.9030000000000005	0.022886258933822175
4.904	0.022921688428182794
4.905	0.022957063153913746
4.906000000000001	0.022992383364646988
4.907	0.023027649312058203
4.908	0.023062861245889636
4.909	0.023098019413971348
4.91	0.02313312406223909
4.9110000000000005	0.023168175434758295
4.912	0.023203173773741953
4.913	0.023238119319567613
4.914	0.023273012310802994
4.915	0.023307852984219078
4.916	0.023342641574812504
4.917	0.023377378315823996
4.918	0.023412063438754533
4.9190000000000005	0.023446697173385416
4.92	0.023481279747794657
4.921	0.023515811388377536
4.922	0.02355029231985942
4.923	0.023584722765318075
4.924	0.023619102946196346
4.925	0.023653433082320843
4.926	0.023687713391917792
4.927	0.023721944091630746
4.928	0.023756125396534593
4.929	0.02379025752015317
4.93	0.023824340674473365
4.931	0.02385837506996147
4.932	0.023892360915579246
4.933	0.023926298418796767
4.934	0.023960187785608773
4.9350000000000005	0.023994029220549565
4.936	0.02402782292670815
4.937	0.024061569105738846
4.938	0.024095267957879894
4.939	0.024128919681964386
4.94	0.02416252447543644
4.941	0.02419608253436243
4.942	0.024229594053445765
4.943	0.024263059226039583
4.944	0.024296478244161056
4.945	0.024329851298501733
4.946	0.02436317857844331
4.947	0.024396460272067808
4.948	0.024429696566173203
4.949	0.024462887646280636
4.95	0.024496033696650273
4.9510000000000005	0.024529134900294392
4.952	0.024562191438985793
4.953	0.024595203493271496
4.954	0.024628171242482795
4.955	0.024661094864749673
4.956	0.024693974537008764
4.957	0.024726810435016948
4.958	0.024759602733360635
4.959	0.02479235160546623
4.96	0.024825057223615846
4.961	0.024857719758949775
4.962	0.024890339381483995
4.963	0.024922916260116484
4.964	0.024955450562639772
4.965	0.024987942455749625
4.966	0.02502039210505502
4.9670000000000005	0.02505279967509098
4.968	0.025085165329323214
4.969	0.025117489230161674
4.97	0.02514977153896936
4.971	0.025182012416070407
4.972	0.02521421202076199
4.973	0.02524637051131999
4.974	0.025278488045012384
4.975	0.025310564778102437
4.976	0.02534260086586552
4.977	0.025374596462589945
4.978	0.025406551721592008
4.979	0.02543846679521907
4.98	0.025470341834863085
4.981	0.02550217699096496
4.982	0.025533972413027614
4.9830000000000005	0.02556572824961746
4.984	0.025597444648379698
4.985	0.025629121756040575
4.986	0.02566075971842017
4.987	0.025692358680434558
4.988	0.02572391878610986
4.989	0.02575544017858672
4.99	0.02578692300012699
4.991	0.025818367392122562
4.992	0.0258497734951031
4.993	0.025881141448743317
4.994	0.02591247139186924
4.995	0.02594376346246565
4.996	0.025975017797686493
4.997	0.026006234533854772
4.998	0.026037413806476853
4.9990000000000006	0.02606855575024502
5.	0.026099660499046533
5.001	0.026130728185967917
5.002	0.02616175894330523
5.003	0.02619275290256714
5.0040000000000004	0.026223710194482327
5.005	0.02625463094900819
5.006	0.02628551529533386
5.007	0.026316363361889483
5.008	0.026347175276350856
5.009	0.026377951165645758
5.01	0.026408691155959466
5.011	0.02643939537274369
5.0120000000000005	0.026470063940718897
5.013	0.02650069698388177
5.014	0.02653129462551101
5.015000000000001	0.026561856988175935
5.016	0.026592384193735635
5.017	0.02662287636335129
5.018	0.026653333617488353
5.019	0.026683756075922355
5.0200000000000005	0.02671414385774577
5.021	0.0267444970813722
5.022	0.026774815864542705
5.023	0.026805100324330335
5.024	0.02683535057714583
5.025	0.02686556673874253
5.026	0.026895748924221835
5.027	0.026925897248039465
5.0280000000000005	0.02695601182400742
5.029	0.02698609276530302
5.03	0.027016140184470558
5.031000000000001	0.0270461541934282
5.032	0.02707613490347139
5.033	0.027106082425279638
5.034	0.0271359968689191
5.035	0.027165878343849006
5.0360000000000005	0.02719572695892608
5.037	0.02722554282240776
5.038	0.027255326041958235
5.039	0.027285076724654203
5.04	0.027314794976983282
5.041	0.02734448090485978
5.042	0.027374134613616496
5.043	0.0274037562080167
5.0440000000000005	0.02743334579225893
5.045	0.027462903469974938
5.046	0.027492429344241166
5.047000000000001	0.02752192351757895
5.048	0.02755138609195941
5.049	0.027580817168807954
5.05	0.027610216849007826
5.051	0.02763958523290386
5.0520000000000005	0.02766892242030865
5.053	0.027698228510503346
5.054	0.027727503602245226
5.055	0.02775674779376713
5.056	0.027785961182785226
5.057	0.027815143866501493
5.058	0.02784429594160596
5.059	0.02787341750428424
5.0600000000000005	0.0279025086502167
5.061	0.027931569474584327
5.062	0.02796060007207406
5.063000000000001	0.027989600536879974
5.064	0.028018570962706473
5.065	0.0280475114427744
5.066	0.0280764220698219
5.067	0.028105302936110608
5.0680000000000005	0.028134154133425078
5.069	0.02816297575308171
5.07	0.0281917678859277
5.071	0.028220530622344857
5.072	0.02824926405225446
5.073	0.0282779682651212
5.074	0.028306643349953482
5.075	0.028335289395309993
5.0760000000000005	0.02836390648929905
5.077	0.02839249471958645
5.078	0.028421054173394605
5.079	0.028449584937507526
5.08	0.028478087098273628
5.081	0.028506560741609167
5.082	0.028535005953000205
5.083	0.028563422817506342
5.084	0.028591811419763895
5.085	0.028620171843988962
5.086	0.028648504173979093
5.087	0.028676808493117382
5.088	0.028705084884375086
5.089	0.028733333430313326
5.09	0.028761554213089815
5.091	0.02878974731445551
5.0920000000000005	0.02881791281576263
5.093	0.028846050797965147
5.094	0.02887416134161947
5.095	0.02890224452689516
5.096	0.02893030043356479
5.097	0.028958329141019482
5.098	0.028986330728261945
5.099	0.029014305273916324
5.1	0.029042252856223357
5.101	0.029070173553050794
5.102	0.029098067441889777
5.103	0.029125934599860608
5.104	0.029153775103713035
5.105	0.02918158902983215
5.106	0.02920937645423692
5.107	0.029237137452585132
5.1080000000000005	0.02926487210017508
5.109	0.029292580471946907
5.11	0.029320262642487285
5.111	0.02934791868602995
5.112	0.029375548676459345
5.113	0.029403152687309544
5.114	0.029430730791773024
5.115	0.029458283062694747
5.116	0.02948580957258357
5.117	0.029513310393605146
5.118	0.029540785597590404
5.119	0.029568235256035788
5.12	0.029595659440107263
5.121	0.02962305822063822
5.122	0.029650431668135108
5.123	0.029677779852778523
5.1240000000000006	0.02970510284442677
5.125	0.029732400712614394
5.126	0.029759673526558096
5.127	0.02978692135515716
5.128	0.029814144266993005
5.1290000000000004	0.029841342330338604
5.13	0.029868515613149637
5.131	0.029895664183077618
5.132	0.029922788107463835
5.133	0.029949887453343548
5.134	0.029976962287450764
5.135	0.030004012676215865
5.136	0.030031038685771002
5.1370000000000005	0.030058040381949907
5.138	0.030085017830290023
5.139	0.030111971096035965
5.140000000000001	0.030138900244137463
5.141	0.030165805339257553
5.142	0.030192686445768526
5.143	0.03021954362775462
5.144	0.030246376949018466
5.1450000000000005	0.03027318647307661
5.146	0.030299972263164998
5.147	0.030326734382240313
5.148	0.030353472892980984
5.149	0.030380187857789426
5.15	0.0304068793387932
5.151	0.03043354739784624
5.152	0.030460192096531776
5.1530000000000005	0.030486813496165388
5.154	0.03051341165779174
5.155	0.030539986642190913
5.156000000000001	0.030566538509877176
5.157	0.030593067321105002
5.158	0.030619573135863096
5.159	0.030646056013882497
5.16	0.03067251601463691
5.1610000000000005	0.030698953197341273
5.162	0.030725367620956213
5.163	0.030751759344190274
5.164	0.030778128425496838
5.165	0.030804474923081217
5.166	0.03083079889489814
5.167	0.03085710039865642
5.168	0.0308833794918174
5.1690000000000005	0.030909636231598037
5.17	0.030935870674972447
5.171	0.030962082878672793
5.172000000000001	0.030988272899190508
5.173	0.031014440792778056
5.174	0.03104058661545343
5.175	0.031066710422993485
5.176	0.031092812270944434
5.1770000000000005	0.031118892214617264
5.178	0.031144950309091927
5.179	0.031170986609217206
5.18	0.03119700116961214
5.181	0.03122299404467037
5.182	0.031248965288555957
5.183	0.03127491495520885
5.184	0.031300843098348276
5.1850000000000005	0.03132674977146398
5.186	0.03135263502782989
5.187	0.03137849892049874
5.188000000000001	0.03140434150230373
5.189	0.03143016282586073
5.19	0.03145596294356938
5.191	0.03148174190761473
5.192	0.0315074997699671
5.193	0.03153323658238594
5.194	0.03155895239641694
5.195	0.03158464726339881
5.196	0.03161032123445789
5.197	0.03163597436051519
5.198	0.03166160669228467
5.199	0.03168721828027339
5.2	0.03171280917478692
5.2010000000000005	0.03173837942592468
5.202	0.03176392908358726
5.203	0.03178945819747149
5.204	0.03181496681707765
5.205	0.03184045499170286
5.206	0.031865922770453366
5.207	0.0318913702022326
5.208	0.03191679733575326
5.209	0.03194220421953129
5.21	0.031967590901891295
5.211	0.03199295743096444
5.212	0.03201830385469271
5.213	0.032043630220825944
5.214	0.03206893657692738
5.215	0.03209422297037092
5.216	0.03211948944834616
5.2170000000000005	0.03214473605785329
5.218	0.03216996284571055
5.219	0.03219516985855077
5.22	0.03222035714282723
5.221	0.032245524744806554
5.222	0.03227067271058177
5.223	0.032295801086057875
5.224	0.03232090991696757
5.225	0.03234599924886333
5.226	0.03237106912712083
5.227	0.03239611959694092
5.228	0.03242115070334929
5.229	0.03244616249119662
5.23	0.03247115500516122
5.231	0.032496128289750494
5.232	0.03252108238929989
5.2330000000000005	0.03254601734797506
5.234	0.032570933209770565
5.235	0.032595830018514904
5.236	0.03262070781786845
5.237	0.03264556665132453
5.238	0.03267040656221129
5.239	0.03269522759369314
5.24	0.032720029788766716
5.241	0.03274481319026999
5.242	0.03276957784087787
5.243	0.032794323783100834
5.244	0.0328190510592928
5.245	0.03284375971164606
5.246	0.0328684497821941
5.247	0.03289312131281314
5.248	0.032917774345222695
5.2490000000000006	0.03294240892098409
5.25	0.03296702508150612
5.251	0.03299162286803913
5.252	0.03301620232168233
5.253	0.033040763483382835
5.2540000000000004	0.03306530639393175
5.255	0.033089831093972066
5.256	0.03311433762399526
5.257	0.033138826024341754
5.258	0.0331632963352032
5.259	0.03318774859662559
5.26	0.03321218284850346
5.261	0.033236599130585846
5.2620000000000005	0.03326099748247768
5.263	0.033285377943635654
5.264	0.03330974055337424
5.265000000000001	0.03333408535086309
5.266	0.03335841237512793
5.267	0.03338272166505352
5.268	0.0334070132593819
5.269	0.03343128719671623
5.2700000000000005	0.033455543515515745
5.271	0.0334797822541048
5.272	0.0335040034506657
5.273	0.03352820714324188
5.274	0.033552393369744325
5.275	0.03357656216794183
5.276	0.0336007135754706
5.277	0.03362484762982993
5.2780000000000005	0.03364896436838474
5.279	0.03367306382836755
5.28	0.03369714604687604
5.281000000000001	0.03372121106087356
5.282	0.03374525890719576
5.283	0.03376928962254441
5.284	0.033793303243490044
5.285	0.03381729980647603
5.2860000000000005	0.03384127934781265
5.287	0.03386524190368419
5.288	0.0338891875101451
5.289	0.03391311620312501
5.29	0.03393702801842457
5.291	0.033960922991717914
5.292	0.033984801158556024
5.293	0.034008662554362676
5.2940000000000005	0.03403250721443809
5.295	0.03405633517395843
5.296	0.03408014646797807
5.297000000000001	0.034103941131427486
5.298	0.03412771919911586
5.299	0.034151480705730174
5.3	0.03417522568583925
5.301	0.034198954173888116
5.3020000000000005	0.03422266620420486
5.303	0.03424636181099891
5.304	0.03427004102835935
5.305	0.03429370389025784
5.306	0.034317350430550314
5.307	0.03434098068297488
5.308	0.03436459468115471
5.309	0.034388192458593814
5.3100000000000005	0.03441177404868622
5.311	0.03443533948470838
5.312	0.034458888799823326
5.313000000000001	0.03448242202708245
5.314	0.03450593919942077
5.315	0.03452944034966407
5.316	0.03455292551052666
5.317	0.034576394714608376
5.3180000000000005	0.034599847994402674
5.319	0.03462328538228838
5.32	0.034646706910538956
5.321	0.03467011261131567
5.322	0.03469350251667239
5.323	0.03471687665855536
5.324	0.03474023506880188
5.325	0.03476357777914453
5.3260000000000005	0.03478690482120704
5.327	0.03481021622650613
5.328	0.03483351202645768
5.329000000000001	0.034856792252367645
5.33	0.03488005693543983
5.331	0.034903306106772884
5.332	0.03492653979736289
5.333	0.03494975803810207
5.334	0.03497296085977998
5.335	0.03499614829308453
5.336	0.0350193203686026
5.337	0.035042477116817246
5.338	0.0350656185681131
5.339	0.035088744752773675
5.34	0.035111855700983956
5.341	0.03513495144282626
5.3420000000000005	0.0351580320082885
5.343	0.035181097427256475
5.344	0.03520414772952027
5.345	0.0352271829447704
5.346	0.035250203102602296
5.347	0.035273208232513245
5.348	0.03529619836390493
5.349	0.035319173526084144
5.35	0.03534213374826038
5.351	0.03536507905954889
5.352	0.03538800948897167
5.353	0.03541092506545573
5.354	0.03543382581783477
5.355	0.03545671177484869
5.356	0.035479582965144814
5.357	0.035502439417278604
5.3580000000000005	0.035525281159713734
5.359	0.035548108220820634
5.36	0.035570920628881376
5.361	0.03559371841208499
5.362	0.03561650159853087
5.363	0.03563927021622962
5.364	0.03566202429310023
5.365	0.03568476385697425
5.366	0.03570748893559529
5.367	0.03573019955661566
5.368	0.035752895747602834
5.369	0.03577557753603511
5.37	0.03579824494930292
5.371	0.03582089801471341
5.372	0.035843536759483006
5.373	0.03586616121074553
5.3740000000000006	0.035888771395547414
5.375	0.03591136734085041
5.376	0.03593394907353157
5.377	0.035956516620382954
5.378	0.035979070008112
5.3790000000000004	0.0360016092633456
5.38	0.036024134412623414
5.381	0.03604664548240358
5.382	0.03606914249906139
5.383	0.036091625488891665
5.384	0.036114094478104396
5.385	0.03613654949282988
5.386	0.036158990559116574
5.3870000000000005	0.03618141770293334
5.388	0.03620383095016583
5.389	0.03622623032662342
5.390000000000001	0.03624861585803008
5.391	0.03627098757003771
5.392	0.036293345488212926
5.393	0.03631568963804519
5.394	0.036338020044947135
5.3950000000000005	0.03636033673425249
5.396	0.036382639731216734
5.397	0.036404929061017166
5.398	0.03642720474875644
5.399	0.03644946681945915
5.4	0.036471715298071625
5.401	0.03649395020946702
5.402	0.03651617157844224
5.4030000000000005	0.03653837942971607
5.404	0.03656057378793537
5.405	0.03658275467767091
5.406000000000001	0.036604922123418884
5.407	0.036627076149600576
5.408	0.03664921678056482
5.409	0.036671344040586515
5.41	0.03669345795386592
5.4110000000000005	0.03671555854453293
5.412	0.0367376458366424
5.413	0.03675971985417816
5.414	0.036781780621050954
5.415	0.036803828161101455
5.416	0.03682586249809889
5.417	0.036847883655737795
5.418	0.03686989165764714
5.4190000000000005	0.03689188652738073
5.42	0.036913868288426334
5.421	0.036935836964197985
5.422000000000001	0.03695779257804162
5.423	0.03697973515323503
5.424	0.03700166471298685
5.425	0.03702358128043272
5.426	0.03704548487864529
5.4270000000000005	0.037067375530626306
5.428	0.037089253259310076
5.429	0.037111118087563455
5.43	0.03713297003818387
5.431	0.037154809133906036
5.432	0.037176635397392375
5.433	0.037198448851244834
5.434	0.03722024951799412
5.4350000000000005	0.037242037420106185
5.436	0.037263812579982014
5.437	0.03728557501995857
5.438000000000001	0.03730732476230446
5.439	0.03732906182922463
5.44	0.0373507862428604
5.441	0.03737249802528774
5.442	0.03739419719851798
5.4430000000000005	0.0374158837845004
5.444	0.037437557805118336
5.445	0.03745921928219434
5.446	0.03748086823748454
5.447	0.03750250469268576
5.448	0.0375241286694302
5.449	0.03754574018928793
5.45	0.03756733927376701
5.4510000000000005	0.03758892594431429
5.452	0.03761050022231337
5.453	0.037632062129089774
5.454	0.037653611685904295
5.455	0.037675148913958234
5.456	0.03769667383439311
5.457	0.03771818646829041
5.458	0.03773968683666787
5.459	0.037761174960487684
5.46	0.037782650860650885
5.461	0.03780411455799897
5.462	0.037825566073313104
5.463	0.037847005427317455
5.464	0.03786843264067695
5.465	0.0378898477339978
5.466	0.03791125072782701
5.4670000000000005	0.03793264164265492
5.468	0.037954020498913485
5.469	0.03797538731697861
5.47	0.03799674211716614
5.471	0.03801808491973641
5.472	0.038039415744893626
5.473	0.03806073461278327
5.474	0.038082041543496314
5.475	0.0381033365570669
5.476	0.03812461967347283
5.477	0.03814589091263554
5.478	0.03816715029442247
5.479	0.03818839783864511
5.48	0.038209633565060415
5.481	0.03823085749336864
5.482	0.03825206964321654
5.4830000000000005	0.03827327003419552
5.484	0.0382944586858461
5.485	0.0383156356176494
5.486	0.038336800849037685
5.487	0.03835795439938462
5.488	0.03837909628801573
5.489	0.03840022653419951
5.49	0.03842134515715282
5.491	0.03844245217603977
5.492	0.038463547609971394
5.493	0.03848463147800653
5.494	0.03850570379915132
5.495	0.03852676459236151
5.496	0.03854781387653882
5.497	0.038568851670535136
5.498	0.03858987799315083
5.4990000000000006	0.038610892863132545
5.5	0.03863189629918
5.501	0.038652888319938385
5.502	0.03867386894400437
5.503	0.03869483818992278
5.5040000000000004	0.038715796076190606
5.505	0.03873674262125198
5.506	0.038757677843502855
5.507	0.03877860176128809
5.508	0.03879951439290496
5.509	0.03882041575659996
5.51	0.03884130587057104
5.511	0.03886218475296693
5.5120000000000005	0.03888305242188768
5.513	0.03890390889538531
5.514	0.038924754191462727
5.515	0.03894558832807438
5.516	0.03896641132312734
5.517	0.03898722319448061
5.518	0.039008023959947555
5.519	0.03902881363728914
5.52	0.03904959224422327
5.521	0.03907035979842013
5.522	0.03909111631750049
5.523	0.0391118618190421
5.524	0.0391325963205726
5.525	0.03915331983957471
5.526	0.03917403239348557
5.527	0.039194733999694885
5.5280000000000005	0.03921542467554615
5.529	0.0392361044383408
5.53	0.03925677330532972
5.531	0.03927743129371957
5.532	0.039298078420674815
5.533	0.039318714703311955
5.534	0.03933934015870202
5.535	0.0393599548038746
5.536	0.039380558655812116
5.537	0.0394011517314519
5.538	0.03942173404768864
5.539	0.03944230562137471
5.54	0.03946286646931401
5.541	0.039483416608268464
5.542	0.03950395605495948
5.543	0.03952448482605988
5.5440000000000005	0.03954500293820365
5.545	0.039565510407978004
5.546	0.03958600725193032
5.547000000000001	0.03960649348656238
5.548	0.03962696912833544
5.549	0.03964743419366745
5.55	0.039667888698932945
5.551	0.039688332660466716
5.5520000000000005	0.03970876609455796
5.553	0.03972918901745699
5.554	0.03974960144537243
5.555	0.03977000339446836
5.556	0.03979039488086991
5.557	0.03981077592066167
5.558	0.03983114652988261
5.559	0.039851506724535884
5.5600000000000005	0.0398718565205806
5.561	0.03989219593393639
5.562	0.03991252498048182
5.563	0.03993284367605542
5.564	0.039953152036454845
5.565	0.03997345007743791
5.566	0.03999373781472323
5.567	0.04001401526398871
5.568	0.04003428244087098
5.569	0.040054539360970066
5.57	0.04007478603984582
5.571	0.04009502249301638
5.572	0.04011524873596338
5.573	0.040135464784128494
5.574	0.04015567065291495
5.575	0.04017586635768559
5.5760000000000005	0.04019605191376745
5.577	0.040216227336447134
5.578	0.04023639264097199
5.579	0.04025654784255393
5.58	0.040276692956364483
5.5809999999999995	0.040296827997538386
5.582	0.04031695298117153
5.583	0.04033706792232386
5.584	0.040357172836016406
5.585	0.04037726773723169
5.586	0.04039735264091856
5.587	0.040417427561985686
5.588	0.040437492515305075
5.589	0.0404575475157121
5.59	0.040477592578006615
5.591	0.04049762771695074
5.5920000000000005	0.040517652947268265
5.593	0.04053766828365043
5.594	0.04055767374074977
5.595	0.04057766933318221
5.596	0.04059765507552965
5.5969999999999995	0.04061763098233693
5.598	0.040637597068112534
5.599	0.04065755334733009
5.6	0.040677499834428706
5.601	0.04069743654380884
5.602	0.04071736348984045
5.603	0.040737280686853825
5.604	0.04075718814914701
5.605	0.04077708589098148
5.606	0.04079697392658471
5.607	0.04081685227015104
5.608	0.04083672093583595
5.609	0.04085657993776537
5.609999999999999	0.040876429290028396
5.611	0.04089626900667919
5.612	0.040916099101739344
5.6129999999999995	0.04093591958919633
5.614	0.0409557304830038
5.615	0.04097553179707998
5.616	0.04099532354531173
5.617	0.041015105741551434
5.618	0.041034878399617405
5.619	0.041054641533295286
5.62	0.04107439515633942
5.621	0.041094139282466524
5.622	0.04111387392536498
5.623	0.04113359909868785
5.624	0.041153314816055504
5.625	0.041173021091056895
5.6259999999999994	0.04119271793724821
5.627	0.04121240536815102
5.628	0.041232083397257695
5.629	0.04125175203802714
5.63	0.04127141130388502
5.631	0.04129106120822789
5.632	0.04131070176441722
5.633	0.04133033298578446
5.634	0.04134995488562888
5.635	0.041369567477218046
5.636	0.041389170773790535
5.6370000000000005	0.04140876478854861
5.638	0.04142834953466857
5.639	0.041447925025291335
5.640000000000001	0.041467491273529736
5.641	0.041487048292464364
5.642	0.04150659609514457
5.643	0.04152613469458988
5.644	0.04154566410378977
5.645	0.04156518433570053
5.646	0.04158469540325113
5.647	0.04160419731933923
5.648	0.041623690096830666
5.649	0.0416431737485628
5.65	0.04166264828734211
5.651	0.04168211372594692
5.652	0.0417015700771235
5.6530000000000005	0.041721017353589136
5.654	0.041740455568032006
5.655	0.04175988473310951
5.656	0.04177930486145167
5.657	0.04179871596565647
5.6579999999999995	0.04181811805829589
5.659	0.041837511151910624
5.66	0.041856895259010485
5.661	0.041876270392081215
5.662	0.04189563656357485
5.663	0.04191499378591754
5.664	0.04193434207150589
5.665	0.04195368143270925
5.666	0.04197301188186458
5.667	0.04199233343128465
5.668	0.04201164609325199
5.6690000000000005	0.04203094988002133
5.67	0.04205024480381768
5.671	0.04206953087684176
5.672	0.042088808111262165
5.673	0.04210807651922282
5.6739999999999995	0.04212733611283748
5.675	0.04214658690419321
5.676	0.0421658289053491
5.677	0.04218506212833915
5.678	0.04220428658516557
5.679	0.04222350228780567
5.68	0.042242709248211524
5.681	0.04226190747830344
5.682	0.04228109698997902
5.683	0.042300277795106124
5.684	0.04231944990552615
5.685	0.042338613333052895
5.686	0.04235776808947802
5.686999999999999	0.04237691418656064
5.688	0.042396051636036186
5.689	0.04241518044961435
5.6899999999999995	0.04243430063897469
5.691	0.042453412215774394
5.692	0.04247251519164359
5.693	0.042491609578185284
5.694	0.0425106953869768
5.695	0.042529772629568946
5.696	0.04254884131748729
5.697	0.042567901462233104
5.698	0.04258695307527736
5.699	0.04260599616807071
5.7	0.04262503075203446
5.7010000000000005	0.04264405683856678
5.702	0.04266307443903763
5.703	0.04268208356479552
5.704	0.042701084227159555
5.705	0.042720076437426764
5.7059999999999995	0.04273906020686919
5.707	0.042758035546729974
5.708	0.04277700246823046
5.709	0.042795960982568354
5.71	0.04281491110091249
5.711	0.042833852834411185
5.712	0.04285278619418501
5.713	0.042871711191332346
5.714	0.04289062783692392
5.715	0.042909536142010485
5.716	0.042928436117614543
5.7170000000000005	0.04294732777473543
5.718	0.04296621112435071
5.719	0.042985086177407976
5.72	0.04300395294483886
5.721	0.043022811437543364
5.7219999999999995	0.04304166166640322
5.723	0.043060503642272104
5.724	0.04307933737598448
5.725	0.04309816287834588
5.726	0.04311698016014231
5.727	0.04313578923213483
5.728	0.04315459010506126
5.729	0.043173382789634646
5.73	0.043192167296546735
5.731	0.043210943636465084
5.732	0.04322971182003401
5.733	0.04324847185787628
5.734	0.04326722376058787
5.734999999999999	0.04328596753874563
5.736	0.04330470320290287
5.737	0.043323430763586024
5.7379999999999995	0.04334215023130631
5.739	0.043360861616544746
5.74	0.043379564929764115
5.741	0.04339826018140361
5.742	0.04341694738187863
5.743	0.04343562654158493
5.744	0.04345429767089429
5.745	0.04347296078015432
5.746	0.04349161587969324
5.747	0.043510262979817485
5.748	0.043528902090808744
5.7490000000000006	0.043547533222927565
5.75	0.043566156386415374
5.751	0.043584771591487034
5.752	0.04360337884833923
5.753	0.04362197816714449
5.754	0.043640569558056605
5.755	0.04365915303120402
5.756	0.04367772859669649
5.757	0.04369629626462141
5.758	0.0437148560450446
5.759	0.04373340794801042
5.76	0.04375195198354123
5.761	0.04377048816164074
5.7620000000000005	0.04378901649228755
5.763	0.043807536985442395
5.764	0.04382604965104451
5.765000000000001	0.04384455449901093
5.766	0.043863051539238515
5.767	0.043881540781602384
5.768	0.04390002223595836
5.769	0.04391849591214091
5.77	0.04393696181996389
5.771	0.04395541996921741
5.772	0.04397387036967689
5.773	0.04399231303109396
5.774	0.04401074796319855
5.775	0.04402917517570295
5.776	0.04404759467829884
5.777	0.04406600648065416
5.7780000000000005	0.04408441059242108
5.779	0.044102807023229766
5.78	0.04412119578268861
5.781	0.044139576880390066
5.782	0.04415795032590211
5.7829999999999995	0.044176316128776705
5.784	0.04419467429854197
5.785	0.04421302484471173
5.786	0.04423136777677351
5.787	0.044249703104199505
5.788	0.04426803083644289
5.789	0.044286350982932494
5.79	0.04430466355308336
5.791	0.04432296855628689
5.792	0.04434126600191742
5.793	0.04435955589932917
5.794	0.044377838257857335
5.795	0.04439611308681752
5.795999999999999	0.044414380395504306
5.797	0.0444326401931998
5.798	0.04445089248915793
5.7989999999999995	0.04446913729261957
5.8	0.04448737461280534
5.801	0.04450560445891668
5.802	0.04452382684013581
5.803	0.04454204176562776
5.804	0.04456024924453575
5.805	0.044578449285988496
5.806	0.044596641899092654
5.807	0.04461482709293699
5.808	0.044633004876593246
5.809	0.04465117525911436
5.81	0.044669338249530906
5.811	0.044687493856861944
5.811999999999999	0.04470564209010375
5.813	0.044723782958234794
5.814	0.04474191647021472
5.8149999999999995	0.044760042634987764
5.816	0.04477816146147775
5.817	0.0447962729585908
5.818	0.044814377135216694
5.819	0.04483247400022357
5.82	0.044850563562466424
5.821	0.04486864583077671
5.822	0.044886720813975475
5.823	0.04490478852085796
5.824	0.04492284896020802
5.825	0.044940902140788226
5.8260000000000005	0.04495894807134527
5.827	0.04497698676060796
5.828	0.04499501821728726
5.829	0.04501304245007749
5.83	0.04503105946765309
5.8309999999999995	0.04504906927867439
5.832	0.04506707189178209
5.833	0.04508506731560174
5.834	0.04510305555873962
5.835	0.0451210366297855
5.836	0.045139010537313354
5.837	0.04515697728987758
5.838	0.045174936896018765
5.839	0.04519288936425666
5.84	0.04521083470309698
5.841	0.04522877292102838
5.842	0.04524670402652122
5.843	0.0452646280280299
5.843999999999999	0.04528254493399223
5.845	0.045300454752828886
5.846	0.045318357492946035
5.8469999999999995	0.04533625316272784
5.848	0.04535414177054806
5.849	0.04537202332476042
5.85	0.045389897833703924
5.851	0.045407765305699635
5.852	0.04542562574905324
5.853	0.045443479172053394
5.854	0.045461325582973125
5.855	0.04547916499006928
5.856	0.04549699740158228
5.857	0.04551482282573555
5.858	0.04553264127073718
5.859	0.04555045274478058
5.86	0.04556825725603942
5.861	0.04558605481267711
5.862	0.04560384542283575
5.8629999999999995	0.045621629094642624
5.864	0.04563940583621142
5.865	0.04565717565563931
5.866	0.04567493856100617
5.867	0.04569269456037649
5.868	0.04571044366180136
5.869	0.045728185873314356
5.87	0.04574592120293294
5.871	0.04576364965866022
5.872	0.04578137124848236
5.873	0.045799085980373494
5.8740000000000006	0.04581679386228956
5.875	0.045834494902167955
5.876	0.045852189107938625
5.877	0.045869876487509606
5.878	0.04588755704877682
5.879	0.045905230799620944
5.88	0.04592289774790366
5.881	0.04594055790147804
5.882	0.04595821126817743
5.883	0.04597585785581994
5.884	0.04599349767221224
5.885	0.046011130725141985
5.886	0.0460287570223845
5.8870000000000005	0.04604637657170086
5.888	0.04606398938083292
5.889	0.04608159545751301
5.89	0.04609919480945477
5.891	0.04611678744435977
5.8919999999999995	0.04613437336991434
5.893	0.04615195259378911
5.894	0.04616952512364055
5.895	0.04618709096711062
5.896	0.04620465013182635
5.897	0.04622220262540272
5.898	0.046239748455436366
5.899	0.04625728762951197
5.9	0.046274820155199084
5.901	0.04629234604005384
5.902	0.04630986529161648
5.9030000000000005	0.04632737791741565
5.904	0.0463448839249601
5.905	0.04636238332175308
5.906	0.04637987611527488
5.907	0.04639736231299801
5.9079999999999995	0.04641484192237865
5.909	0.04643231495085687
5.91	0.04644978140586253
5.911	0.04646724129480973
5.912	0.046484694625097606
5.913	0.04650214140411324
5.914	0.046519581639228286
5.915	0.04653701533780295
5.916	0.04655444250717969
5.917	0.04657186315469102
5.918	0.046589277287655266
5.9190000000000005	0.04660668491337421
5.92	0.0466240860391386
5.921	0.04664148067222557
5.922	0.046658868819896726
5.923	0.04667625048940268
5.9239999999999995	0.046693625687978184
5.925	0.04671099442284734
5.926	0.046728356701216466
5.927	0.04674571253028305
5.928	0.04676306191722927
5.929	0.046780404869223725
5.93	0.046797741393421396
5.931	0.04681507149696574
5.932	0.04683239518698464
5.933	0.04684971247059629
5.934	0.04686702335489979
5.9350000000000005	0.04688432784698874
5.936	0.046901625953936175
5.937	0.04691891768280983
5.938	0.046936203040657376
5.939	0.04695348203451548
5.9399999999999995	0.046970754671411645
5.941	0.0469880209583551
5.942	0.04700528090234654
5.943	0.047022534510371375
5.944	0.04703978178940094
5.945	0.04705702274639702
5.946	0.047074257388308165
5.947	0.047091485722069386
5.948	0.04710870775460055
5.949	0.04712592349281384
5.95	0.047143132943604255
5.9510000000000005	0.0471603361138565
5.952	0.04717753301044359
5.953	0.047194723640223285
5.954	0.04721190801004374
5.955	0.047229086126738054
5.9559999999999995	0.047246257997129
5.957	0.04726342362802656
5.958	0.047280583026225384
5.959	0.04729773619851249
5.96	0.047314883151660735
5.961	0.04733202389242833
5.962	0.04734915842756537
5.963	0.04736628676380657
5.964	0.04738340890787568
5.965	0.047400524866483926
5.966	0.04741763464633173
5.9670000000000005	0.04743473825410452
5.968	0.047451835696478775
5.969	0.04746892698011799
5.97	0.047486012111670944
5.971	0.04750309109778037
5.9719999999999995	0.04752016394507215
5.973	0.04753723066016101
5.974	0.047554291249650354
5.975	0.047571345720132496
5.976	0.04758839407818814
5.977	0.04760543633038231
5.978	0.04762247248327539
5.979	0.047639502543409845
5.98	0.04765652651731805
5.981	0.047673544411521156
5.982	0.04769055623253019
5.9830000000000005	0.047707561986842534
5.984	0.04772456168094373
5.985	0.047741555321310004
5.986	0.0477585429144036
5.987	0.047775524466677
5.9879999999999995	0.04779249998457046
5.989	0.047809469474511264
5.99	0.047826432942919925
5.991	0.047843390396200905
5.992	0.04786034184074821
5.993	0.047877287282946684
5.994	0.047894226729168855
5.995	0.04791116018577398
5.996	0.04792808765911303
5.997	0.04794500915552345
5.998	0.04796192468133318
5.9990000000000006	0.04797883424285831
6.	0.047995737846403486
6.001	0.04801263549826171
6.002	0.048029527204718786
6.003	0.048046412972043887
6.004	0.04806329280649793
6.005	0.048080166714330914
6.006	0.04809703470178201
6.007	0.048113896775080524
6.008	0.04813075294043901
6.009	0.04814760320406829
6.01	0.04816444757216069
6.011	0.048181286050900746
6.0120000000000005	0.04819811864646345
6.013	0.0482149453650094
6.014	0.04823176621269186
6.015000000000001	0.0482485811956536
6.016	0.04826539032002387
6.017	0.04828219359192115
6.018	0.048298991017456654
6.019	0.04831578260272909
6.02	0.04833256835382419
6.021	0.04834934827682219
6.022	0.04836612237778776
6.023	0.04838289066278003
6.024	0.048399653137843
6.025	0.048416409809012
6.026	0.04843316068231175
6.027	0.04844990576375823
6.0280000000000005	0.04846664505935478
6.029	0.04848337857509537
6.03	0.048500106316962915
6.031000000000001	0.04851682829093204
6.032	0.04853354450296382
6.033	0.04855025495901293
6.034	0.04856695966501902
6.035	0.04858365862691673
6.036	0.04860035185062631
6.037	0.04861703934206128
6.038	0.04863372110712127
6.039	0.04865039715169953
6.04	0.04866706748167664
6.041	0.04868373210292292
6.042	0.04870039102130147
6.043	0.0487170442426637
6.044	0.048733691772848385
6.045	0.04875033361769052
6.045999999999999	0.04876696978300864
6.047	0.04878360027461358
6.048	0.04880022509830948
6.0489999999999995	0.04881684425988695
6.05	0.048833457765125564
6.051	0.04885006561980158
6.052	0.04886666782967434
6.053	0.04888326440049594
6.054	0.048899855338009605
6.055	0.04891644064794838
6.056	0.04893302033603427
6.057	0.04894959440798368
6.058	0.048966162869497405
6.059	0.048982725726270014
6.06	0.048999282983986044
6.061	0.04901583464832123
6.061999999999999	0.04903238072494025
6.063	0.04904892121949879
6.064	0.049065456137643224
6.0649999999999995	0.04908198548501112
6.066	0.04909850926722835
6.067	0.04911502748991318
6.068	0.049131540158672694
6.069	0.04914804727910807
6.07	0.04916454885680703
6.071	0.04918104489735031
6.072	0.049197535406309084
6.073	0.0492140203892426
6.074	0.04923049985170694
6.075	0.049246973799240146
6.076	0.0492634422373779
6.077	0.049279905171646626
6.077999999999999	0.049296362607558146
6.079	0.0493128145506195
6.08	0.04932926100632739