-1.4999999999999998	1.831970214129888
-1.4989999999999999	1.8313594433006373
-1.4979999999999998	1.8307484686990212
-1.4969999999999999	1.830137290120876
-1.4959999999999998	1.829525907361809
-1.4949999999999999	1.8289143202170106
-1.4939999999999998	1.8283025284813823
-1.4929999999999999	1.8276905319494436
-1.4919999999999998	1.8270783304153533
-1.4909999999999999	1.8264659236730065
-1.4899999999999998	1.8258533115158662
-1.4889999999999999	1.8252404937370685
-1.4879999999999998	1.8246274701294973
-1.4869999999999999	1.8240142404855257
-1.4859999999999998	1.8234008045972847
-1.4849999999999999	1.8227871622565317
-1.4839999999999998	1.8221733132546425
-1.4829999999999999	1.8215592573827206
-1.4819999999999998	1.8209449944314562
-1.4809999999999999	1.8203305241912142
-1.4799999999999998	1.8197158464519474
-1.4789999999999999	1.8191009610033178
-1.4779999999999998	1.8184858676346096
-1.4769999999999999	1.8178705661347094
-1.4759999999999998	1.8172550562922398
-1.4749999999999999	1.816639337895395
-1.4739999999999998	1.8160234107320272
-1.4729999999999999	1.815407274589624
-1.4719999999999998	1.8147909292553226
-1.4709999999999999	1.8141743745159147
-1.4699999999999998	1.8135576101578095
-1.4689999999999999	1.8129406359669975
-1.4679999999999997	1.8123234517291842
-1.4669999999999999	1.8117060572297132
-1.4659999999999997	1.8110884522535022
-1.4649999999999999	1.8104706365851555
-1.4639999999999997	1.8098526100088588
-1.4629999999999999	1.8092343723085103
-1.4619999999999997	1.8086159232675294
-1.4609999999999999	1.8079972626690468
-1.4599999999999997	1.8073783902957876
-1.4589999999999999	1.8067593059301394
-1.4579999999999997	1.8061400093540476
-1.4569999999999999	1.8055205003491956
-1.456	1.8049007786967808
-1.455	1.8042808441776108
-1.454	1.8036606965722808
-1.453	1.8030403356608284
-1.452	1.8024197612230828
-1.451	1.801798973038297
-1.45	1.8011779708854367
-1.449	1.800556754543186
-1.448	1.799935323789689
-1.447	1.7993136784027566
-1.446	1.798691818159904
-1.445	1.798069742838093
-1.444	1.797447452214092
-1.443	1.7968249460640988
-1.442	1.7962022241641034
-1.441	1.795579286289547
-1.44	1.794956132215534
-1.439	1.7943327617168585
-1.438	1.7937091745678158
-1.437	1.793085370542343
-1.436	1.792461349414027
-1.435	1.791837110956038
-1.434	1.791212654941018
-1.433	1.7905879811414747
-1.432	1.7899630893292808
-1.431	1.7893379792760873
-1.43	1.7887126507530118
-1.429	1.7880871035308288
-1.428	1.7874613373799093
-1.427	1.7868353520702698
-1.426	1.7862091473713775
-1.425	1.7855827230524206
-1.424	1.78495607888225
-1.423	1.784329214629063
-1.422	1.783702130060933
-1.421	1.7830748249453496
-1.42	1.782447299049375
-1.419	1.7818195521398668
-1.418	1.7811915839829582
-1.417	1.7805633943446293
-1.416	1.7799349829903566
-1.415	1.7793063496851655
-1.414	1.7786774941937646
-1.413	1.7780484162803325
-1.412	1.7774191157087693
-1.411	1.7767895922423422
-1.41	1.7761598456441214
-1.409	1.775529875676587
-1.408	1.7748996821019836
-1.407	1.774269264681934
-1.406	1.773638623177747
-1.405	1.7730077573502825
-1.404	1.772376666960009
-1.403	1.7717453517669586
-1.402	1.771113811530627
-1.401	1.7704820460102548
-1.4	1.7698500549645069
-1.399	1.7692178381517216
-1.398	1.7685853953297517
-1.397	1.7679527262560177
-1.396	1.7673198306875375
-1.395	1.7666867083807853
-1.394	1.7660533590920025
-1.393	1.7654197825768665
-1.392	1.7647859785904976
-1.391	1.7641519468878293
-1.39	1.76351768722316
-1.389	1.7628831993504492
-1.388	1.7622484830232037
-1.387	1.761613537994383
-1.386	1.7609783640166552
-1.385	1.760342960842096
-1.384	1.75970732822248
-1.383	1.7590714659089914
-1.382	1.7584353736524874
-1.381	1.7577990512032569
-1.38	1.757162498311216
-1.379	1.7565257147258588
-1.378	1.7558887001961134
-1.377	1.7552514544705626
-1.376	1.7546139772972356
-1.375	1.7539762684237434
-1.3739999999999999	1.7533383275973398
-1.373	1.7527001545645478
-1.3719999999999999	1.752061749071798
-1.371	1.7514231108647917
-1.3699999999999999	1.7507842396887718
-1.369	1.7501451352886912
-1.3679999999999999	1.7495057974088974
-1.367	1.7488662257932694
-1.3659999999999999	1.7482264201852837
-1.365	1.7475863803279486
-1.3639999999999999	1.74694610596367
-1.363	1.746305596834583
-1.3619999999999999	1.745664852682168
-1.361	1.7450238732475496
-1.3599999999999999	1.7443826582713273
-1.359	1.7437412074936844
-1.3579999999999999	1.7430995206541922
-1.357	1.742457597492055
-1.3559999999999999	1.7418154377459782
-1.355	1.7411730411541866
-1.3539999999999999	1.7405304074543897
-1.353	1.7398875363837778
-1.3519999999999999	1.7392444276792123
-1.351	1.7386010810769075
-1.3499999999999999	1.7379574963126683
-1.349	1.73731367312173
-1.3479999999999999	1.7366696112389546
-1.347	1.7360253103986958
-1.3459999999999999	1.7353807703346467
-1.345	1.7347359907802071
-1.3439999999999999	1.7340909714681991
-1.343	1.733445712130974
-1.3419999999999999	1.7328002125002824
-1.341	1.7321544723075568
-1.3399999999999999	1.731508491283585
-1.339	1.7308622691586855
-1.3379999999999999	1.730215805662665
-1.337	1.7295691005248848
-1.3359999999999999	1.7289221534741404
-1.335	1.7282749642387694
-1.3339999999999999	1.7276275325465311
-1.333	1.7269798581246587
-1.3319999999999999	1.7263319407000939
-1.331	1.7256837799988975
-1.3299999999999998	1.7250353757469459
-1.329	1.7243867276694849
-1.3279999999999998	1.7237378354910817
-1.327	1.7230886989361012
-1.3259999999999998	1.7224393177281467
-1.325	1.7217896915903752
-1.3239999999999998	1.7211398202454227
-1.323	1.720489703415394
-1.3219999999999998	1.7198393408218524
-1.321	1.7191887321858956
-1.3199999999999998	1.718537877228062
-1.319	1.717886775668306
-1.3179999999999998	1.7172354272261188
-1.317	1.716583831620433
-1.3159999999999998	1.715931988569643
-1.315	1.7152798977916386
-1.3139999999999998	1.7146275590037368
-1.313	1.7139749719227144
-1.3119999999999998	1.7133221362648596
-1.311	1.7126690517458274
-1.3099999999999998	1.7120157180808422
-1.309	1.711362134984547
-1.3079999999999998	1.710708302170947
-1.307	1.7100542193536319
-1.3059999999999998	1.709399886245571
-1.305	1.7087453025592396
-1.3039999999999998	1.7080904680064828
-1.303	1.7074353822985553
-1.302	1.706780045146419
-1.301	1.706124456260125
-1.3	1.705468615349464
-1.299	1.7048125221234829
-1.298	1.704156176290738
-1.297	1.7034995775591881
-1.296	1.7028427256363003
-1.295	1.7021856202289132
-1.294	1.7015282610433176
-1.293	1.7008706477852567
-1.292	1.7002127801598619
-1.291	1.69955465787174
-1.29	1.6988962806249006
-1.289	1.698237648122748
-1.288	1.6975787600681602
-1.287	1.6969196161634947
-1.286	1.6962602161103613
-1.285	1.6956005596099144
-1.284	1.6949406463626622
-1.283	1.6942804760686916
-1.282	1.6936200484272763
-1.281	1.6929593631372306
-1.28	1.692298419896771
-1.279	1.6916372184034671
-1.2779999999999998	1.6909757583544722
-1.277	1.690314039446029
-1.2759999999999998	1.6896520613740849
-1.275	1.6889898238338579
-1.2739999999999998	1.6883273265200018
-1.273	1.6876645691265222
-1.2719999999999998	1.6870015513468877
-1.271	1.6863382728739225
-1.2699999999999998	1.6856747333998814
-1.269	1.6850109326163698
-1.2679999999999998	1.6843468702144078
-1.267	1.6836825458844125
-1.2659999999999998	1.6830179593161791
-1.265	1.6823531101988736
-1.2639999999999998	1.6816879982211084
-1.263	1.681022623070858
-1.2619999999999998	1.68035698443535
-1.261	1.6796910820014102
-1.2599999999999998	1.6790249154550958
-1.259	1.6783584844818853
-1.2579999999999998	1.677691788766595
-1.257	1.6770248279935156
-1.256	1.6763576018461637
-1.255	1.6756901100075428
-1.254	1.6750223521600023
-1.253	1.6743543279852373
-1.252	1.6736860371642432
-1.251	1.673017479377519
-1.25	1.67234865430486
-1.2489999999999999	1.671679561625334
-1.248	1.6710102010174959
-1.2469999999999999	1.6703405721591895
-1.246	1.669670674727665
-1.2449999999999999	1.6690005083994592
-1.244	1.6683300728505088
-1.2429999999999999	1.6676593677560083
-1.242	1.66698839279067
-1.2409999999999999	1.6663171476283667
-1.24	1.6656456319424375
-1.2389999999999999	1.6649738454055216
-1.238	1.6643017876895787
-1.2369999999999999	1.6636294584659483
-1.236	1.662956857405246
-1.2349999999999999	1.6622839841775143
-1.234	1.661610838451984
-1.2329999999999999	1.6609374198974138
-1.2319999999999998	1.6602637281816914
-1.2309999999999999	1.6595897629721479
-1.2299999999999998	1.6589155239353708
-1.2289999999999999	1.658241010737392
-1.2279999999999998	1.6575662230433788
-1.2269999999999999	1.6568911605179693
-1.2259999999999998	1.6562158228250912
-1.2249999999999999	1.6555402096279002
-1.2239999999999998	1.654864320588934
-1.2229999999999999	1.6541881553700983
-1.2219999999999998	1.6535117136324455
-1.2209999999999999	1.6528349950364707
-1.2199999999999998	1.6521579992419604
-1.2189999999999999	1.65148072590792
-1.2179999999999997	1.650803174692759
-1.2169999999999999	1.6501253452541287
-1.2159999999999997	1.649447237248947
-1.2149999999999999	1.64876885033348
-1.2139999999999997	1.648090184163325
-1.2129999999999999	1.6474112383932622
-1.2119999999999997	1.6467320126773761
-1.2109999999999999	1.6460525066691516
-1.21	1.6453727200212578
-1.2089999999999999	1.6446926523856615
-1.208	1.6440123034135532
-1.2069999999999999	1.643331672755575
-1.206	1.6426507600615015
-1.2049999999999998	1.6419695649803874
-1.204	1.6412880871605877
-1.2029999999999998	1.6406063262497401
-1.202	1.6399242818947033
-1.2009999999999998	1.6392419537416811
-1.2	1.6385593414360795
-1.1989999999999998	1.637876444622516
-1.198	1.637193262945
-1.1969999999999998	1.6365097960467205
-1.196	1.6358260435701224
-1.1949999999999998	1.6351420051568553
-1.194	1.6344576804479471
-1.1929999999999998	1.6337730690835375
-1.192	1.6330881707031266
-1.1909999999999998	1.6324029849453692
-1.19	1.6317175114482056
-1.1889999999999998	1.6310317498487539
-1.188	1.6303456997835024
-1.187	1.6296593608880248
-1.186	1.6289727327972512
-1.185	1.6282858151452522
-1.184	1.6275986075653737
-1.183	1.6269111096901316
-1.182	1.6262233211513508
-1.181	1.62553524158
-1.18	1.624846870606335
-1.179	1.6241582078597179
-1.178	1.6234692529688808
-1.177	1.6227800055616264
-1.176	1.6220904652650845
-1.175	1.6214006317054535
-1.174	1.6207105045082617
-1.173	1.6200200832982075
-1.172	1.619329367699126
-1.171	1.6186383573341139
-1.17	1.6179470518254686
-1.169	1.6172554507945849
-1.168	1.6165635538622416
-1.167	1.6158713606482058
-1.166	1.6151788707715111
-1.165	1.61448608385036
-1.164	1.6137929995021958
-1.1629999999999998	1.6130996173435466
-1.162	1.6124059369901502
-1.1609999999999998	1.6117119580569943
-1.16	1.6110176801580742
-1.1589999999999998	1.610323102906741
-1.158	1.60962822591532
-1.1569999999999998	1.6089330487954683
-1.156	1.608237571157917
-1.1549999999999998	1.607541792612597
-1.154	1.6068457127685232
-1.1529999999999998	1.606149331233913
-1.152	1.6054526476161393
-1.1509999999999998	1.6047556615217171
-1.15	1.6040583725562696
-1.1489999999999998	1.6033607803246637
-1.148	1.6026628844307795
-1.1469999999999998	1.6019646844776954
-1.146	1.6012661800676498
-1.1449999999999998	1.6005673708019441
-1.144	1.599868256281094
-1.1429999999999998	1.599168836104616
-1.142	1.5984691098713384
-1.141	1.5977690771790014
-1.14	1.597068737624646
-1.139	1.596368090804276
-1.138	1.5956671363131727
-1.137	1.5949658737455403
-1.136	1.594264302694805
-1.135	1.5935624227535106
-1.134	1.5928602335132458
-1.133	1.5921577345647282
-1.132	1.591454925497812
-1.131	1.5907518059012946
-1.13	1.590048375363262
-1.129	1.5893446334707524
-1.128	1.5886405798099703
-1.127	1.5879362139661037
-1.126	1.5872315355234965
-1.125	1.586526544065626
-1.1239999999999999	1.5858212391748747
-1.123	1.585115620432848
-1.1219999999999999	1.5844096874201343
-1.121	1.583703439716486
-1.1199999999999999	1.5829968769005696
-1.119	1.58228999855018
-1.1179999999999999	1.5815828042422186
-1.1169999999999998	1.580875293552615
-1.1159999999999999	1.5801674660563148
-1.1149999999999998	1.5794593213273176
-1.1139999999999999	1.578750858938691
-1.1129999999999998	1.5780420784625127
-1.1119999999999999	1.5773329794699464
-1.1109999999999998	1.5766235615311348
-1.1099999999999999	1.5759138242153208
-1.1089999999999998	1.5752037670907089
-1.1079999999999999	1.5744933897245725
-1.1069999999999998	1.5737826916831652
-1.1059999999999999	1.573071672531833
-1.1049999999999998	1.5723603318348605
-1.1039999999999999	1.5716486691556046
-1.1029999999999998	1.5709366840563772
-1.1019999999999999	1.5702243760985382
-1.1009999999999998	1.5695117448424234
-1.0999999999999999	1.568798789847526
-1.0989999999999998	1.568085510672013
-1.0979999999999999	1.5673719068733585
-1.0969999999999998	1.5666579780078236
-1.0959999999999999	1.5659437236307403
-1.095	1.5652291432965335
-1.0939999999999999	1.5645142365584006
-1.093	1.5637990029686528
-1.0919999999999999	1.5630834420785096
-1.091	1.5623675534382477
-1.0899999999999999	1.5616513365969902
-1.089	1.5609347911029259
-1.0879999999999999	1.5602179165031684
-1.087	1.5595007123438884
-1.0859999999999999	1.558783178169982
-1.085	1.558065313525483
-1.0839999999999999	1.557347117953374
-1.083	1.5566285909954594
-1.0819999999999999	1.5559097321926314
-1.081	1.5551905410845863
-1.0799999999999998	1.5544710172100686
-1.079	1.5537511601067093
-1.0779999999999998	1.5530309693110367
-1.077	1.552310444358504
-1.0759999999999998	1.5515895847835748
-1.075	1.5508683901195524
-1.0739999999999998	1.5501468598986585
-1.073	1.5494249936519917
-1.072	1.548702790909676
-1.071	1.5479802512006617
-1.07	1.5472573740527364
-1.069	1.546534158992741
-1.068	1.54581060554626
-1.067	1.5450867132378472
-1.066	1.544362481590872
-1.065	1.5436379101277382
-1.064	1.542912998369492
-1.063	1.5421877458363091
-1.062	1.5414621520470106
-1.061	1.5407362165194347
-1.06	1.5400099387702593
-1.059	1.5392833183149621
-1.058	1.5385563546679022
-1.057	1.5378290473422944
-1.056	1.5371013958503095
-1.055	1.5363733997027014
-1.054	1.535645058409292
-1.053	1.5349163714787042
-1.052	1.5341873384183506
-1.051	1.5334579587344197
-1.05	1.5327282319320448
-1.049	1.5319981575151165
-1.0479999999999998	1.5312677349863077
-1.047	1.5305369638472075
-1.0459999999999998	1.529805843598116
-1.045	1.529074373738209
-1.0439999999999998	1.5283425537653677
-1.043	1.5276103831763592
-1.0419999999999998	1.5268778614667073
-1.041	1.5261449881307487
-1.0399999999999998	1.5254117626616082
-1.039	1.5246781845511446
-1.0379999999999998	1.5239442532900012
-1.037	1.5232099683676876
-1.0359999999999998	1.5224753292723208
-1.035	1.521740335490914
-1.0339999999999998	1.5210049865092117
-1.033	1.5202692818116834
-1.0319999999999998	1.5195332208815346
-1.031	1.5187968032008101
-1.0299999999999998	1.5180600282501828
-1.029	1.5173228955091542
-1.0279999999999998	1.516585404455953
-1.027	1.5158475545673962
-1.026	1.5151093453192732
-1.025	1.514370776185873
-1.024	1.5136318466403875
-1.023	1.512892556154487
-1.022	1.512152904198774
-1.021	1.5114128902425283
-1.02	1.510672513753542
-1.019	1.5099317741985527
-1.018	1.5091906710427598
-1.017	1.508449203750227
-1.016	1.5077073717836558
-1.015	1.506965174604307
-1.014	1.5062226116722803
-1.013	1.5054796824462233
-1.012	1.504736386383527
-1.011	1.5039927229402013
-1.01	1.5032486915708718
-1.009	1.5025042917289249
-1.008	1.5017595228662364
-1.007	1.5010143844335373
-1.006	1.5002688758799423
-1.005	1.4995229966533727
-1.004	1.498776746200338
-1.003	1.4980301239659743
-1.002	1.4972831293938988
-1.001	1.4965357619265933
-1.	1.4957880210049157
-0.999	1.4950399060684665
-0.998	1.494291416555387
-0.997	1.4935425519023757
-0.996	1.492793311544824
-0.995	1.4920436949165656
-0.994	1.4912937014501577
-0.993	1.4905433305766262
-0.992	1.489792581725624
-0.991	1.489041454325272
-0.99	1.4882899478023501
-0.989	1.4875380615821496
-0.988	1.4867857950885315
-0.987	1.4860331477438293
-0.986	1.4852801189690157
-0.985	1.4845267081835165
-0.984	1.4837729148052663
-0.983	1.4830187382508568
-0.982	1.4822641779352066
-0.981	1.4815092332718596
-0.9800000000000001	1.4807539036728488
-0.9790000000000001	1.4799981885487206
-0.9780000000000001	1.479242087308465
-0.9770000000000001	1.478485599359546
-0.9760000000000001	1.4777287241080288
-0.9750000000000001	1.4769714609583655
-0.9740000000000001	1.4762138093134507
-0.9730000000000001	1.4754557685747327
-0.9720000000000001	1.4746973381420732
-0.9710000000000001	1.4739385174137323
-0.9700000000000001	1.4731793057865457
-0.9690000000000001	1.4724197026557162
-0.9680000000000001	1.4716597074149143
-0.9670000000000001	1.4708993194562086
-0.9660000000000001	1.4701385381700987
-0.9650000000000001	1.4693773629455502
-0.9640000000000001	1.4686157931698984
-0.9630000000000001	1.4678538282288818
-0.9620000000000001	1.4670914675067381
-0.9610000000000001	1.466328710385981
-0.9600000000000001	1.4655655562475594
-0.9590000000000001	1.4648020044708452
-0.9580000000000001	1.464038054433582
-0.957	1.4632737055118419
-0.956	1.4625089570800855
-0.955	1.4617438085111913
-0.954	1.4609782591763105
-0.953	1.4602123084449818
-0.952	1.459445955685159
-0.951	1.4586792002629907
-0.95	1.4579120415430675
-0.949	1.4571444788882846
-0.948	1.456376511659852
-0.947	1.455608139217257
-0.946	1.4548393609183723
-0.945	1.454070176119269
-0.944	1.4533005841744635
-0.943	1.4525305844366243
-0.942	1.4517601762567343
-0.941	1.4509893589840621
-0.94	1.4502181319662153
-0.939	1.4494464945489425
-0.938	1.448674446076341
-0.9369999999999999	1.4479019858907045
-0.9359999999999999	1.4471291133326218
-0.9349999999999999	1.4463558277409214
-0.934	1.445582128452518
-0.933	1.4448080148027782
-0.932	1.4440334861251376
-0.931	1.4432585417512844
-0.93	1.4424831810110914
-0.929	1.4417074032326611
-0.928	1.440931207742259
-0.927	1.440154593864323
-0.926	1.439377560921522
-0.925	1.4386001082346824
-0.924	1.4378222351227048
-0.923	1.4370439409028082
-0.922	1.4362652248901553
-0.921	1.435486086398264
-0.92	1.4347065247386155
-0.919	1.4339265392209235
-0.918	1.4331461291530123
-0.917	1.4323652938407614
-0.916	1.4315840325881768
-0.915	1.4308023446974205
-0.914	1.430020229468672
-0.913	1.4292376862002674
-0.912	1.4284547141885435
-0.911	1.4276713127279714
-0.91	1.4268874811110401
-0.909	1.4261032186283147
-0.908	1.4253185245684021
-0.907	1.424533398217986
-0.906	1.4237478388617015
-0.905	1.4229618457822781
-0.904	1.4221754182604225
-0.903	1.4213885555748942
-0.902	1.4206012570024236
-0.901	1.4198135218177694
-0.9	1.4190253492935576
-0.899	1.418236738700551
-0.898	1.4174476893074148
-0.897	1.4166582003807542
-0.896	1.4158682711851727
-0.895	1.4150779009831724
-0.894	1.414287089035242
-0.893	1.4134958345997684
-0.892	1.4127041369330928
-0.891	1.411911995289404
-0.89	1.4111194089209034
-0.889	1.4103263770775862
-0.888	1.4095328990074039
-0.887	1.4087389739561356
-0.886	1.4079446011675107
-0.885	1.4071497798830357
-0.884	1.4063545093421335
-0.883	1.4055587887820225
-0.882	1.404762617437826
-0.881	1.4039659945424923
-0.88	1.4031689193266872
-0.879	1.402371391019006
-0.878	1.4015734088457845
-0.877	1.4007749720312395
-0.876	1.399976079797251
-0.875	1.3991767313635597
-0.874	1.398376925947665
-0.873	1.3975766627648387
-0.872	1.3967759410279492
-0.871	1.3959747599479027
-0.87	1.3951731187330891
-0.869	1.3943710165897127
-0.868	1.3935684527217056
-0.867	1.3927654263307223
-0.866	1.3919619366159721
-0.8650000000000001	1.3911579827745222
-0.8640000000000001	1.3903535640010436
-0.8630000000000001	1.389548679487923
-0.8620000000000001	1.3887433284251052
-0.8610000000000001	1.3879375100003046
-0.8600000000000001	1.3871312233987407
-0.8590000000000001	1.3863244678033932
-0.8580000000000001	1.3855172423948403
-0.8570000000000001	1.3847095463511692
-0.8560000000000001	1.3839013788481684
-0.8550000000000001	1.3830927390591392
-0.8540000000000001	1.382283626155086
-0.8530000000000001	1.3814740393044687
-0.8520000000000001	1.3806639776733654
-0.8510000000000001	1.379853440425325
-0.8500000000000001	1.3790424267216321
-0.8490000000000001	1.3782309357208364
-0.8480000000000001	1.3774189665792205
-0.8470000000000001	1.3766065184504592
-0.8460000000000001	1.3757935904858167
-0.8450000000000001	1.3749801818339589
-0.8440000000000001	1.374166291641048
-0.8430000000000001	1.3733519190507932
-0.8420000000000001	1.3725370632043221
-0.8410000000000001	1.3717217232401406
-0.8400000000000001	1.3709058982942612
-0.8390000000000001	1.37008958750015
-0.8380000000000001	1.3692727899885917
-0.8370000000000001	1.368455504887854
-0.8360000000000001	1.3676377313235761
-0.8350000000000001	1.3668194684187993
-0.8340000000000001	1.366000715293896
-0.8330000000000001	1.3651814710666181
-0.8320000000000001	1.3643617348521184
-0.8310000000000001	1.3635415057628355
-0.8300000000000001	1.3627207829084618
-0.8290000000000001	1.3618995653962147
-0.8280000000000001	1.3610778523303744
-0.8270000000000001	1.3602556428126928
-0.8260000000000001	1.3594329359421495
-0.8250000000000001	1.358609730814952
-0.8240000000000001	1.357786026524635
-0.8230000000000001	1.3569618221619357
-0.8220000000000001	1.3561371168147953
-0.8210000000000001	1.3553119095685027
-0.8200000000000001	1.3544861995054724
-0.8190000000000001	1.35365998570525
-0.8180000000000001	1.352833267244723
-0.8170000000000001	1.352006043197872
-0.8160000000000001	1.3511783126358035
-0.8150000000000001	1.3503500746268324
-0.8140000000000001	1.349521328236432
-0.8130000000000001	1.3486920725271532
-0.812	1.3478623065586912
-0.811	1.3470320293878235
-0.81	1.3462012400684198
-0.809	1.3453699376514816
-0.808	1.3445381211850025
-0.807	1.3437057897140094
-0.806	1.3428729422806926
-0.805	1.3420395779241772
-0.804	1.3412056956805607
-0.803	1.3403712945830497
-0.802	1.339536373661766
-0.801	1.3387009319438212
-0.8	1.3378649684532908
-0.799	1.3370284822112188
-0.798	1.3361914722355672
-0.797	1.335353937541175
-0.796	1.3345158771398324
-0.795	1.3336772900402774
-0.794	1.3328381752480334
-0.793	1.3319985317655165
-0.792	1.3311583585920075
-0.791	1.33031765472366
-0.79	1.3294764191533464
-0.789	1.328634650870925
-0.788	1.3277923488628525
-0.787	1.326949512112497
-0.786	1.3261061395999343
-0.785	1.3252622303020463
-0.784	1.3244177831924362
-0.783	1.3235727972414013
-0.782	1.3227272714159277
-0.781	1.321881204679788
-0.78	1.3210345959933798
-0.779	1.3201874443137298
-0.778	1.3193397485946172
-0.777	1.3184915077863177
-0.776	1.317642720835859
-0.775	1.3167933866867707
-0.774	1.3159435042792718
-0.773	1.3150930725500598
-0.772	1.3142420904324614
-0.771	1.3133905568562594
-0.77	1.312538470747898
-0.769	1.311685831030186
-0.768	1.310832636622539
-0.767	1.3099788864407786
-0.766	1.3091245793972375
-0.765	1.308269714400715
-0.764	1.3074142903563342
-0.763	1.3065583061657302
-0.762	1.3057017607269286
-0.761	1.304844652934298
-0.76	1.3039869816785676
-0.759	1.3031287458468948
-0.758	1.3022699443226593
-0.757	1.3014105759856334
-0.756	1.300550639711841
-0.755	1.2996901343735998
-0.754	1.298829058839545
-0.753	1.2979674119744158
-0.752	1.297105192639364
-0.751	1.2962423996916035
-0.7500000000000001	1.2953790319845706
-0.7490000000000001	1.29451508836798
-0.7480000000000001	1.2936505676875565
-0.7470000000000001	1.2927854687852474
-0.7460000000000001	1.291919790499126
-0.7450000000000001	1.2910535316633205
-0.7440000000000001	1.2901866911080724
-0.7430000000000001	1.2893192676597067
-0.7420000000000001	1.2884512601405556
-0.7410000000000001	1.2875826673689894
-0.7400000000000001	1.2867134881594007
-0.7390000000000001	1.2858437213222105
-0.7380000000000001	1.2849733656637181
-0.7370000000000001	1.2841024199862674
-0.7360000000000001	1.2832308830880657
-0.7350000000000001	1.282358753763301
-0.7340000000000001	1.2814860308019762
-0.7330000000000001	1.280612712990071
-0.7320000000000001	1.2797387991093065
-0.7310000000000001	1.2788642879373278
-0.7300000000000001	1.277989178247522
-0.7290000000000001	1.2771134688091772
-0.7280000000000001	1.2762371583872705
-0.7270000000000001	1.275360245742552
-0.7260000000000001	1.2744827296315002
-0.7250000000000001	1.273604608806338
-0.7240000000000001	1.2727258820149392
-0.7230000000000001	1.2718465480008663
-0.7220000000000001	1.270966605503367
-0.7210000000000001	1.270086053257281
-0.7200000000000001	1.2692048899930597
-0.7190000000000001	1.2683231144367688
-0.7180000000000001	1.2674407253100133
-0.7170000000000001	1.266557721329913
-0.7160000000000001	1.2656741012092325
-0.7150000000000001	1.2647898636560684
-0.7140000000000001	1.2639050073741183
-0.7130000000000001	1.2630195310624912
-0.7120000000000001	1.2621334334157288
-0.7110000000000001	1.261246713123813
-0.7100000000000001	1.2603593688721133
-0.7090000000000001	1.2594713993412814
-0.7080000000000001	1.258582803207433
-0.7070000000000001	1.2576935791419563
-0.7060000000000001	1.2568037258114713
-0.7050000000000001	1.2559132418779726
-0.7040000000000001	1.2550221259986771
-0.7030000000000001	1.2541303768259973
-0.7020000000000001	1.2532379930075628
-0.7010000000000001	1.2523449731861906
-0.7000000000000001	1.2514513159998388
-0.6990000000000001	1.2505570200816183
-0.6980000000000001	1.2496620840597392
-0.6970000000000001	1.2487665065574634
-0.6960000000000001	1.2478702861931599
-0.6950000000000001	1.2469734215801804
-0.6940000000000001	1.2460759113269317
-0.6930000000000001	1.2451777540367648
-0.6920000000000001	1.2442789483079761
-0.6910000000000001	1.2433794927338604
-0.6900000000000001	1.2424793859025285
-0.6890000000000001	1.241578626397107
-0.6880000000000001	1.2406772127953738
-0.687	1.2397751436700912
-0.686	1.2388724175887857
-0.685	1.2379690331137534
-0.684	1.2370649888020067
-0.683	1.236160283205333
-0.682	1.2352549148701517
-0.681	1.2343488823376092
-0.68	1.2334421841434662
-0.679	1.2325348188180576
-0.678	1.2316267848863804
-0.677	1.2307180808679146
-0.676	1.229808705276706
-0.675	1.2288986566212579
-0.674	1.227987933404634
-0.673	1.2270765341242138
-0.672	1.2261644572718908
-0.671	1.2252517013338922
-0.67	1.224338264790816
-0.669	1.2234241461175792
-0.668	1.2225093437834207
-0.667	1.2215938562517565
-0.666	1.2206776819803797
-0.665	1.2197608194211638
-0.664	1.2188432670201885
-0.663	1.217925023217703
-0.662	1.2170060864480483
-0.661	1.2160864551396617
-0.66	1.2151661277150325
-0.659	1.2142451025906127
-0.658	1.213323378176895
-0.657	1.2124009528783752
-0.656	1.2114778250933376
-0.655	1.2105539932140275
-0.654	1.2096294556266087
-0.653	1.208704210710948
-0.652	1.2077782568407847
-0.651	1.2068515923835912
-0.65	1.2059242157005854
-0.649	1.2049961251466232
-0.648	1.20406731907028
-0.647	1.2031377958136533
-0.646	1.202207553712575
-0.645	1.2012765910963183
-0.644	1.2003449062876936
-0.643	1.1994124976029865
-0.642	1.198479363351977
-0.641	1.197545501837817
-0.64	1.1966109113570438
-0.639	1.195675590199504
-0.638	1.1947395366484104
-0.637	1.193802748980156
-0.636	1.192865225464433
-0.635	1.1919269643640793
-0.634	1.1909879639351266
-0.633	1.190048222426683
-0.632	1.1891077380809363
-0.631	1.18816650913314
-0.63	1.1872245338115377
-0.629	1.1862818103373258
-0.628	1.1853383369245958
-0.627	1.1843941117803949
-0.626	1.183449133104537
-0.625	1.182503399089675
-0.624	1.1815569079212203
-0.623	1.1806096577772873
-0.622	1.1796616468287098
-0.621	1.1787128732389232
-0.62	1.1777633351639731
-0.619	1.176813030752472
-0.618	1.1758619581455296
-0.617	1.1749101154767359
-0.616	1.173957500872094
-0.615	1.1730041124499997
-0.614	1.1720499483212194
-0.613	1.1710950065887622
-0.6120000000000001	1.1701392853479233
-0.6110000000000001	1.1691827826862362
-0.6100000000000001	1.1682254966833459
-0.6090000000000001	1.1672674254110302
-0.6080000000000001	1.1663085669331839
-0.6070000000000001	1.1653489193056417
-0.6060000000000001	1.1643884805763263
-0.6050000000000001	1.1634272487850523
-0.6040000000000001	1.1624652219634994
-0.6030000000000001	1.1615023981351706
-0.6020000000000001	1.1605387753154672
-0.6010000000000001	1.1595743515114452
-0.6000000000000001	1.1586091247218968
-0.5990000000000001	1.1576430929372588
-0.5980000000000001	1.156676254139539
-0.5970000000000001	1.1557086063023303
-0.5960000000000001	1.1547401473907635
-0.5950000000000001	1.1537708753613454
-0.5940000000000001	1.1528007881620874
-0.5930000000000001	1.1518298837322116
-0.5920000000000001	1.1508581600023593
-0.5910000000000001	1.1498856148943506
-0.5900000000000001	1.1489122463212542
-0.5890000000000001	1.1479380521872669
-0.5880000000000001	1.1469630303876854
-0.5870000000000001	1.145987178808791
-0.5860000000000001	1.145010495327935
-0.5850000000000001	1.1440329778133493
-0.5840000000000001	1.1430546241241486
-0.5830000000000001	1.1420754321102828
-0.5820000000000001	1.141095399612467
-0.5810000000000001	1.140114524462105
-0.5800000000000001	1.1391328044812814
-0.5790000000000001	1.1381502374826697
-0.5780000000000001	1.1371668212695079
-0.5770000000000001	1.1361825536354908
-0.5760000000000001	1.1351974323647926
-0.5750000000000001	1.1342114552318083
-0.5740000000000001	1.133224620001471
-0.5730000000000001	1.1322369244287516
-0.5720000000000001	1.131248366258971
-0.5710000000000001	1.1302589432274854
-0.5700000000000001	1.1292686530597742
-0.5690000000000001	1.1282774934712654
-0.5680000000000001	1.1272854621674078
-0.5670000000000001	1.1262925568435174
-0.5660000000000001	1.125298775184659
-0.5650000000000001	1.1243041148657988
-0.5640000000000001	1.1233085735514494
-0.5630000000000001	1.1223121488958698
-0.562	1.121314838542824
-0.561	1.1203166401256237
-0.56	1.1193175512669686
-0.559	1.1183175695789704
-0.558	1.1173166926630493
-0.557	1.1163149181098142
-0.556	1.1153122434990788
-0.555	1.1143086663997754
-0.554	1.1133041843698603
-0.553	1.1122987949562075
-0.552	1.1112924956946488
-0.551	1.1102852841097757
-0.55	1.1092771577150025
-0.549	1.1082681140123554
-0.548	1.1072581504925358
-0.547	1.106247264634728
-0.546	1.1052354539065792
-0.545	1.104222715764138
-0.544	1.1032090476518046
-0.543	1.1021944470021507
-0.542	1.1011789112359147
-0.541	1.1001624377619916
-0.54	1.0991450239772127
-0.539	1.0981266672663443
-0.538	1.0971073650020329
-0.537	1.096087114544689
-0.536	1.0950659132424094
-0.535	1.094043758430923
-0.534	1.0930206474334303
-0.533	1.0919965775606304
-0.532	1.090971546110606
-0.531	1.0899455503686408
-0.53	1.088918587607364
-0.529	1.0878906550863068
-0.528	1.0868617500522393
-0.527	1.085831869738751
-0.526	1.0848010113662985
-0.525	1.0837691721421698
-0.524	1.082736349260256
-0.523	1.081702539901078
-0.522	1.0806677412316574
-0.521	1.0796319504053942
-0.52	1.078595164562076
-0.519	1.0775573808276113
-0.518	1.0765185963141866
-0.517	1.0754788081198585
-0.516	1.0744380133287577
-0.515	1.0733962090107891
-0.514	1.072353392221669
-0.513	1.0713095600027231
-0.512	1.0702647093808428
-0.511	1.0692188373684204
-0.51	1.068171940963117
-0.509	1.0671240171479504
-0.508	1.0660750628910158
-0.507	1.065025075145533
-0.506	1.063974050849598
-0.505	1.0629219869261979
-0.504	1.0618688802830647
-0.503	1.060814727812567
-0.502	1.059759526391543
-0.501	1.0587032728813313
-0.5	1.0576459641275389
-0.499	1.0565875969599388
-0.498	1.0555281681924884
-0.4970000000000001	1.0544676746230226
-0.4960000000000001	1.053406113033288
-0.4950000000000001	1.052343480188796
-0.4940000000000001	1.0512797728386527
-0.4930000000000001	1.050214987715507
-0.4920000000000001	1.0491491215353992
-0.4910000000000001	1.048082170997665
-0.4900000000000001	1.0470141327847875
-0.4890000000000001	1.0459450035623303
-0.4880000000000001	1.044874779978695
-0.4870000000000001	1.0438034586651712
-0.4860000000000001	1.042731036235699
-0.4850000000000001	1.0416575092867464
-0.4840000000000001	1.0405828743971806
-0.4830000000000001	1.039507128128225
-0.4820000000000001	1.0384302670232846
-0.4810000000000001	1.0373522876076715
-0.4800000000000001	1.0362731863887746
-0.4790000000000001	1.0351929598556444
-0.4780000000000001	1.0341116044790113
-0.4770000000000001	1.033029116711092
-0.4760000000000001	1.0319454929854737
-0.4750000000000001	1.0308607297170578
-0.4740000000000001	1.0297748233016975
-0.4730000000000001	1.0286877701163277
-0.4720000000000001	1.027599566518597
-0.4710000000000001	1.0265102088468852
-0.4700000000000001	1.0254196934200939
-0.4690000000000001	1.0243280165375046
-0.4680000000000001	1.0232351744785955
-0.4670000000000001	1.0221411635029751
-0.4660000000000001	1.0210459798501703
-0.4650000000000001	1.0199496197394897
-0.4640000000000001	1.0188520793699016
-0.4630000000000001	1.0177533549197975
-0.4620000000000001	1.0166534425469538
-0.4610000000000001	1.0155523383882985
-0.4600000000000001	1.0144500385597024
-0.4590000000000001	1.013346539155995
-0.4580000000000001	1.0122418362505907
-0.4570000000000001	1.0111359258954908
-0.45600000000000007	1.010028804121056
-0.45500000000000007	1.0089204669357754
-0.45400000000000007	1.007810910326199
-0.45300000000000007	1.0067001302567795
-0.45200000000000007	1.00558812266956
-0.45100000000000007	1.004474883484163
-0.45000000000000007	1.0033604085974985
-0.44900000000000007	1.0022446938836511
-0.44800000000000006	1.0011277351937415
-0.44700000000000006	1.0000095283555253
-0.44600000000000006	0.9988900691735546
-0.44500000000000006	0.9977693534287269
-0.44400000000000006	0.9966473768782004
-0.44300000000000006	0.9955241352551821
-0.44200000000000006	0.9943996242687504
-0.44100000000000006	0.9932738396036686
-0.44000000000000006	0.9921467769202028
-0.43900000000000006	0.9910184318538109
-0.43800000000000006	0.9898888000151905
-0.43700000000000006	0.9887578769898153
-0.43600000000000005	0.9876256583378867
-0.43500000000000005	0.9864921395941147
-0.43400000000000005	0.9853573162674197
-0.43300000000000005	0.9842211838408592
-0.43200000000000005	0.9830837377713478
-0.43100000000000005	0.9819449734893883
-0.43000000000000005	0.9808048863990074
-0.42900000000000005	0.9796634718773787
-0.42800000000000005	0.9785207252746947
-0.42700000000000005	0.9773766419139376
-0.42600000000000005	0.9762312170906382
-0.42500000000000004	0.9750844460726256
-0.42400000000000004	0.9739363240998644
-0.42300000000000004	0.9727868463842126
-0.42200000000000004	0.9716360081090353
-0.42100000000000004	0.9704838044292673
-0.42000000000000004	0.9693302304708636
-0.41900000000000004	0.968175281330791
-0.41800000000000004	0.9670189520766245
-0.41700000000000004	0.9658612377464
-0.41600000000000004	0.964702133348359
-0.41500000000000004	0.9635416338606007
-0.41400000000000003	0.9623797342309752
-0.41300000000000003	0.9612164293766841
-0.41200000000000003	0.9600517141841044
-0.41100000000000003	0.95888558350858
-0.41000000000000003	0.9577180321739581
-0.40900000000000003	0.956549054972524
-0.40800000000000003	0.9553786466646571
-0.40700000000000003	0.9542068019784776
-0.406	0.9530335156097498
-0.405	0.9518587822213853
-0.404	0.9506825964433324
-0.403	0.9495049528722044
-0.402	0.9483258460710317
-0.401	0.9471452705688983
-0.4	0.9459632208607203
-0.399	0.9447796914069202
-0.398	0.9435946766331219
-0.397	0.942408170929789
-0.396	0.9412201686520707
-0.395	0.9400306641193068
-0.394	0.9388396516147559
-0.393	0.9376471253854369
-0.392	0.9364530796415442
-0.391	0.9352575085563074
-0.39	0.9340604062655834
-0.389	0.9328617668675339
-0.388	0.9316615844223058
-0.387	0.9304598529516337
-0.386	0.9292565664385678
-0.385	0.9280517188270633
-0.384	0.926845304021599
-0.383	0.9256373158869424
-0.382	0.9244277482476357
-0.381	0.923216594887693
-0.38	0.9220038495502438
-0.379	0.9207895059371584
-0.378	0.9195735577085669
-0.377	0.9183559984826465
-0.376	0.9171368218350548
-0.375	0.9159160212986703
-0.374	0.9146935903630693
-0.373	0.9134695224742285
-0.372	0.9122438110340466
-0.371	0.9110164493999493
-0.37	0.9097874308844628
-0.369	0.9085567487548046
-0.368	0.9073243962324254
-0.367	0.9060903664925898
-0.366	0.9048546526639554
-0.365	0.9036172478280768
-0.364	0.9023781450189589
-0.363	0.9011373372226423
-0.362	0.8998948173767249
-0.361	0.8986505783698524
-0.36	0.8974046130412611
-0.359	0.8961569141803158
-0.358	0.8949074745260545
-0.357	0.8936562867665382
-0.356	0.8924033435385742
-0.355	0.891148637427031
-0.354	0.889892160964417
-0.353	0.8886339066303144
-0.352	0.8873738668508737
-0.351	0.886112033998286
-0.35	0.8848484003902596
-0.349	0.8835829582893331
-0.348	0.882315699902619
-0.347	0.8810466173808906
-0.346	0.8797757028182762
-0.345	0.8785029482515374
-0.344	0.8772283456595769
-0.34299999999999997	0.8759518869628011
-0.34199999999999997	0.8746735640224802
-0.34099999999999997	0.873393368640202
-0.33999999999999997	0.8721112925572712
-0.33899999999999997	0.8708273274540468
-0.33799999999999997	0.8695414649492869
-0.33699999999999997	0.8682536965995741
-0.3360000000000001	0.8669640138985896
-0.3350000000000001	0.8656724082765438
-0.3340000000000001	0.8643788710994432
-0.3330000000000001	0.8630833936684454
-0.3320000000000001	0.861785967219116
-0.33100000000000007	0.860486582920854
-0.33000000000000007	0.859185231876087
-0.32900000000000007	0.857881905119588
-0.32800000000000007	0.856576593617743
-0.32700000000000007	0.8552692882678297
-0.32600000000000007	0.8539599798972846
-0.32500000000000007	0.852648659262953
-0.32400000000000007	0.8513353170502628
-0.32300000000000006	0.8500199438725309
-0.32200000000000006	0.8487025302701268
-0.32100000000000006	0.8473830667097074
-0.32000000000000006	0.846061543583386
-0.31900000000000006	0.8447379512079279
-0.31800000000000006	0.8434122798239031
-0.31700000000000006	0.8420845195948437
-0.31600000000000006	0.8407546606064418
-0.31500000000000006	0.8394226928656133
-0.31400000000000006	0.8380886062996136
-0.31300000000000006	0.836752390755258
-0.31200000000000006	0.8354140359978633
-0.31100000000000005	0.8340735317104281
-0.31000000000000005	0.8327308674926704
-0.30900000000000005	0.831386032860126
-0.30800000000000005	0.8300390172431075
-0.30700000000000005	0.82868980998579
-0.30600000000000005	0.8273384003452044
-0.30500000000000005	0.8259847774902633
-0.30400000000000005	0.8246289305006876
-0.30300000000000005	0.8232708483660641
-0.30200000000000005	0.8219105199846958
-0.30100000000000005	0.82054793416256
-0.30000000000000004	0.8191830796123448
-0.29900000000000004	0.817815944952185
-0.29800000000000004	0.8164465187046942
-0.29700000000000004	0.8150747892957074
-0.29600000000000004	0.8137007450532229
-0.29500000000000004	0.8123243742062384
-0.29400000000000004	0.8109456648835545
-0.29300000000000004	0.8095646051124861
-0.29200000000000004	0.8081811828178234
-0.29100000000000004	0.8067953858204441
-0.29000000000000004	0.80540720183612
-0.28900000000000003	0.8040166184742269
-0.28800000000000003	0.8026236232364679
-0.28700000000000003	0.8012282035154967
-0.28600000000000003	0.7998303465936992
-0.28500000000000003	0.7984300396417238
-0.28400000000000003	0.7970272697170999
-0.28300000000000003	0.7956220237629273
-0.28200000000000003	0.7942142886063901
-0.281	0.7928040509572972
-0.28	0.7913912974066888
-0.279	0.789976014425223
-0.278	0.7885581883617143
-0.277	0.7871378054416643
-0.276	0.7857148517655729
-0.275	0.7842893133074346
-0.274	0.7828611759130282
-0.273	0.781430425298336
-0.272	0.7799970470479072
-0.271	0.7785610266130453
-0.27	0.7771223493101422
-0.269	0.7756810003188777
-0.268	0.7742369646805451
-0.267	0.7727902272960708
-0.266	0.7713407729242359
-0.265	0.7698885861798851
-0.264	0.7684336515317965
-0.263	0.7669759533009306
-0.262	0.7655154756583709
-0.261	0.7640522026232753
-0.26	0.7625861180609275
-0.259	0.7611172056805108
-0.258	0.7596454490331445
-0.257	0.7581708315095272
-0.256	0.7566933363379597
-0.255	0.7552129465819515
-0.254	0.7537296451379282
-0.253	0.7522434147330651
-0.252	0.7507542379227874
-0.251	0.7492620970884385
-0.25	0.7477669744347687
-0.24900000000000003	0.7462688519875385
-0.24800000000000003	0.7447677115908489
-0.24700000000000003	0.7432635349047414
-0.24600000000000002	0.7417563034023837
-0.24500000000000002	0.7402459983675491
-0.244	0.7387326008917326
-0.243	0.7372160918715053
-0.242	0.7356964520056122
-0.241	0.7341736617921194
-0.24	0.732647701525469
-0.239	0.7311185512934224
-0.238	0.7295861909741829
-0.237	0.7280506002330351
-0.23600000000000002	0.726511758519402
-0.23500000000000001	0.7249696450635128
-0.234	0.7234242388730725
-0.233	0.7218755187300161
-0.232	0.7203234631869915
-0.231	0.7187680505639309
-0.23	0.7172092589444139
-0.229	0.7156470661721589
-0.228	0.714081449847219
-0.227	0.7125123873222559
-0.226	0.7109398556987068
-0.225	0.7093638318227762
-0.224	0.7077842922815256
-0.223	0.706201213398742
-0.222	0.7046145712307421
-0.22099999999999997	0.7030243415622293
-0.21999999999999997	0.701430499901748
-0.21899999999999997	0.699833021477426
-0.21799999999999997	0.6982318812324129
-0.21699999999999997	0.696627053820177
-0.21599999999999997	0.6950185135998922
-0.21499999999999997	0.6934062346315562
-0.21399999999999997	0.6917901906710742
-0.213	0.6901703551652616
-0.212	0.6885467012467011
-0.211	0.6869192017284976
-0.21	0.6852878290989283
-0.209	0.6836525555159876
-0.208	0.6820133528017144
-0.207	0.6803701924366053
-0.206	0.6787230455537026
-0.205	0.6770718829326037
-0.204	0.6754166749934122
-0.20299999999999999	0.6737573917905009
-0.20199999999999999	0.6720940030060788
-0.20099999999999998	0.6704264779437302
-0.19999999999999998	0.6687547855217089
-0.19899999999999998	0.6670788942661239
-0.198	0.6653987723040059
-0.197	0.6637143873560561
-0.196	0.6620257067294734
-0.195	0.6603326973104177
-0.194	0.6586353255563242
-0.193	0.6569335574881414
-0.192	0.6552273586822926
-0.191	0.653516694262445
-0.19000000000000003	0.6518015288911518
-0.18900000000000003	0.6500818267612242
-0.18800000000000003	0.6483575515868901
-0.18700000000000003	0.64662866659482
-0.18600000000000003	0.6448951345148626
-0.18500000000000003	0.6431569175705799
-0.18400000000000002	0.6414139774694927
-0.18300000000000002	0.639666275393173
-0.18200000000000002	0.6379137719870731
-0.18100000000000002	0.6361564273499818
-0.18000000000000002	0.6343942010233881
-0.17900000000000002	0.6326270519804443
-0.17800000000000002	0.6308549386147261
-0.17700000000000002	0.6290778187286384
-0.17600000000000002	0.6272956495215767
-0.175	0.6255083875777201
-0.174	0.6237159888536082
-0.173	0.6219184086652503
-0.172	0.6201156016750159
-0.17099999999999999	0.6183075218780991
-0.16999999999999998	0.6164941225886589
-0.16899999999999998	0.6146753564255993
-0.16799999999999998	0.6128511752978528
-0.167	0.6110215303894557
-0.166	0.6091863721440693
-0.165	0.6073456502490296
-0.164	0.6054993136191467
-0.163	0.6036473103798606
-0.162	0.6017895878500552
-0.161	0.5999260925242539
-0.16	0.5980567700544455
-0.159	0.5961815652312927
-0.158	0.5943004219648153
-0.157	0.5924132832645536
-0.156	0.590520091219106
-0.155	0.5886207869750599
-0.154	0.5867153107153203
-0.153	0.5848036016368126
-0.152	0.5828855979274612
-0.151	0.5809612367424463
-0.15	0.5790304541798873
-0.149	0.5770931852555606
-0.14800000000000002	0.5751493638770517
-0.14700000000000002	0.5731989228169209
-0.14600000000000002	0.5712417936851416
-0.14500000000000002	0.5692779069005998
-0.14400000000000002	0.5673071916617357
-0.14300000000000002	0.5653295759162669
-0.14200000000000002	0.5633449863297728
-0.14100000000000001	0.5613533482534683
-0.14	0.5593545856907945
-0.139	0.5573486212629408
-0.138	0.5553353761731802
-0.137	0.553314770170073
-0.136	0.5512867215093832
-0.135	0.5492511469146645
-0.134	0.5472079615366293
-0.133	0.5451570789109043
-0.132	0.5430984109144975
-0.131	0.5410318677205956
-0.13	0.5389573577519157
-0.129	0.5368747876321829
-0.128	0.5347840621360261
-0.127	0.5326850841369751
-0.126	0.5305777545536293
-0.125	0.5284619722936758
-0.12400000000000001	0.5263376341959829
-0.12300000000000001	0.5242046349704854
-0.12200000000000001	0.5220628671356619
-0.12100000000000001	0.5199122209537903
-0.12000000000000001	0.5177525843636075
-0.11900000000000001	0.5155838429103579
-0.11800000000000001	0.5134058796731044
-0.117	0.5112185751891158
-0.11600000000000002	0.509021807375337
-0.11500000000000002	0.5068154514465075
-0.11400000000000002	0.5045993798300987
-0.11300000000000002	0.5023734620777089
-0.11200000000000002	0.5001375647726727
-0.11100000000000002	0.49789155143391783
-0.11000000000000001	0.49563528241572724
-0.10900000000000001	0.49336861480308314
-0.10800000000000001	0.49109140230267184
-0.10700000000000001	0.4888034951289697
-0.10599999999999998	0.486504739885405
-0.105	0.48419497944012463
-0.104	0.48187405279621626
-0.103	0.47954179495607274
-0.102	0.47719803677939326
-0.10099999999999999	0.4748426048346017
-0.09999999999999999	0.47247532124337555
-0.09899999999999999	0.47009600351761455
-0.09799999999999999	0.4677044643887448
-0.09699999999999999	0.4653005116285147
-0.09599999999999999	0.46288394786112536
-0.09499999999999999	0.46045457036592985
-0.09399999999999999	0.4580121708701448
-0.093	0.4555565353311284
-0.092	0.4530874437072013
-0.091	0.45060466971668933
-0.09	0.44810798058406026
-0.089	0.4455971367724859
-0.088	0.44307189170190964
-0.087	0.4405319914515639
-0.086	0.437977174445853
-0.08499999999999999	0.4354071711225877
-0.08399999999999999	0.43282170358206273
-0.08299999999999999	0.4302204852158286
-0.082	0.4276032203135524
-0.081	0.4249696036463452
-0.08	0.4223193200248219
-0.079	0.41965204382992577
-0.078	0.4169674385143889
-0.077	0.41426515607253067
-0.076	0.41154483647586665
-0.075	0.40880610707163006
-0.074	0.4060485819412664
-0.073	0.4032718612154001
-0.072	0.4004755303415609
-0.071	0.3976591593004762
-0.07	0.3948223017665022
-0.069	0.391964494206814
-0.068	0.3890852549138678
-0.067	0.38618408296482715
-0.066	0.3832604571006134
-0.065	0.3803138345169718
-0.064	0.3773436495583616
-0.063	0.37434931230477286
-0.062	0.37133020703997904
-0.061	0.36828569058852967
-0.060000000000000005	0.3652150905065982
-0.05900000000000001	0.36211770311021724
-0.05800000000000001	0.35899279132155937
-0.05700000000000001	0.3558395823114682
-0.05600000000000001	0.3526572649125395
-0.05500000000000001	0.3494449867735924
-0.054000000000000006	0.3462018512208444
-0.053000000000000005	0.3429269137856304
-0.052000000000000005	0.33961917835093464
-0.051000000000000004	0.33627759286011805
-0.05	0.3329010445202438
-0.049	0.32948835441766555
-0.04800000000000001	0.3260382714463141
-0.04700000000000001	0.32254946542480634
-0.046000000000000006	0.3190205192477158
-0.045000000000000005	0.315449919874066
-0.044000000000000004	0.3118360478965593
-0.043000000000000003	0.30817716534983686
-0.04200000000000001	0.3044714012858165
-0.04100000000000001	0.3007167344335811
-0.04000000000000001	0.29691097189145166
-0.03900000000000001	0.29305172205971664
-0.038000000000000006	0.2891363582555937
-0.037	0.28516196379758146
-0.036000000000000004	0.28112521840267335
-0.035	0.27702194525875506
-0.034	0.2728499958991054
-0.033	0.2686028087175959
-0.032	0.26427543539614545
-0.031	0.25986372043827216
-0.03	0.2553600276831046
-0.028999999999999998	0.25075899342748276
-0.028	0.24605510589651278
-0.027	0.24123976239557707
-0.026	0.23630177089365886
-0.025	0.23123570663313978
-0.024	0.22603557777118571
-0.023	0.2206951193128528
-0.022	0.21518909844999132
-0.020999999999999998	0.209528757451701
-0.02	0.20370884907703637
-0.019	0.19769823303662806
-0.018	0.19150314728932788
-0.017	0.18511830658064699
-0.016	0.17853030739590658
-0.015	0.17175105143588848
-0.013999999999999992	0.16479321094340355
-0.012999999999999994	0.1576282313325861
-0.011999999999999993	0.1503197123156408
-0.010999999999999992	0.14283749084314032
-0.009999999999999995	0.1352309111252708
-0.008999999999999994	0.1275052648858289
-0.007999999999999993	0.11970414900883959
-0.006999999999999992	0.1118622517993218
-0.005999999999999993	0.10407415208818213
-0.004999999999999994	0.09634486837075856
-0.003999999999999993	0.08868690455256989
-0.0029999999999999923	0.08119712711027512
-0.001999999999999993	0.07390978214817476
-0.000999999999999994	0.06687850751295302
6.938893903907228e-18	0.06010733300468465
0.001000000000000007	0.05367214233119491
0.002000000000000007	0.04759250343239392
0.003000000000000007	0.041902098712825374
0.004000000000000007	0.03661858753493732
0.005000000000000007	0.031786313716914046
0.006000000000000007	0.02739788835673152
0.007000000000000007	0.02343330118000714
0.008000000000000007	0.019885380882593916
0.009000000000000001	0.016707284171275063
0.009999999999999998	0.013931277424561923
0.011	0.011492300633014532
0.012	0.00939428924592808
0.012999999999999998	0.007606245600422082
0.013999999999999999	0.006121265269044404
0.015	0.004871043172848754
0.016	0.003836835245917162
0.017	0.0029886627190705323
0.018	0.002304366109608902
0.019	0.0017493606788228624
0.02	0.0013104990768102386
0.020999999999999998	0.0009626739784234388
0.022	0.0006990482051263056
0.023	0.0004991481776946856
0.024	0.0003526202343367265
0.025	0.0002436081489624417
0.026	0.00016201837778419872
0.027	0.00010194311017555842
0.028	0.00005972912721792203
0.028999999999999998	0.000032197740312749854
0.03	0.000017544856530084557
0.031	9.149880899573341e-6
0.03200000000000001	3.224465833902566e-6
0.033	3.3873810859128013e-7
0.034	0
5.904	0
5.904999999999999	6.701218502938551e-9
5.906	1.0370016190597054e-7
5.907	2.886757890245528e-7
5.9079999999999995	6.778390317222704e-7
5.909	1.6502301363909965e-6
5.91	3.5568298610531634e-6
5.911	6.224379677743953e-6
5.912	0.000010849698351001783
5.912999999999999	0.000017450975112010652
5.914	0.00002653002144642856
5.915	0.00003881164909394597
5.9159999999999995	0.00005583124087433648
5.917	0.00007943725595611384
5.918	0.00011180316161325517
5.919	0.000154240166032143
5.92	0.00020896537847033277
5.920999999999999	0.00027737731544769437
5.922	0.00036392941471893853
5.923	0.0004704748306344106
5.9239999999999995	0.0005998464696771325
5.925	0.0007554214576461848
5.925999999999999	0.000935774954385367
5.927	0.0011404977907502546
5.928	0.0013729599668917492
5.928999999999999	0.001630437643760748
5.93	0.0019090927278617932
5.931	0.0022026345518193565
5.9319999999999995	0.0025122775549107994
5.933	0.002835225002466949
5.933999999999999	0.0031705105104677914
5.935	0.003510334739734734
5.936	0.003850768751773616
5.936999999999999	0.004187761660572127
5.938	0.00451865799698345
5.939	0.004841762021237147
5.9399999999999995	0.005153831456266463
5.941	0.005455977561216894
5.941999999999999	0.005747029491237355
5.943	0.006027588505660713
5.944	0.006296916924202207
5.944999999999999	0.006555682394281395
5.946	0.006804570356635496
5.947	0.0070436850798499965
5.9479999999999995	0.007273673289366472
5.949	0.0074946695075185565
5.949999999999999	0.0077079239924748855
5.951	0.007914176340401547
5.952	0.008114018767152854
5.952999999999999	0.008308049307190573
5.954	0.008496832061706391
5.955	0.008680927152004492
5.9559999999999995	0.008860708511252056
5.957	0.009036482023968968
5.957999999999999	0.00920855696442855
5.959	0.009377192493781624
5.96	0.009542610487411835
5.960999999999999	0.009705006018783968
5.962	0.00986455275769886
5.963	0.010021406654467612
5.9639999999999995	0.010175708688796999
5.965	0.010327587013771782
5.965999999999999	0.010477158674681542
5.967	0.010624531013993811
5.968	0.010769802836907358
5.968999999999999	0.01091306538985154
5.97	0.0110544031901235
5.971	0.01119389473526805
5.9719999999999995	0.011331613114114182
5.973	0.011467626536515015
5.973999999999999	0.011601998795285066
5.975	0.01173478967111419
5.976	0.011866055289186368
5.976999999999999	0.01199584843463478
5.978	0.012124218832692792
5.979	0.01225121339841913
5.9799999999999995	0.012376876460060058
5.981	0.012501249959475024
5.981999999999999	0.012624373632516155
5.983	0.012746285171822719
5.984	0.012867020374134466
5.984999999999999	0.01298661327392262
5.986	0.013105096264901726
5.987	0.01322250021075977
5.9879999999999995	0.013338854546282156
5.989	0.013454187369883797
5.989999999999999	0.013568525528445211
5.991	0.013681894695231307
5.992	0.013794319441583597
5.992999999999999	0.013905823302989267
5.994	0.01401642884007125
5.995	0.014126157694969926
5.9959999999999996	0.014235030643543806
5.997	0.01434306764376663
5.997999999999999	0.014450287880659848
5.999	0.0145567098080571
6.	0.014662351187483496
6.0009999999999994	0.014767229124380896
6.002	0.014871360101907536
6.003	0.014974760012507807
6.004	0.015077444187429125
6.005	0.0151794274243508
6.005999999999999	0.015280724013272224
6.007	0.015381347760791725
6.008	0.015481312012899552
6.0089999999999995	0.015580629676394248
6.01	0.015679313239026597
6.011	0.015777374788458965
6.012	0.015874826030126226
6.013	0.01597167830408036
6.013999999999999	0.016067942600878876
6.015	0.016163629576595225
6.016	0.016258749566999707
6.0169999999999995	0.01635331260097428
6.018	0.016447328413205804
6.019	0.016540806456211015
6.02	0.016633755911727437
6.021	0.01672618570152241
6.021999999999999	0.016818104497644797
6.023	0.016909520732161197
6.024	0.01700044260640914
6.0249999999999995	0.01709087809978886
6.026	0.017180834978130197
6.027	0.017270320801656733
6.028	0.017359342932564407
6.029	0.01744790854225152
6.029999999999999	0.017536024618200977
6.031	0.017623697970554665
6.032	0.01771093523837997
6.0329999999999995	0.017797742895656193
6.034	0.017884127256994696
6.035	0.017970094483098865
6.036	0.018055650585994506
6.037	0.018140801434024825
6.037999999999999	0.0182255527566323
6.039	0.01830991014894214
6.04	0.018393879076143805
6.0409999999999995	0.01847746487769906
6.042	0.01856067277136635
6.043	0.018643507857067837
6.044	0.018725975120596018
6.045	0.018808079437169084
6.045999999999999	0.018889825574850423
6.047	0.018971218197828172
6.048	0.019052261869565375
6.0489999999999995	0.019132961055833834
6.05	0.019213320127625354
6.051	0.01929334336395296
6.052	0.01937303495454997
6.053	0.0194523990024632
6.053999999999999	0.019531439526552338
6.055	0.01961016046389465
6.056	0.019688565672107243
6.0569999999999995	0.019766658931577384
6.058	0.01984444394761882
6.058999999999999	0.019921924352548526
6.06	0.019999103707690268
6.061	0.020075985505306697
6.061999999999999	0.020152573170466596
6.063	0.020228870062846557
6.064	0.02030487947846881
6.0649999999999995	0.020380604651383118
6.066	0.02045604875528971
6.067	0.02053121490510831
6.068	0.020606106158495875
6.069	0.02068072551731269
6.069999999999999	0.02075507592904055
6.071	0.020829160288157497
6.072	0.02090298143746404
6.0729999999999995	0.020976542169369946
6.074	0.021049845227137445
6.074999999999999	0.02112289330608951
6.076	0.021195689054774168
6.077	0.021268235076098107
6.077999999999999	0.021340533928421092
6.079	0.021412588126619083
6.08	0.021484400143116214
6.0809999999999995	0.02155597240887874
6.082	0.021627307314389038
6.082999999999999	0.021698407210582516
6.084	0.021769274409759107
6.085	0.021839911186469933
6.085999999999999	0.021910319778376017
6.087	0.021980502387079364
6.088	0.022050461178937268
6.0889999999999995	0.022120198285845532
6.09	0.022189715806003443
6.090999999999999	0.022259015804657657
6.092	0.022328100314820246
6.093	0.022396971337973567
6.093999999999999	0.022465630844749878
6.095	0.022534080775594906
6.096	0.022602323041412062
6.0969999999999995	0.0226703595241888
6.098	0.022738192077608965
6.098999999999999	0.022805822527644026
6.1	0.022873252673129365
6.101	0.02294048428633105
6.101999999999999	0.023007519113488632
6.103	0.02307435887534963
6.104	0.023141005267689595
6.1049999999999995	0.023207459961813837
6.106	0.023273724605054304
6.106999999999999	0.023339800821245083
6.108	0.02340569021119128
6.109	0.02347139435312655
6.109999999999999	0.02353691480315155
6.111	0.023602253095671797
6.112	0.023667410743818233
6.1129999999999995	0.023732389239855302
6.114	0.02379719005558656
6.114999999999999	0.023861814642743517
6.116	0.02392626443336793
6.117	0.02399054084018334
6.117999999999999	0.024054645256960095
6.119	0.02411857905886888
6.12	0.024182343602826024
6.1209999999999996	0.02424594022783339
6.122	0.024309370255306387
6.122999999999999	0.024372634989396784
6.124	0.02443573571730878
6.125	0.02449867370960317
6.1259999999999994	0.024561450220499798
6.127	0.024624066488168866
6.128	0.02468652373501797
6.129	0.02474882316797499
6.13	0.024810965978755314
6.130999999999999	0.02487295334413531
6.132	0.024934786426209346
6.133	0.024996466372648695
6.1339999999999995	0.025057994316946375
6.135	0.02511937137866722
6.136	0.02518059866368323
6.137	0.025241677264406168
6.138	0.02530260826001965
6.138999999999999	0.025363392716699483
6.14	0.025424031687833696
6.141	0.025484526214236046
6.1419999999999995	0.025544877324356285
6.143	0.0256050860344827
6.144	0.02566515334894689
6.145	0.025725080260314864
6.146	0.025784867749583676
6.146999999999999	0.02584451678636682
6.148	0.025904028329079835
6.149	0.02596340332511952
6.1499999999999995	0.026022642711042206
6.151	0.026081747412736816
6.152	0.02614071834559116
6.153	0.026199556414663035
6.154	0.0262582625148382
6.154999999999999	0.02631683753099436
6.156	0.02637528233815263
6.157	0.02643359780163383
6.1579999999999995	0.026491784777208094
6.159	0.026549844111241415
6.16	0.02660777664083984
6.161	0.026665583193990802
6.162	0.026723264589700965
6.162999999999999	0.02678082163813556
6.164	0.026838255140746753
6.165	0.026895565890406523
6.1659999999999995	0.026952754671536874
6.167	0.027009822260231398
6.167999999999999	0.027066769424382485
6.169	0.027123596923799776
6.17	0.027180305510329246
6.170999999999999	0.027236895927971162
6.172	0.027293368912991507
6.173	0.027349725194038298
6.1739999999999995	0.02740596549224769
6.175	0.02746209052135379
6.176	0.02751810098779332
6.177	0.027573997590813512
6.178	0.027629781022569334
6.178999999999999	0.02768545196822619
6.18	0.02774101110605917
6.181	0.02779645910754862
6.1819999999999995	0.02785179663747516
6.183	0.027907024354012662
6.183999999999999	0.027962142908821416
6.185	0.028017152947137944
6.186	0.028072055107859435
6.186999999999999	0.02812685002363573
6.188	0.028181538320952854
6.189	0.028236120620215733
6.1899999999999995	0.028290597535831012
6.191	0.028344969676290604
6.192	0.028399237644246636
6.193	0.02845340203659201
6.194	0.02850746344453813
6.194999999999999	0.028561422453689807
6.196	0.028615279644117413
6.197	0.028669035590433017
6.1979999999999995	0.028722690861859402
6.199	0.028776246022303015
6.199999999999999	0.028829701630421322
6.201	0.02888305823969095
6.202	0.02893631639847784
6.202999999999999	0.028989476650099193
6.204	0.029042539532888594
6.205	0.029095505580264615
6.2059999999999995	0.02914837532078682
6.207	0.0292011492782225
6.208	0.029253827971604925
6.209	0.029306411915294164
6.21	0.029358901619034886
6.210999999999999	0.029411297588015348
6.212	0.0294636003229223
6.213	0.029515810319998757
6.2139999999999995	0.029567928071099446
6.215	0.02961995406374328
6.215999999999999	0.029671888781167156
6.217	0.02972373270237893
6.218	0.029775486302209123
6.218999999999999	0.02982715005136204
6.22	0.029878724416464005
6.221	0.02993020986011588
6.2219999999999995	0.02998160684093799
6.223	0.030032915813619564
6.224	0.030084137228969302
6.225	0.030135271533953126
6.226	0.030186319171747272
6.226999999999999	0.030237280581781805
6.228	0.030288156199783287
6.229	0.03033894645781773
6.2299999999999995	0.030389651784335378
6.231	0.030440272604213475
6.231999999999999	0.030490809338794427
6.233	0.030541262405930122
6.234	0.03059163222002174
6.234999999999999	0.030641919192059466
6.236	0.030692123729660535
6.237	0.030742246237107113
6.2379999999999995	0.030792287115388797
6.239	0.030842246762236576
6.24	0.03089212557215779
6.241	0.030941923936478537
6.242	0.030991642243373724
6.242999999999999	0.031041280877907505
6.244	0.031090840222063022
6.245	0.031140320654780448
6.2459999999999996	0.03118972255198933
6.247	0.031239046286643764
6.247999999999999	0.031288292228751194
6.249	0.03133746074541007
6.25	0.031386552200839676
6.2509999999999994	0.031435566956407354
6.252	0.031484505370669345
6.253	0.03153336779939048
6.254	0.03158215459558329
6.255	0.03163086610953153
6.256	0.03167950268882387
6.257	0.031728064678380255
6.258	0.03177655242048254
6.2589999999999995	0.031824966254801475
6.26	0.031873306518422455
6.261	0.03192157354587749
6.262	0.03196976766916922
6.263	0.03201788921779844
6.263999999999999	0.03206593851879008
6.265	0.03211391589671853
6.266	0.032161821673736025
6.2669999999999995	0.03220965616959401
6.268	0.03225741970167165
6.269	0.032305112584997506
6.27	0.03235273513227781
6.271	0.03240028765391374
6.271999999999999	0.0324477704580324
6.273	0.03249518385050459
6.274	0.03254252813497293
6.2749999999999995	0.03258980361286975
6.276	0.03263701058344208
6.276999999999999	0.03268414934377198
6.278	0.032731220188802014
6.279	0.032778223411352614
6.279999999999999	0.032825159302146495
6.281	0.03287202814982665
6.282	0.03291883024098173
6.2829999999999995	0.032965565860160674
6.284	0.03301223528989616
6.285	0.03305883881072657
6.286	0.03310537670121171
6.287	0.03315184923795394
6.287999999999999	0.03319825669561845
6.289	0.03324459934694797
6.29	0.03329087746279015
6.2909999999999995	0.03333709131210612
6.292	0.03338324116199483
6.292999999999999	0.03342932727770927
6.294	0.03347534992267513
6.295	0.033521309358507057
6.295999999999999	0.03356720584502692
6.297	0.033613039640280694
6.298	0.03365881100055619
6.2989999999999995	0.03370452018039909
6.3	0.033750167432626835
6.301	0.03379575300835191
6.302	0.03384127715699313
6.303	0.03388674012628765
6.303999999999999	0.03393214216231634
6.305	0.03397748350951108
6.306	0.034022764410675914
6.3069999999999995	0.034067985106997004
6.308	0.03411314583806259
6.308999999999999	0.03415824684187454
6.31	0.03420328835486305
6.311	0.03424827061190236
6.311999999999999	0.0342931938463273
6.313	0.03433805828994154
6.314	0.03438286417303672
6.3149999999999995	0.034427611724402715
6.316	0.034472301171345025
6.317	0.034516932739696
6.318	0.03456150665382678
6.319	0.03460602313666367
6.319999999999999	0.03465048240969947
6.321	0.03469488469300552
6.322	0.03473923020524592
6.3229999999999995	0.03478351916369001
6.324	0.0348277517842235
6.324999999999999	0.034871928281363644
6.326	0.03491604886826571
6.327	0.034960113756742225
6.327999999999999	0.035004123157269466
6.329	0.03504807727900114
6.33	0.03509197632978112
6.3309999999999995	0.03513582051615097
6.332	0.03517961004336809
6.333	0.03522334511540904
6.334	0.03526702593498735
6.335	0.03531065270355864
6.335999999999999	0.03535422562133744
6.337	0.035397744887302865
6.338	0.03544121069921309
6.3389999999999995	0.035484623253610514
6.34	0.03552798274584071
6.340999999999999	0.03557128937005439
6.342	0.03561454331922108
6.343	0.03565774478513959
6.343999999999999	0.0357008939584466
6.345	0.03574399102862829
6.346	0.0357870361840275
6.3469999999999995	0.035830029611856565
6.348	0.035872971498202975
6.349	0.03591586202804145
6.35	0.03595870138524516
6.351	0.0360014897525867
6.351999999999999	0.03604422731176041
6.353	0.03608691424337685
6.354	0.03612955072698336
6.3549999999999995	0.036172136941066524
6.356	0.0362146730630621
6.356999999999999	0.03625715926936444
6.358	0.03629959573533724
6.359	0.036341982635315385
6.359999999999999	0.03638432014262164
6.361	0.03642660842956737
6.362	0.03646884766746513
6.3629999999999995	0.03651103802663643
6.364	0.03655317967642015
6.365	0.036595272785176144
6.366	0.036637317520299126
6.367	0.036679314048222805
6.367999999999999	0.03672126253442803
6.369	0.03676316314345078
6.37	0.03680501603889043
6.3709999999999996	0.036846821383417404
6.372	0.03688857933877715
6.372999999999999	0.036930290065801466
6.374	0.03697195372441535
6.375	0.037013570473640026
6.3759999999999994	0.037055140471606886
6.377	0.03709666387555752
6.378	0.037138140841854704
6.379	0.03717957152598952
6.38	0.037220956082585896
6.381	0.03726229466540894
6.382	0.03730358742737034
6.383	0.03734483452053815
6.3839999999999995	0.03738603609613662
6.385	0.03742719230456255
6.386	0.037468303295382054
6.387	0.037509369217342284
6.388	0.037550390218377416
6.388999999999999	0.0375913664456113
6.39	0.037632298045370036
6.391	0.03767318516318048
6.3919999999999995	0.03771402794378251
6.393	0.03775482653113241
6.394	0.03779558106840706
6.395	0.03783629169801381
6.396	0.0378769585615941
6.397	0.037917581800027626
6.398	0.03795816155344128
6.399	0.03799869796121331
6.3999999999999995	0.03803919116197661
6.401	0.038079641293630034
6.402	0.03812004849333705
6.403	0.03816041289753635
6.404	0.03820073464194531
6.404999999999999	0.038241013861562756
6.406	0.038281250690682264
6.407	0.038321445262885466
6.4079999999999995	0.038361597711059355
6.409	0.038401708167390074
6.41	0.038441776763380335
6.411	0.03848180362984143
6.412	0.038521788896908785
6.413	0.03856173269404137
6.414	0.0386016351500292
6.415	0.03864149639299376
6.4159999999999995	0.038681316550398734
6.417	0.038721095749050534
6.418	0.038760834115106606
6.419	0.03880053177407495
6.42	0.03884018885082328
6.420999999999999	0.0388798054695839
6.422	0.038919381753953486
6.423	0.038958917826901474
6.4239999999999995	0.038998413810773874
6.425	0.03903786982729855
6.426	0.03907728599758646
6.427	0.03911666244213952
6.428	0.03915599928085163
6.428999999999999	0.03919529663301678
6.43	0.03923455461733018
6.431	0.03927377335189334
6.4319999999999995	0.03931295295421899
6.433	0.039352093541232265
6.433999999999999	0.0393911952292812
6.435	0.03943025813413286
6.436	0.039469282370984085
6.436999999999999	0.03950826805445851
6.438	0.0395472152986188
6.439	0.039586124216963274
6.4399999999999995	0.039624994922434015
6.441	0.039663827527418344
6.442	0.03970262214375666
6.443	0.03974137888273784
6.444	0.03978009785511419
6.444999999999999	0.03981877917109286
6.446	0.039857422940353625
6.447	0.039896029272037586
6.4479999999999995	0.03993459827476282
6.449	0.03997313005662106
6.449999999999999	0.040011624725182715
6.451	0.04005008238750257
6.452	0.04008850315012097
6.452999999999999	0.040126887119066534
6.454	0.040165234399863935
6.455	0.04020354509753255
6.4559999999999995	0.040241819316591314
6.457	0.04028005716106198
6.458	0.040318258734475615
6.459	0.04035642413986842
6.46	0.04039455347979423
6.460999999999999	0.040432646856319546
6.462	0.04047070437103216
6.463	0.04050872612504278
6.4639999999999995	0.04054671221898498
6.465	0.04058466275302606
6.465999999999999	0.04062257782685903
6.467	0.04066045753971767
6.468	0.04069830199036914
6.468999999999999	0.040736111277124794
6.47	0.0407738854978385
6.471	0.04081162474991094
6.4719999999999995	0.040849329130293384
6.473	0.0408869987354898
6.474	0.04092463366155733
6.475	0.040962234004116846
6.476	0.0409997998583456
6.476999999999999	0.041037331318986556
6.478	0.041074828480351794
6.479	0.04111229143631834
6.4799999999999995	0.041149720280341195
6.481	0.041187115105446065
6.481999999999999	0.041224476004239737
6.483	0.04126180306890674
6.484	0.041299096391218294
6.484999999999999	0.041336356062527044
6.486	0.04137358217377783
6.487	0.04141077481550368
6.4879999999999995	0.041447934077833995
6.489	0.04148506005049413
6.49	0.041522152822803915
6.491	0.04155921248369006
6.492	0.04159623912167845
6.492999999999999	0.04163323282490516
6.494	0.04167019368111239
6.495	0.04170712177765148
6.4959999999999996	0.04174401720149226
6.497	0.04178088003921493
6.497999999999999	0.0418177103770235
6.499	0.04185450830073806
6.5	0.041891273895802536
6.5009999999999994	0.041928007247287916
6.502	0.0419647084398914
6.503	0.042001377557938833
6.504	0.04203801468539092
6.505	0.04207461990584096
6.506	0.04211119330251743
6.507	0.04214773495829008
6.508	0.0421842449556688
6.5089999999999995	0.042220723376804936
6.51	0.042257170303498355
6.511	0.04229358581719216
6.512	0.04232996999898283
6.513	0.04236632292961711
6.513999999999999	0.042402644689493466
6.515	0.04243893535866989
6.516	0.042475195016858876
6.5169999999999995	0.04251142374343486
6.518	0.04254762161743351
6.519	0.04258378871755347
6.52	0.04261992512216257
6.521	0.04265603090929178
6.522	0.042692106156646356
6.523	0.04272815094160008
6.524	0.04276416534120281
6.5249999999999995	0.042800149432180315
6.526	0.04283610329093247
6.527	0.04287202699354249
6.528	0.04290792061577321
6.529	0.0429437842330716
6.529999999999999	0.042979617920569105
6.531	0.04301542175308432
6.532	0.043051195805123
6.5329999999999995	0.04308694015088515
6.534	0.04312265486425974
6.535	0.0431583400188306
6.536	0.04319399568788033
6.537	0.0432296219443834
6.538	0.04326521886101937
6.539	0.04330078651016647
6.54	0.04333632496390617
6.5409999999999995	0.04337183429402298
6.542	0.04340731457201111
6.542999999999999	0.043442765869069304
6.544	0.04347818825610717
6.545	0.04351358180374623
6.545999999999999	0.04354894658232108
6.547	0.04358428266187908
6.548	0.04361959011218593
6.5489999999999995	0.04365486900272123
6.55	0.043690119402690276
6.551	0.04372534138101513
6.552	0.043760535006338634
6.553	0.04379570034703232
6.553999999999999	0.04383083747119064
6.555	0.04386594644663552
6.556	0.04390102734091753
6.5569999999999995	0.04393608022131759
6.558	0.04397110515484974
6.558999999999999	0.04400610220825749
6.56	0.04404107144802453
6.561	0.04407601294036621
6.561999999999999	0.04411092675123625
6.563	0.04414581294632985
6.564	0.04418067159108075
6.5649999999999995	0.044215502750663924
6.566	0.04425030649000072
6.567	0.04428508287375417
6.568	0.044319831966334544
6.569	0.04435455383190077
6.569999999999999	0.04438924853436018
6.571	0.04442391613736926
6.572	0.04445855670433786
6.5729999999999995	0.04449317029842806
6.574	0.04452775698255782
6.574999999999999	0.04456231681939635
6.576	0.0445968498713769
6.577	0.04463135620068451
6.577999999999999	0.0446658358692683
6.579	0.04470028893883701
6.58	0.044734715470860095
6.5809999999999995	0.044769115526574046
6.582	0.04480348916697686
6.583	0.04483783645283342
6.584	0.044872157444678026
6.585	0.04490645220281142
6.585999999999999	0.04494072078730518
6.587	0.044974963258000565
6.588	0.045009179674512935
6.5889999999999995	0.04504337009622991
6.59	0.045077534582314484
6.590999999999999	0.04511167319170538
6.592	0.04514578598311881
6.593	0.04517987301504736
6.593999999999999	0.045213934345766295
6.595	0.04524797003332876
6.596	0.04528198013557021
6.5969999999999995	0.04531596471010924
6.598	0.04534992381434999
6.599	0.045383857505478506
6.6	0.045417765840470976
6.601	0.04545164887608614
6.601999999999999	0.04548550666887659
6.603	0.04551933927518186
6.604	0.045553146751130494
6.6049999999999995	0.04558692915264775
6.606	0.045620686535445154
6.606999999999999	0.045654418955035074
6.608	0.04568812646671972
6.609	0.04572180912560009
6.609999999999999	0.045755466986573484
6.611	0.045789100104333416
6.612	0.04582270853337766
6.6129999999999995	0.045856292327998975
6.614	0.045889851542294434
6.615	0.04592338623016185
6.616	0.045956896445304506
6.617	0.04599038224122639
6.617999999999999	0.04602384367124062
6.619	0.04605728078846317
6.62	0.04609069364581913
6.6209999999999996	0.046124082296043874
6.622	0.04615744679167786
6.622999999999999	0.04619078718507259
6.624	0.04622410352839379
6.625	0.04625739587361774
6.6259999999999994	0.04629066427253048
6.627	0.046323908776737276
6.628	0.04635712943765463
6.629	0.046390326306516474
6.63	0.046423499434371095
6.631	0.0464566488720901
6.632	0.04648977467035783
6.633	0.04652287687968082
6.6339999999999995	0.04655595555038505
6.635	0.04658901073261923
6.636	0.04662204247635294
6.637	0.046655050831377914
6.638	0.04668803584731289
6.638999999999999	0.04672099757359832
6.64	0.04675393605950273
6.641	0.04678685135411772
6.6419999999999995	0.04681974350636751
6.643	0.04685261256500095
6.644	0.04688545857859398
6.645	0.04691828159555765
6.646	0.046951081664130895
6.647	0.04698385883238312
6.648	0.04701661314822002
6.649	0.0470493446593749
6.6499999999999995	0.04708205341342192
6.651	0.04711473945776239
6.652	0.047147402839638954
6.653	0.0471800436061304
6.654	0.047212661804149354
6.654999999999999	0.04724525748044883
6.656	0.04727783068161933
6.657	0.047310381454093574
6.6579999999999995	0.04734290984414146
6.659	0.047375415897875285
6.66	0.0474078996612494
6.661	0.04744036118006066
6.662	0.047472800499950174
6.663	0.0475052176664029
6.664	0.04753761272474345
6.665	0.04756998572015126
6.6659999999999995	0.04760233669764608
6.667	0.04763466570209677
6.668	0.047666972778218526
6.669	0.04769925797057535
6.67	0.047731521323582576
6.670999999999999	0.04776376288150303
6.672	0.047795982688451116
6.673	0.04782818078839399
6.6739999999999995	0.04786035722514695
6.675	0.04789251204238335
6.676	0.04792464528362555
6.677	0.047956756992252415
6.678	0.04798884721149749
6.679	0.048020915984448576
6.68	0.04805296335405077
6.681	0.04808498936310626
6.6819999999999995	0.04811699405427248
6.683	0.048148977470069014
6.683999999999999	0.04818093965287081
6.685	0.048212880644913164
6.686	0.0482448004882928
6.686999999999999	0.04827669922496637
6.688	0.04830857689675167
6.689	0.04834043354532752
6.6899999999999995	0.04837226921223908
6.691	0.04840408393889135
6.692	0.04843587776655568
6.693	0.04846765073636607
6.694	0.048499402889321065
6.694999999999999	0.0485311342662892
6.696	0.04856284490800036
6.697	0.04859453485505698
6.6979999999999995	0.04862620414792279
6.699	0.04865785282693542
6.699999999999999	0.04868948093229778
6.701	0.04872108850408525
6.702	0.04875267558223955
6.702999999999999	0.04878424220657634
6.704	0.04881578841678096
6.705	0.04884731425241172
6.7059999999999995	0.04887881975289653
6.707	0.04891030495754042
6.708	0.04894176990551803
6.709	0.048973214635882716
6.71	0.049004639187554724
6.710999999999999	0.049036043599338684
6.712	0.049067427909910644
6.713	0.04909879215782051
6.7139999999999995	0.04913013638150085
6.715	0.049161460619256296
6.715999999999999	0.04919276490927267
6.717	0.049224049289614796
6.718	0.04925531379822411
6.718999999999999	0.04928655847292329
6.72	0.04931778335141284
6.721	0.04934898847127855
6.7219999999999995	0.0493801738699836
6.723	0.04941133958487369
6.724	0.04944248565317954
6.725	0.049473612112009124
6.726	0.04950471899835768
6.726999999999999	0.04953580634910408
6.728	0.04956687420101189
6.729	0.049597922590727546
6.7299999999999995	0.04962895155478342
6.731	0.04965996112959873
6.731999999999999	0.0496909513514785
6.733	0.049721922256613246
6.734	0.04975287388108438
6.734999999999999	0.04978380626085664
6.736	0.04981471943178764
6.737	0.0498456134296186
6.7379999999999995	0.049876488289983804
6.739	0.04990734404840736
6.74	0.0499381807403021
6.741	0.04996899840097173
6.742	0.04999979706561095
6.742999999999999	0.05003057676930734
6.744	0.050061337547040195
6.745	0.05009207943368006
6.7459999999999996	0.05012280246399254
6.747	0.05015350667263324
6.747999999999999	0.05018419209415837
6.749	0.05021485876301213
6.75	0.05024550671353364
6.7509999999999994	0.050276135979961015
6.752	0.05030674659642913
6.753	0.05033733859696314
6.754	0.05036791201548918
6.755	0.05039846688583011
6.756	0.050429003241704726
6.757	0.05045952111673212
6.758	0.05049002054442802
6.7589999999999995	0.05052050155820578
6.76	0.05055096419138114
6.761	0.05058140847716637
6.762	0.050611834448677076
6.763	0.05064224213892668
6.763999999999999	0.05067263158083021
6.765	0.050703002807206715
6.766	0.050733355850770816
6.7669999999999995	0.050763690744144836
6.768	0.05079400751985232
6.769	0.0508243062103184
6.77	0.05085458684787333
6.771	0.050884849464750526
6.772	0.05091509409308852
6.773	0.05094532076492535
6.774	0.05097552951221164
6.7749999999999995	0.051005720366799207
6.776	0.051035893360444985
6.777	0.05106604852481546
6.778	0.05109618589147851
6.779	0.051126305491914444
6.779999999999999	0.05115640735750799
6.781	0.05118649151954993
6.782	0.05121655800924397
6.7829999999999995	0.0512466068576997
6.784	0.05127663809593162
6.785	0.051306651754869766
6.786	0.05133664786535133
6.787	0.051366626458122795
6.788	0.05139658756383931
6.789	0.05142653121307077
6.79	0.051456457436297134
6.7909999999999995	0.05148636626390727
6.792	0.05151625772620317
6.793	0.05154613185339904
6.794	0.05157598867562329
6.795	0.051605828222911675
6.795999999999999	0.05163565052522173
6.797	0.05166545561241715
6.798	0.051695243514276824
6.7989999999999995	0.05172501426049716
6.8	0.051754767880686316
6.801	0.051784504404368374
6.802	0.05181422386098257
6.803	0.0518439262798831
6.803999999999999	0.05187361169034088
6.805	0.0519032801215435
6.806	0.05193293160259425
6.8069999999999995	0.05196256616251326
6.808	0.0519921838302384
6.808999999999999	0.05202178463462495
6.81	0.052051368604447486
6.811	0.052080935768395654
6.811999999999999	0.05211048615508181
6.813	0.05214001979303278
6.814	0.05216953671069811
6.8149999999999995	0.05219903693644654
6.816	0.052228520498563934
6.817	0.05225798742525958
6.818	0.052287437744662435
6.819	0.05231687148482031
6.819999999999999	0.052346288673704146
6.821	0.05237568933920566
6.822	0.052405073509139276
6.8229999999999995	0.05243444121123842
6.824	0.052463792473163726
6.824999999999999	0.05249312732249497
6.826	0.052522445786736004
6.827	0.05255174789331033
6.827999999999999	0.052581033669575096
6.829	0.05261030314279833
6.83	0.0526395563401814
6.8309999999999995	0.0526687932888471
6.832	0.05269801401584343
6.833	0.05272721854814146
6.834	0.052756406912640434
6.835	0.0527855791361624
6.835999999999999	0.05281473524546089
6.837	0.052843875267206936
6.838	0.0528729992280054
6.8389999999999995	0.052902107154386244
6.84	0.052931199072801804
6.840999999999999	0.052960275009638395
6.842	0.052989334991206984
6.843	0.053018379043745074
6.843999999999999	0.05304740719342045
6.845	0.05307641946632809
6.846	0.053105415888493275
6.8469999999999995	0.053134396485867076
6.848	0.053163361284333494
6.849	0.05319231030970404
6.85	0.05322124358772012
6.851	0.05325016114405327
6.851999999999999	0.05327906300430614
6.853	0.05330794919401079
6.854	0.05333681973863179
6.8549999999999995	0.053365674663562034
6.856	0.053394513994128194
6.856999999999999	0.05342333775558997
6.858	0.053452145973133976
6.859	0.05348093867188221
6.859999999999999	0.053509715876889144
6.861	0.053538477613142565
6.862	0.05356722390556053
6.8629999999999995	0.05359595477899647
6.864	0.05362467025823639
6.864999999999999	0.053653370368001226
6.866	0.05368205513294292
6.867	0.05371072457764891
6.867999999999999	0.053739378726643805
6.869	0.053768017604382705
6.869999999999999	0.053796641235258964
6.8709999999999996	0.053825249643598375
6.872	0.05385384285366401
6.872999999999999	0.05388242088965211
6.874	0.0539109837756988
6.875	0.053939531535874004
6.8759999999999994	0.053968064194182326
6.877	0.053996581774566545
6.878	0.05402508430090669
6.879	0.054053571797019855
6.88	0.05408204428666015
6.880999999999999	0.05411050179351726
6.882	0.05413894434122219
6.883	0.05416737195334246
6.8839999999999995	0.054195784653379604
6.885	0.054224182464780155
6.885999999999999	0.05425256541092766
6.887	0.05428093351513972
6.888	0.05430928680067919
6.888999999999999	0.05433762529074475
6.89	0.05436594900847455
6.891	0.05439425797694851
6.8919999999999995	0.0544225522191861
6.893	0.054450831758145954
6.894	0.05447909661672484
6.895	0.054507346817764486
6.896	0.05453558238404784
6.897	0.05456380333829316
6.898	0.05459200970316669
6.899	0.05462020150127063
6.8999999999999995	0.054648378755152056
6.901	0.05467654148729951
6.902	0.05470468972014271
6.903	0.05473282347605309
6.904	0.05476094277734977
6.904999999999999	0.05478904764628679
6.906	0.054817138105065964
6.907	0.05484521417583122
6.9079999999999995	0.054873275880669446
6.909	0.054901323241611594
6.91	0.05492935628063468
6.911	0.054957375019652414
6.912	0.054985379480530394
6.912999999999999	0.055013369685075544
6.914	0.05504134565503837
6.915	0.05506930741211656
6.9159999999999995	0.05509725497794984
6.917	0.05512518837412513
6.917999999999999	0.05515310762217467
6.919	0.05518101274357429
6.92	0.055208903759749205
6.920999999999999	0.0552367806920655
6.922	0.05526464356183846
6.923	0.05529249239033183
6.9239999999999995	0.055320327198751
6.925	0.055348148008249894
6.926	0.05537595483993214
6.927	0.05540374771484251
6.928	0.05543152665397912
6.928999999999999	0.055459291678282605
6.93	0.055487042808647434
6.930999999999999	0.055514780065907786
6.9319999999999995	0.05554250347085163
6.933	0.05557021304421233
6.933999999999999	0.05559790880667401
6.935	0.05562559077886584
6.936	0.05565325898136917
6.936999999999999	0.05568091343471286
6.938	0.055708554159374486
6.939	0.05573618117578
6.9399999999999995	0.055763794504306984
6.941	0.05579139416527996
6.942	0.05581898017897453
6.943	0.05584655256561808
6.944	0.055874111345385155
6.944999999999999	0.055901656538401644
6.946	0.05592918816474364
6.946999999999999	0.05595670624443954
6.9479999999999995	0.05598421079746412
6.949	0.05601170184375091
6.949999999999999	0.05603917940317478
6.951	0.05606664349556833
6.952	0.05609409414071557
6.952999999999999	0.056121531358348915
6.954	0.05614895516815489
6.955	0.05617636558977125
6.9559999999999995	0.05620376264278815
6.957	0.05623114634674875
6.957999999999999	0.05625851672114598
6.959	0.05628587378542737
6.959999999999999	0.05631321755899259
6.960999999999999	0.05634054806119739
6.962	0.05636786531134354
6.962999999999999	0.05639516932869394
6.9639999999999995	0.05642246013245903
6.965	0.0564497377418057
6.965999999999999	0.05647700217585338
6.967	0.056504253453676226
6.968	0.05653149159430311
6.968999999999999	0.05655871661671314
6.97	0.05658592853984499
6.971	0.05661312738259042
6.9719999999999995	0.056640313163790805
6.973	0.056667485902249015
6.973999999999999	0.05669464561672197
6.975	0.0567217923259159
6.975999999999999	0.0567489260484983
6.976999999999999	0.05677604680309029
6.978	0.05680315460826703
6.978999999999999	0.0568302494825621
6.9799999999999995	0.05685733144446176
6.981	0.05688440051241093
6.981999999999999	0.05691145670481148
6.983	0.056938500040015945
6.984	0.056965530536340674
6.984999999999999	0.05699254821205184
6.986	0.057019553085376894
6.987	0.05704654517449915
6.9879999999999995	0.05707352449755935
6.989	0.05710049107265206
6.99	0.057127444917832025
6.991	0.05715438605111191
6.992	0.05718131449046152
6.992999999999999	0.05720823025380685
6.994	0.05723513335903319
6.994999999999999	0.05726202382398287
6.9959999999999996	0.05728890166645705
6.997	0.057315766904214714
6.997999999999999	0.05734261955497323
6.999	0.05736945963640892
7.	0.05739628716615749
7.0009999999999994	0.05742310216181198
7.002	0.05744990464092363
7.003	0.05747669462100552
7.004	0.057503472119529414
7.005	0.05753023715392224
7.005999999999999	0.05755698974157631
7.007	0.05758372989983924
7.007999999999999	0.057610457646020935
7.0089999999999995	0.05763717299738911
7.01	0.05766387597117332
7.010999999999999	0.05769056658456325
7.012	0.05771724485470513
7.013	0.057743910798712744
7.013999999999999	0.05777056443365228
7.015	0.05779720577655734
7.016	0.057823834844416944
7.0169999999999995	0.05785045165418566
7.018	0.05787705622277432
7.019	0.057903648567059124
7.02	0.05793022870387515
7.021	0.0579567966500201
7.021999999999999	0.05798335242225286
7.023	0.058009896037292605
7.023999999999999	0.058036427511821816
7.0249999999999995	0.05806294686248355
7.026	0.058089454105886874
7.026999999999999	0.05811594925859609
7.028	0.05814243233714232
7.029	0.05816890335802015
7.029999999999999	0.05819536233768281
7.031	0.058221809292547645
7.032	0.05824824423899843
7.0329999999999995	0.058274667193375415
7.034	0.058301078171985925
7.034999999999999	0.058327477191097925
7.036	0.058353864266946526
7.036999999999999	0.058380239415726704
7.037999999999999	0.058406602653594514
7.039	0.05843295399667687
7.039999999999999	0.058459293461060186
7.0409999999999995	0.05848562106279362
7.042	0.058511936817889125
7.042999999999999	0.05853824074232739
7.044	0.05856453285205
7.045	0.058590813162963974
7.045999999999999	0.05861708169094018
7.047	0.05864333845181277
7.048	0.058669583461382305
7.0489999999999995	0.05869581673541274
7.05	0.05872203828963597
7.051	0.05874824813974243
7.052	0.058774446301392405
7.053	0.05880063279021165
7.053999999999999	0.058826807621788484
7.055	0.05885297081167825
7.055999999999999	0.05887912237540002
7.0569999999999995	0.05890526232844175
7.058	0.05893139068625413
7.058999999999999	0.05895750746425298
7.06	0.05898361267782322
7.061	0.05900970634231265
7.061999999999999	0.05903578847303655
7.063	0.059061859085276905
7.064	0.05908791819428115
7.0649999999999995	0.0591139658152633
7.066	0.05914000196340424
7.067	0.05916602665385058
7.068	0.05919203990171572
7.069	0.05921804172208064
7.069999999999999	0.05924403212999117
7.071	0.05927001114046496
7.071999999999999	0.059295978768481444
7.0729999999999995	0.05932193502899198
7.074	0.059347879936908314
7.074999999999999	0.059373813507117824
7.076	0.05939973575446891
7.077	0.059425646693782294
7.077999999999999	0.059451546339842294
7.079	0.05947743470740566
7.08	0.05950331181119181
7.0809999999999995	0.05952917766589215
7.082	0.05955503228616413
7.082999999999999	0.05958087568663618
7.084	0.05960670788189924
7.084999999999999	0.05963252888651942
7.085999999999999	0.05965833871502546
7.087	0.059684137381919966
7.087999999999999	0.05970992490167094
7.0889999999999995	0.05973570128871547
7.09	0.05976146655745935
7.090999999999999	0.05978722072227858
7.092	0.059812963797518666
7.093	0.0598386957974916
7.093999999999999	0.05986441673647926
7.095	0.05989012662873621
7.096	0.059915825488481185
7.0969999999999995	0.05994151332990918
7.098	0.0599671901671762
7.099	0.059992856014415834
7.1	0.060018510885725684
7.101	0.060044154795177045
7.101999999999999	0.06006978775680838
7.103	0.0600954097846332
7.103999999999999	0.06012102089262814
7.1049999999999995	0.060146621094744564
7.106	0.06017221040490445
7.106999999999999	0.060197788836997175
7.108	0.06022335640488388
7.109	0.06024891312239782
7.109999999999999	0.060274459003342114
7.111	0.06029999406148968
7.112	0.060325518310584726
7.1129999999999995	0.06035103176434492
7.114	0.06037653443645263
7.115	0.06040202634056796
7.116	0.06042750749031867
7.117	0.06045297789930613
7.117999999999999	0.060478437581099144
7.119	0.06050388654924393
7.119999999999999	0.06052932481725107
7.1209999999999996	0.06055475239860869
7.122	0.06058016930677281
7.122999999999999	0.06060557555517579
7.124	0.060630971157215795
7.125	0.06065635612626662
7.1259999999999994	0.06068173047567452
7.127	0.06070709421875476
7.128	0.06073244736879961
7.129	0.06075778993906857
7.13	0.060783121942797905
7.130999999999999	0.06080844339319061
7.132	0.06083375430342967
7.132999999999999	0.060859054686665144
7.1339999999999995	0.06088434455602018
7.135	0.06090962392459239
7.135999999999999	0.060934892805452986
7.137	0.06096015121164395
7.138	0.06098539915618052
7.138999999999999	0.06101063665205234
7.14	0.06103586371222148
7.141	0.061061080349623084
7.1419999999999995	0.061086286577163716
7.143	0.06111148240772894
7.143999999999999	0.06113666785417029
7.145	0.061161842929320254
7.145999999999999	0.061187007645978536
7.146999999999999	0.06121216201692173
7.148	0.061237306054900235
7.148999999999999	0.06126243977263849
7.1499999999999995	0.06128756318283342
7.151	0.061312676298155136
7.151999999999999	0.06133777913125314
7.153	0.061362871694744574
7.154	0.061387954001224564
7.154999999999999	0.0614130260632599
7.156	0.06143808789339502
7.157	0.06146313950414494
7.1579999999999995	0.06148818090800277
7.159	0.061513212117433866
7.159999999999999	0.06153823314488091
7.161	0.06156324400275855
7.161999999999999	0.061588244703454864
7.162999999999999	0.061613235259337824
7.164	0.06163821568274531
7.164999999999999	0.06166318598599531
7.1659999999999995	0.06168814618137671
7.167	0.06171309628115274
7.167999999999999	0.06173803629756718
7.169	0.06176296624283143
7.17	0.061787886129142405
7.170999999999999	0.06181279596866291
7.172	0.06183769577353677
7.173	0.06186258555587893
7.1739999999999995	0.06188746532778558
7.175	0.06191233510132472
7.176	0.06193719488854171
7.177	0.06196204470145531
7.178	0.06198688455206307
7.178999999999999	0.062011714452338836
7.18	0.06203653441422935
7.180999999999999	0.06206134444965865
7.1819999999999995	0.06208614457053001
7.183	0.06211093478871799
7.183999999999999	0.06213571511607747
7.185	0.06216048556443854
7.186	0.062185246145603945
7.186999999999999	0.06220999687135868
7.188	0.06223473775346503
7.189	0.06225946880365248
7.1899999999999995	0.06228419003363827
7.191	0.06230890145511051
7.191999999999999	0.0623336030797338
7.193	0.062358294919154934
7.193999999999999	0.062382976984988986
7.194999999999999	0.062407649288836034
7.196	0.06243231184226895
7.196999999999999	0.06245696465683996
7.1979999999999995	0.06248160774407709
7.199	0.06250624111548568
7.199999999999999	0.06253086478254764
7.201	0.06255547875672632
7.202	0.0625800830494574
7.202999999999999	0.06260467767215719
7.204	0.0626292626362194
7.205	0.0626538379530109
7.2059999999999995	0.06267840363388517
7.207	0.06270295969016508
7.207999999999999	0.06272750613315548
7.209	0.06275204297413746
7.21	0.06277657022437334
7.210999999999999	0.06280108789509752
7.212	0.06282559599752832
7.212999999999999	0.06285009454285888
7.2139999999999995	0.06287458354226116
7.215	0.0628990630068839
7.215999999999999	0.06292353294785946
7.217	0.06294799337629338
7.218	0.06297244430326938
7.218999999999999	0.06299688573985586
7.22	0.06302131769709148
7.221	0.06304574018599816
7.2219999999999995	0.0630701532175761
7.223	0.06309455680280407
7.224	0.06311895095263954
7.225	0.06314333567801708
7.226	0.06316771098985408
7.226999999999999	0.06319207689904242
7.228	0.06321643341645634
7.228999999999999	0.06324078055294825
7.2299999999999995	0.0632651183193479
7.231	0.06328944672646719
7.231999999999999	0.06331376578509404
7.233	0.06333807550599893
7.234	0.06336237589992907
7.234999999999999	0.06338666697761348
7.236	0.06341094874975604
7.237	0.06343522122704537
7.2379999999999995	0.06345948442014733
7.239	0.0634837383397089
7.239999999999999	0.06350798299635456
7.241	0.06353221840068761
7.241999999999999	0.06355644456329583
7.242999999999999	0.06358066149474156
7.244	0.06360486920557075
7.244999999999999	0.06362906770630966
7.2459999999999996	0.06365325700745872
7.247	0.06367743711950472
7.247999999999999	0.06370160805291378
7.249	0.06372576981812657
7.25	0.06374992242557363
7.2509999999999994	0.06377406588565736
7.252	0.06379820020876176
7.253	0.06382232540525429
7.254	0.06384644148548425
7.255	0.06387054845977434
7.255999999999999	0.06389464633843273
7.257	0.0639187351317488
7.257999999999999	0.0639428148499899
7.2589999999999995	0.06396688550340585
7.26	0.06399094710222782
7.260999999999999	0.06401499965666416
7.262	0.06403904317690709
7.263	0.06406307767313056
7.263999999999999	0.06408710315548509
7.265	0.06411111963410898
7.266	0.06413512711911391
7.2669999999999995	0.06415912562059774
7.268	0.0641831151486382
7.269	0.06420709571329321
7.27	0.06423106732460364
7.271	0.06425502999259036
7.271999999999999	0.06427898372725467
7.273	0.0643029285385854
7.273999999999999	0.06432686443653912
7.2749999999999995	0.06435079143107003
7.276	0.06437470953210453
7.276999999999999	0.0643986187495498
7.278	0.06442251909330142
7.279	0.06444641057323072
7.279999999999999	0.06447029319919172
7.281	0.06449416698102144
7.282	0.06451803192853929
7.2829999999999995	0.06454188805154142
7.284	0.0645657353598158
7.285	0.06458957386312342
7.286	0.06461340357121181
7.287	0.06463722449380639
7.287999999999999	0.06466103664061926
7.289	0.06468484002134217
7.289999999999999	0.06470863464565017
7.2909999999999995	0.06473242052319826
7.292	0.06475619766362621
7.292999999999999	0.06477996607655784
7.294	0.06480372577159353
7.295	0.06482747675831954
7.295999999999999	0.06485121904630657
7.297	0.06487495264510051
7.298	0.06489867756424154
7.2989999999999995	0.06492239381324273
7.3	0.06494610140160109
7.301	0.06496980033880077
7.302	0.06499349063430154
7.303	0.0650171722975553
7.303999999999999	0.06504084533799047
7.305	0.06506450976501589
7.305999999999999	0.06508816558803078
7.3069999999999995	0.0651118128164122
7.308	0.06513545145951918
7.308999999999999	0.06515908152670068
7.31	0.06518270302728132
7.311	0.06520631597057072
7.311999999999999	0.0652299203658625
7.313	0.06525351622243611
7.314	0.0652771035495474
7.3149999999999995	0.06530068235644401
7.316	0.06532425265234895
7.317	0.06534781444647539
7.318	0.06537136774801393
7.319	0.06539491256614301
7.319999999999999	0.06541844891002269
7.321	0.06544197678879513
7.321999999999999	0.06546549621159044
7.3229999999999995	0.06548900718751678
7.324	0.06551250972566965
7.324999999999999	0.06553600383512845
7.326	0.0655594895249555
7.327	0.0655829668041962
7.327999999999999	0.0656064356818771
7.329	0.06562989616701698
7.33	0.0656533482686099
7.3309999999999995	0.06567679199563754
7.332	0.06570022735706506
7.333	0.06572365436184317
7.334	0.06574707301890395
7.335	0.06577048333716376
7.335999999999999	0.06579388532552698
7.337	0.06581727899287751
7.337999999999999	0.0658406643480871
7.3389999999999995	0.06586404140000816
7.34	0.06588741015747786
7.340999999999999	0.0659107706293246
7.342	0.0659341228243493
7.343	0.06595746675134677
7.343999999999999	0.0659808024190921
7.345	0.06600412983634706
7.346	0.0660274490118559
7.3469999999999995	0.06605075995434832
7.348	0.0660740626725388
7.349	0.06609735717512623
7.35	0.0661206434707935
7.351	0.06614392156820986
7.351999999999999	0.06616719147602694
7.353	0.0661904532028859
7.353999999999999	0.0662137067574044
7.3549999999999995	0.06623695214819472
7.356	0.0662601893838446
7.356999999999999	0.06628341847293488
7.358	0.06630663942402668
7.359	0.06632985224566797
7.359999999999999	0.06635305694639088
7.361	0.06637625353471176
7.362	0.06639944201913436
7.3629999999999995	0.06642262240814532
7.364	0.06644579471022079
7.365	0.06646895893381496
7.366	0.06649211508737182
7.367	0.06651526317932291
7.367999999999999	0.06653840321807974
7.369	0.06656153521204138
7.369999999999999	0.06658465916959506
7.3709999999999996	0.0666077750991099
7.372	0.066630883008941
7.372999999999999	0.06665398290743026
7.374	0.06667707480290508
7.375	0.06670015870367657
7.3759999999999994	0.06672323461804443
7.377	0.06674630255429165
7.378	0.06676936252068572
7.379	0.0667924145254849
7.38	0.06681545857692711
7.381	0.06683849468324146
7.382	0.06686152285263895
7.383	0.06688454309331877
7.3839999999999995	0.06690755541346569
7.385	0.06693055982124736
7.385999999999999	0.06695355632482322
7.387	0.06697654493233335
7.388	0.06699952565190678
7.388999999999999	0.06702249849165492
7.39	0.06704546345968301
7.391	0.06706842056407451
7.3919999999999995	0.06709136981290245
7.393	0.06711431121422544
7.393999999999999	0.06713724477608861
7.395	0.06716017050652459
7.395999999999999	0.06718308841354877
7.396999999999999	0.06720599850516688
7.398	0.06722890078936754
7.398999999999999	0.06725179527412971
7.3999999999999995	0.06727468196741435
7.401	0.06729756087717301
7.401999999999999	0.06732043201133903
7.403	0.06734329537783858
7.404	0.06736615098457815
7.404999999999999	0.06738899883945451
7.406	0.06741183895034845
7.407	0.06743467132513219
7.4079999999999995	0.06745749597165841
7.409	0.06748031289777012
7.409999999999999	0.06750312211129718
7.411	0.06752592362005501
7.411999999999999	0.067548717431848
7.412999999999999	0.06757150355446337
7.414	0.0675942819956783
7.414999999999999	0.06761705276325534
7.4159999999999995	0.06763981586494819
7.417	0.0676625713084889
7.417999999999999	0.0676853191016067
7.419	0.06770805925200919
7.42	0.06773079176739621
7.420999999999999	0.06775351665545475
7.422	0.06777623392385272
7.423	0.06779894358025368
7.4239999999999995	0.06782164563230438
7.425	0.06784434008763716
7.425999999999999	0.06786702695387326
7.427	0.0678897062386228
7.427999999999999	0.06791237794947975
7.428999999999999	0.06793504209402894
7.43	0.06795769867984004