0.0922	1.e-9
0.0932	5.4804935366195624e-14
0.0942	3.902994942321908e-14
0.0952	3.2093359161331584e-14
0.09620000000000001	2.798844319961483e-14
0.09720000000000001	2.5207361185888575e-14
0.09820000000000001	2.3169235448234095e-14
0.09920000000000001	2.1596586103258693e-14
0.10020000000000001	2.033800405102471e-14
0.10120000000000001	1.9302972702084832e-14
0.1022	1.843363670783715e-14
0.1032	1.7691073982169027e-14
0.1042	1.7048016814900533e-14
0.1052	1.6484723242730498e-14
0.1062	1.5986504977754575e-14
0.1072	1.5542179862957643e-14
0.1082	1.5143066310675704e-14
0.1092	1.4782308878311625e-14
0.1102	1.4454413426233628e-14
0.11120000000000001	1.4154919029658159e-14
0.11220000000000001	1.3880161530336696e-14
0.11320000000000001	1.3627099953509392e-14
0.1142	1.33931869578553e-14
0.1152	1.3176270707065382e-14
0.1162	1.2974519542200161e-14
0.1172	1.2786363451645731e-14
0.1182	1.2610448087550706e-14
0.1192	1.2445598271993873e-14
0.1202	1.2290788764017876e-14
0.1212	1.2145120641352558e-14
0.1222	1.2007802066560745e-14
0.1232	1.1878132508074936e-14
0.1242	1.1755489706668954e-14
0.1252	1.1639318840759833e-14
0.1262	1.1529123465693715e-14
0.1272	1.1424457894088302e-14
0.1282	1.1324920754324987e-14
0.1292	1.1230149518076924e-14
0.1302	1.1139815829414806e-14
0.1312	1.1053621500531642e-14
0.1322	1.0971295064662182e-14
0.1332	1.089258879696995e-14
0.1342	1.0817276130250201e-14
0.13520000000000001	1.0745149405169343e-14
0.1362	1.0676017905126711e-14
0.1372	1.0609706134216275e-14
0.1382	1.054605230359486e-14
0.1392	1.0484906997147504e-14
0.1402	1.0426131991928186e-14
0.1412	1.0369599212639755e-14
0.1422	1.0315189802553999e-14
0.1432	1.0262793295882969e-14
0.1442	1.0212306878793115e-14
0.1452	1.0163634728081618e-14
0.1462	1.0116687418072479e-14
0.1472	1.0071381387588467e-14
0.1482	1.002763845995508e-14
0.1492	9.98538540992728e-15
0.1502	9.944553572226606e-15
0.1512	9.9050784870573e-15
0.1522	9.866899578553935e-15
0.1532	9.829959862614989e-15
0.1542	9.794205681009352e-15
0.1552	9.759586459016598e-15
0.1562	9.726054484185532e-15
0.1572	9.693564704076798e-15
0.1582	9.66207454109977e-15
0.1592	9.631543722767539e-15
0.1602	9.601934125880141e-15
0.1612	9.573209633309668e-15
0.1622	9.545336002204126e-15
0.1632	9.518280742553174e-15
0.1642	9.492013005169757e-15
0.1652	9.466503478239854e-15
0.16620000000000001	9.441724291679211e-15
0.16720000000000002	9.417648928612679e-15
0.16820000000000002	9.394252143360037e-15
0.16920000000000002	9.37150988537262e-15
0.17020000000000002	9.349399228619145e-15
0.17120000000000002	9.327898305966969e-15
0.17220000000000002	9.306986248148225e-15
0.17320000000000002	9.28664312693839e-15
0.17420000000000002	9.266849902209437e-15
0.17520000000000002	9.247588372550375e-15
0.17620000000000002	9.22884112917579e-15
0.17720000000000002	9.210591512867824e-15
0.17820000000000003	9.192823573719466e-15
0.17920000000000003	9.175522033467241e-15
0.1802	9.158672250219576e-15
0.1812	9.142260185403695e-15
0.1822	9.126272372768708e-15
0.1832	9.110695889296132e-15
0.1842	9.095518327881318e-15
0.1852	9.080727771660357e-15
0.1862	9.066312769867204e-15
0.1872	9.052262315114849e-15
0.1882	9.038565822002908e-15
0.1892	9.025213106961435e-15
0.1902	9.01219436924788e-15
0.1912	8.999500173020449e-15
0.1922	8.98712143041687e-15
0.1932	8.975049385573009e-15
0.1942	8.963275599520518e-15
0.1952	8.951791935907309e-15
0.1962	8.940590547488658e-15
0.1972	8.929663863340531e-15
0.1982	8.919004576750201e-15
0.1992	8.908605633742418e-15
0.2002	8.898460222202274e-15
0.2012	8.88856176155868e-15
0.2022	8.878903892994785e-15
0.2032	8.869480470154069e-15
0.2042	8.860285550312823e-15
0.2052	8.85131338599183e-15
0.2062	8.84255841698179e-15
0.2072	8.834015262758724e-15
0.2082	8.825678715267185e-15
0.2092	8.817543732050475e-15
0.2102	8.809605429708482e-15
0.2112	8.801859077664927e-15
0.2122	8.794300092226989e-15
0.2132	8.786924030921356e-15
0.2142	8.779726587091702e-15
0.2152	8.772703584743557e-15
0.2162	8.7658509736234e-15
0.2172	8.759164824519544e-15
0.2182	8.752641324773241e-15
0.2192	8.746276773988943e-15
0.2202	8.740067579933608e-15
0.2212	8.73401025461516e-15
0.2222	8.72810141053116e-15
0.2232	8.722337757078935e-15
0.2242	8.716716097119228e-15
0.2252	8.71123332368559e-15
0.2262	8.705886416832424e-15
0.2272	8.700672440614793e-15
0.22820000000000001	8.69558854019365e-15
0.22920000000000001	8.690631939060383e-15
0.23020000000000002	8.68579993637497e-15
0.23120000000000002	8.681089904412333e-15
0.23220000000000002	8.676499286111747e-15
0.23320000000000002	8.672025592724488e-15
0.23420000000000002	8.667666401555129e-15
0.23520000000000002	8.66341935379214e-15
0.23620000000000002	8.659282152423691e-15
0.2372	8.655252560234731e-15
0.2382	8.65132839788172e-15
0.2392	8.647507542041441e-15
0.2402	8.643787923630596e-15
0.2412	8.640167526093068e-15
0.2422	8.636644383751807e-15
0.2432	8.633216580222531e-15
0.2442	8.629882246886545e-15
0.2452	8.626639561420099e-15
0.2462	8.623486746377845e-15
0.2472	8.620422067828108e-15
0.2482	8.617443834037739e-15
0.2492	8.614550394204433e-15
0.2502	8.611740137234596e-15
0.2512	8.609011490564759e-15
0.2522	8.606362919024795e-15
0.2532	8.603792923741223e-15
0.2542	8.601300041078859e-15
0.2552	8.598882841619443e-15
0.2562	8.596539929175461e-15
0.2572	8.594269939838071e-15
0.2582	8.592071541057492e-15
0.2592	8.589943430754694e-15
0.2602	8.587884336463187e-15
0.2612	8.585893014499576e-15
0.2622	8.583968249161938e-15
0.2632	8.582108851954791e-15
0.2642	8.580313660839695e-15
0.2652	8.578581539510518e-15
0.2662	8.576911376692359e-15
0.2672	8.575302085463275e-15
0.2682	8.573752602597965e-15
0.2692	8.572261887932506e-15
0.2702	8.570828923749455e-15
0.2712	8.569452714182488e-15
0.2722	8.568132284639883e-15
0.2732	8.566866681246138e-15
0.2742	8.565654970301064e-15
0.2752	8.564496237755756e-15
0.2762	8.563389588704762e-15
0.2772	8.56233414689388e-15
0.2782	8.561329054243132e-15
0.2792	8.560373470384167e-15
0.2802	8.559466572211792e-15
0.2812	8.55860755344902e-15
0.2822	8.557795624225121e-15
0.2832	8.557030010666375e-15
0.2842	8.556309954498933e-15
0.2852	8.555634712663435e-15
0.2862	8.555003556940981e-15
0.2872	8.554415773590066e-15
0.2882	8.553870662994058e-15
0.2892	8.553367539318973e-15
0.2902	8.552905730181051e-15
0.2912	8.552484576323925e-15
0.2922	8.552103431305021e-15
0.2932	8.551761661190852e-15
0.2942	8.551458644260972e-15
0.2952	8.551193770720243e-15
0.2962	8.550966442419197e-15
0.2972	8.55077607258221e-15
0.2982	8.550622085543168e-15
0.2992	8.550503916488556e-15
0.3002	8.550421011207507e-15
0.3012	8.550372825848756e-15
0.3022	8.550358826684232e-15
0.3032	8.550378489879061e-15
0.3042	8.550431301267756e-15
0.3052	8.550516756136474e-15
0.3062	8.550634359011079e-15
0.30720000000000003	8.550783623450883e-15
0.30820000000000003	8.55096407184782e-15
0.30920000000000003	8.551175235230981e-15
0.31020000000000003	8.551416653076257e-15
0.31120000000000003	8.551687873120986e-15
0.31220000000000003	8.551988451183439e-15
0.31320000000000003	8.552317950986978e-15
0.31420000000000003	8.552675943988782e-15
0.31520000000000004	8.553062009212975e-15
0.31620000000000004	8.553475733088029e-15
0.31720000000000004	8.55391670928834e-15
0.31820000000000004	8.5543845385798e-15
0.31920000000000004	8.5548788286693e-15
0.32020000000000004	8.555399194058049e-15
0.32120000000000004	8.555945255898508e-15
0.32220000000000004	8.556516641854989e-15
0.32320000000000004	8.557112985967649e-15
0.32420000000000004	8.557733928519914e-15
0.32520000000000004	8.55837911590915e-15
0.32620000000000005	8.559048200520495e-15
0.32720000000000005	8.559740840603846e-15
0.32820000000000005	8.560456700153774e-15
0.32920000000000005	8.561195448792402e-15
0.33020000000000005	8.561956761655114e-15
0.33120000000000005	8.562740319279e-15
0.3322	8.563545807494007e-15
0.3332	8.564372917316647e-15
0.3342	8.565221344846308e-15
0.3352	8.566090791163961e-15
0.3362	8.56698096223329e-15
0.3372	8.56789156880415e-15
0.3382	8.56882232631827e-15
0.3392	8.569772954817203e-15
0.3402	8.570743178852358e-15
0.3412	8.571732727397176e-15
0.3422	8.572741333761288e-15
0.3432	8.57376873550668e-15
0.3442	8.574814674365759e-15
0.3452	8.575878896161315e-15
0.3462	8.576961150728266e-15
0.3472	8.578061191837227e-15
0.3482	8.579178777119739e-15
0.3492	8.580313667995244e-15
0.3502	8.581465629599686e-15
0.3512	8.582634430715647e-15
0.3522	8.583819843704122e-15
0.3532	8.585021644437757e-15
0.3542	8.586239612235554e-15
0.3552	8.587473529799057e-15
0.3562	8.588723183149883e-15
0.3572	8.5899883615687e-15
0.3582	8.591268857535412e-15
0.3592	8.592564466670756e-15
0.3602	8.593874987679114e-15
0.3612	8.595200222292547e-15
0.3622	8.59653997521604e-15
0.3632	8.597894054073952e-15
0.3642	8.599262269357539e-15
0.3652	8.600644434373666e-15
0.3662	8.602040365194545e-15
0.3672	8.603449880608562e-15
0.3682	8.604872802072168e-15
0.36920000000000003	8.606308953662692e-15
0.37020000000000003	8.60775816203223e-15
0.37120000000000003	8.609220256362464e-15
0.37220000000000003	8.61069506832036e-15
0.37320000000000003	8.612182432014898e-15
0.37420000000000003	8.613682183954593e-15
0.37520000000000003	8.615194163005911e-15
0.37620000000000003	8.616718210352589e-15
0.37720000000000004	8.618254169455718e-15
0.37820000000000004	8.61980188601467e-15
0.37920000000000004	8.621361207928816e-15
0.38020000000000004	8.622931985260021e-15
0.3812	8.624514070195859e-15
0.3822	8.626107317013629e-15
0.3832	8.62771158204503e-15
0.3842	8.629326723641593e-15
0.3852	8.630952602140728e-15
0.3862	8.63258907983254e-15
0.3872	8.634236020927233e-15
0.3882	8.635893291523143e-15
0.3892	8.637560759575478e-15
0.3902	8.639238294865579e-15
0.3912	8.640925768970835e-15
0.3922	8.642623055235183e-15
0.3932	8.644330028740127e-15
0.3942	8.64604656627641e-15
0.3952	8.64777254631613e-15
0.3962	8.649507848985444e-15
0.3972	8.651252356037823e-15
0.3982	8.65300595082776e-15
0.3992	8.65476851828498e-15
0.4002	8.656539944889201e-15
0.4012	8.658320118645302e-15
0.4022	8.660108929059017e-15
0.4032	8.661906267113027e-15
0.4042	8.663712025243546e-15
0.4052	8.665526097317332e-15
0.4062	8.667348378609114e-15
0.4072	8.669178765779462e-15
0.4082	8.671017156853045e-15
0.4092	8.672863451197274e-15
0.4102	8.674717549501417e-15
0.4112	8.676579353755983e-15
0.4122	8.678448767232584e-15
0.4132	8.68032569446411e-15
0.4142	8.682210041225264e-15
0.4152	8.684101714513484e-15
0.4162	8.686000622530175e-15
0.4172	8.687906674662318e-15
0.4182	8.689819781464354e-15
0.4192	8.691739854640436e-15
0.4202	8.693666807027007e-15
0.4212	8.695600552575645e-15
0.4222	8.697541006336255e-15
0.4232	8.699488084440518e-15
0.4242	8.701441704085677e-15
0.4252	8.703401783518591e-15
0.4262	8.705368242020046e-15
0.4272	8.707340999889366e-15
0.4282	8.709319978429317e-15
0.4292	8.71130509993119e-15
0.4302	8.713296287660256e-15
0.4312	8.715293465841385e-15
0.43220000000000003	8.717296559644958e-15
0.43320000000000003	8.719305495172984e-15
0.43420000000000003	8.72132019944551e-15
0.43520000000000003	8.723340600387237e-15
0.43620000000000003	8.725366626814322e-15
0.43720000000000003	8.727398208421504e-15
0.43820000000000003	8.729435275769336e-15
0.43920000000000003	8.73147776027173e-15
0.44020000000000004	8.733525594183647e-15
0.44120000000000004	8.73557871058903e-15
0.44220000000000004	8.737637043388923e-15
0.44320000000000004	8.7397005272898e-15
0.4442	8.74176909779209e-15
0.4452	8.74384269117888e-15
0.4462	8.745921244504825e-15
0.4472	8.748004695585211e-15
0.4482	8.750092982985256e-15
0.4492	8.752186046009519e-15
0.4502	8.754283824691536e-15
0.4512	8.75638625978361e-15
0.4522	8.758493292746751e-15
0.4532	8.760604865740787e-15
0.4542	8.762720921614698e-15
0.4552	8.764841403896987e-15
0.4562	8.766966256786317e-15
0.4572	8.769095425142252e-15
0.4582	8.771228854476129e-15
0.4592	8.77336649094213e-15
0.4602	8.775508281328461e-15
0.4612	8.777654173048666e-15
0.4622	8.779804114133113e-15
0.4632	8.78195805322057e-15
0.4642	8.784115939549974e-15
0.4652	8.786277722952281e-15
0.4662	8.788443353842462e-15
0.4672	8.790612783211623e-15
0.4682	8.792785962619258e-15
0.4692	8.794962844185616e-15
0.4702	8.7971433805842e-15
0.4712	8.799327525034353e-15
0.4722	8.801515231293985e-15
0.4732	8.803706453652425e-15
0.4742	8.80590114692333e-15
0.4752	8.808099266437781e-15
0.4762	8.810300768037425e-15
0.4772	8.81250560806774e-15
0.4782	8.81471374337142e-15
0.4792	8.816925131281827e-15
0.4802	8.819139729616584e-15
0.4812	8.821357496671244e-15
0.4822	8.82357839121304e-15
0.4832	8.825802372474766e-15
0.4842	8.828029400148722e-15
0.4852	8.830259434380779e-15
0.4862	8.832492435764492e-15
0.4872	8.834728365335315e-15
0.4882	8.836967184564977e-15
0.4892	8.839208855355787e-15
0.4902	8.841453340035193e-15
0.4912	8.843700601350312e-15
0.4922	8.845950602462556e-15
0.4932	8.848203306942396e-15
0.49420000000000003	8.850458678764148e-15
0.49520000000000003	8.852716682300823e-15
0.49620000000000003	8.854977282319131e-15
0.49720000000000003	8.857240443974478e-15
0.49820000000000003	8.859506132806065e-15
0.49920000000000003	8.861774314732085e-15
0.5002	8.864044956044947e-15
0.5012000000000001	8.86631802340659e-15
0.5022	8.86859348384387e-15
0.5032000000000001	8.87087130474402e-15
0.5042	8.873151453850146e-15
0.5052000000000001	8.875433899256809e-15
0.5062	8.877718609405681e-15
0.5072000000000001	8.880005553081232e-15
0.5082	8.882294699406511e-15
0.5092	8.884586017838988e-15
0.5102	8.886879478166402e-15
0.5112	8.889175050502753e-15
0.5122	8.891472705284261e-15
0.5132	8.893772413265467e-15
0.5142	8.896074145515323e-15
0.5152	8.898377873413402e-15
0.5162	8.900683568646053e-15
0.5172	8.90299120320276e-15
0.5182	8.905300749372419e-15
0.5192	8.907612179739752e-15
0.5202	8.909925467181707e-15
0.5212	8.912240584863994e-15
0.5222	8.914557506237551e-15
0.5232	8.91687620503518e-15
0.5242	8.91919665526815e-15
0.5252	8.921518831222887e-15
0.5262	8.92384270745766e-15
0.5272	8.926168258799401e-15
0.5282	8.928495460340451e-15
0.5292	8.930824287435484e-15
0.5302	8.933154715698347e-15
0.5312	8.935486720999036e-15
0.5322	8.937820279460653e-15
0.5332	8.940155367456447e-15
0.5342	8.942491961606869e-15
0.5352	8.944830038776684e-15
0.5362	8.947169576072098e-15
0.5372	8.949510550837946e-15
0.5382	8.95185294065492e-15
0.5392	8.954196723336811e-15
0.5402	8.956541876927827e-15
0.5412	8.958888379699875e-15
0.5422	8.961236210149982e-15
0.5432	8.963585346997665e-15
0.5442	8.965935769182368e-15
0.5452	8.96828745586093e-15
0.5462	8.970640386405107e-15
0.5472	8.972994540399084e-15
0.5482	8.975349897637058e-15
0.5492	8.977706438120821e-15
0.5502	8.980064142057437e-15
0.5512	8.98242298985683e-15
0.5522	8.984782962129573e-15
0.5532	8.987144039684514e-15
0.5542	8.989506203526611e-15
0.5552	8.991869434854671e-15
0.5562	8.994233715059165e-15
0.5572	8.996599025720087e-15
0.5582	8.998965348604814e-15
0.5592	9.001332665665991e-15
0.5602	9.003700959039476e-15
0.5612	9.006070211042268e-15
0.5622	9.00844040417049e-15
0.5632	9.010811521097424e-15
0.5642	9.013183544671467e-15
0.5652	9.015556457914278e-15
0.5662	9.017930244018757e-15
0.5672	9.020304886347231e-15
0.5682	9.022680368429535e-15
0.5692	9.025056673961176e-15
0.5702	9.027433786801499e-15
0.5712	9.029811690971916e-15
0.5722	9.032190370654072e-15
0.5731999999999999	9.034569810188129e-15
0.5742	9.036949994071016e-15
0.5751999999999999	9.039330906954734e-15
0.5762	9.041712533644625e-15
0.5771999999999999	9.044094859097732e-15
0.5782	9.046477868421142e-15
0.5791999999999999	9.048861546870368e-15
0.5802	9.051245879847707e-15
0.5811999999999999	9.053630852900673e-15
0.5822	9.056016451720442e-15
0.5831999999999999	9.058402662140276e-15
0.5842	9.060789470133994e-15
0.5851999999999999	9.063176861814494e-15
0.5862	9.065564823432191e-15
0.5871999999999999	9.06795334137363e-15
0.5882000000000001	9.070342402159951e-15
0.5892	9.072731992445507e-15
0.5902000000000001	9.075122099016389e-15
0.5912	9.07751270878908e-15
0.5922000000000001	9.079903808809023e-15
0.5932	9.082295386249277e-15
0.5942000000000001	9.084687428409146e-15
0.5952	9.087079922712842e-15
0.5962000000000001	9.089472856708192e-15
0.5972	9.091866218065296e-15
0.5982000000000001	9.094259994575263e-15
0.5992	9.09665417414893e-15
0.6002000000000001	9.09904874481559e-15
0.6012	9.101443694721773e-15
0.6022000000000001	9.103839012130011e-15
0.6032	9.106234685417598e-15
0.6042000000000001	9.10863070307543e-15
0.6052	9.111027053706802e-15
0.6062000000000001	9.11342372602623e-15
0.6072	9.115820708858297e-15
0.6082000000000001	9.118217991136528e-15
0.6092	9.120615561902235e-15
0.6102000000000001	9.123013410303417e-15
0.6112	9.125411525593651e-15
0.6122000000000001	9.127809897131004e-15
0.6132	9.130208514376955e-15
0.6142000000000001	9.13260736689532e-15
0.6152	9.13500644435122e-15
0.6162000000000001	9.137405736510025e-15
0.6172	9.139805233236346e-15
0.6182000000000001	9.142204924492983e-15
0.6192	9.144604800339958e-15
0.6202000000000001	9.1470048509335e-15
0.6212	9.149405066525071e-15
0.6222000000000001	9.151805437460415e-15
0.6232	9.154205954178554e-15
0.6242000000000001	9.156606607210882e-15
0.6252	9.159007387180226e-15
0.6262000000000001	9.161408284799904e-15
0.6272	9.163809290872797e-15
0.6282000000000001	9.166210396290496e-15
0.6292	9.168611592032348e-15
0.6302000000000001	9.17101286916462e-15
0.6312	9.1734142188396e-15
0.6322000000000001	9.175815632294739e-15
0.6332	9.178217100851783e-15
0.6342000000000001	9.180618615915965e-15
0.6352	9.18302016897514e-15
0.6362000000000001	9.18542175159895e-15
0.6372	9.18782335543805e-15
0.6382000000000001	9.190224972223277e-15
0.6392	9.19262659376483e-15
0.6402000000000001	9.195028211951541e-15
0.6412	9.19742981875001e-15
0.6422000000000001	9.19983140620393e-15
0.6432	9.202232966433247e-15
0.6442000000000001	9.204634491633445e-15
0.6452	9.2070359740748e-15
0.6462000000000001	9.20943740610162e-15
0.6472	9.211838780131544e-15
0.6482000000000001	9.214240088654806e-15
0.6492	9.216641324233523e-15
0.6502000000000001	9.219042479500987e-15
0.6512	9.221443547160968e-15
0.6522000000000001	9.223844519987053e-15
0.6532	9.226245390821925e-15
0.6542000000000001	9.228646152576696e-15
0.6552	9.23104679823026e-15
0.6562000000000001	9.233447320828624e-15
0.6572	9.23584771348424e-15
0.6582000000000001	9.23824796937539e-15
0.6592	9.240648081745516e-15
0.6602000000000001	9.243048043902622e-15
0.6612	9.245447849218609e-15
0.6622000000000001	9.2478474911287e-15
0.6632	9.25024696313081e-15
0.6642000000000001	9.252646258784924e-15
0.6652	9.255045371712532e-15
0.6662000000000001	9.25744429559601e-15
0.6672	9.259843024178072e-15
0.6682000000000001	9.26224155126114e-15
0.6692	9.264639870706814e-15
0.6701999999999999	9.2670379764353e-15
0.6712	9.269435862424818e-15
0.6721999999999999	9.271833522711079e-15
0.6732	9.274230951386757e-15
0.6741999999999999	9.276628142600878e-15
0.6752	9.27902509055836e-15
0.6761999999999999	9.281421789519422e-15
0.6772	9.28381823379909e-15
0.6781999999999999	9.286214417766683e-15
0.6792	9.288610335845284e-15
0.6801999999999999	9.291005982511237e-15
0.6812	9.293401352293621e-15
0.6821999999999999	9.295796439773799e-15
0.6832	9.298191239584901e-15
0.6841999999999999	9.300585746411313e-15
0.6852	9.302979954988242e-15
0.6861999999999999	9.305373860101203e-15
0.6872	9.307767456585554e-15
0.6881999999999999	9.310160739326047e-15
0.6892	9.31255370325634e-15
0.6901999999999999	9.314946343358551e-15
0.6912	9.317338654662817e-15
0.6921999999999999	9.319730632246827e-15
0.6932	9.322122271235386e-15
0.6941999999999999	9.324513566799989e-15
0.6952	9.326904514158346e-15
0.6961999999999999	9.329295108574014e-15
0.6972	9.331685345355925e-15
0.6981999999999999	9.334075219857975e-15
0.6992	9.336464727478624e-15
0.7001999999999999	9.338853863660462e-15
0.7012	9.341242623889805e-15
0.7021999999999999	9.343631003696314e-15
0.7032	9.346018998652562e-15
0.7041999999999999	9.348406604373665e-15
0.7052	9.350793816516884e-15
0.7061999999999999	9.353180630781224e-15
0.7072	9.355567042907071e-15
0.7081999999999999	9.35795304867579e-15
0.7092	9.360338643909373e-15
0.7101999999999999	9.362723824470051e-15
0.7112	9.365108586259934e-15
0.7121999999999999	9.36749292522063e-15
0.7132000000000001	9.369876837332914e-15
0.7142	9.372260318616351e-15
0.7152000000000001	9.374643365128936e-15
0.7162	9.377025972966777e-15
0.7172000000000001	9.379408138263691e-15
0.7182	9.38178985719094e-15
0.7192000000000001	9.384171125956809e-15
0.7202	9.386551940806329e-15
0.7212000000000001	9.388932298020916e-15
0.7222	9.391312193918064e-15
0.7232000000000001	9.393691624850986e-15
0.7242	9.396070587208323e-15
0.7252000000000001	9.398449077413814e-15
0.7262	9.400827091925968e-15
0.7272000000000001	9.403204627237766e-15
0.7282	9.40558167987634e-15
0.7292000000000001	9.407958246402675e-15
0.7302	9.410334323411318e-15
0.7312000000000001	9.412709907530027e-15
0.7322	9.415084995419537e-15
0.7332000000000001	9.417459583773223e-15
0.7342	9.419833669316806e-15
0.7352000000000001	9.4222072488081e-15
0.7362	9.424580319036695e-15
0.7372000000000001	9.426952876823679e-15
0.7382	9.429324919021345e-15
0.7392000000000001	9.43169644251297e-15
0.7402	9.434067444212445e-15
0.7412000000000001	9.4364379210641e-15
0.7422	9.438807870042351e-15
0.7432000000000001	9.4411772881515e-15
0.7442	9.443546172425425e-15
0.7452000000000001	9.445914519927346e-15
0.7462	9.448282327749525e-15
0.7472000000000001	9.450649593013072e-15
0.7482	9.453016312867628e-15
0.7492000000000001	9.455382484491162e-15
0.7502	9.457748105089682e-15
0.7512000000000001	9.46011317189702e-15
0.7522	9.462477682174557e-15
0.7532000000000001	9.464841633211009e-15
0.7542	9.467205022322163e-15
0.7552000000000001	9.469567846850658e-15
0.7562	9.471930104165739e-15
0.7572000000000001	9.474291791663017e-15
0.7582	9.476652906764259e-15
0.7592000000000001	9.479013446917154e-15
0.7602	9.481373409595057e-15
0.7612000000000001	9.483732792296793e-15
0.7622	9.486091592546437e-15
0.7632000000000001	9.488449807893081e-15
0.7642	9.490807435910617e-15
0.7652000000000001	9.49316447419753e-15
0.7662	9.495520920376663e-15
0.7672000000000001	9.497876772095037e-15
0.7682	9.500232027023621e-15
0.7692000000000001	9.50258668285711e-15
0.7702	9.504940737313754e-15
0.7712000000000001	9.507294188135128e-15
0.7722	9.509647033085933e-15
0.7732000000000001	9.5119992699538e-15
0.7742	9.51435089654911e-15
0.7752000000000001	9.516701910704747e-15
0.7762	9.519052310275961e-15
0.7772000000000001	9.521402093140133e-15
0.7782	9.523751257196615e-15
0.7792000000000001	9.526099800366502e-15
0.7802	9.528447720592501e-15
0.7812000000000001	9.53079501583869e-15
0.7822	9.533141684090353e-15
0.7832000000000001	9.535487723353815e-15
0.7842	9.53783313165624e-15
0.7852000000000001	9.540177907045466e-15
0.7862	9.542522047589806e-15
0.7872000000000001	9.544865551377903e-15
0.7882	9.547208416518528e-15
0.7892000000000001	9.549550641140439e-15
0.7902	9.551892223392164e-15
0.7912000000000001	9.554233161441889e-15
0.7922	9.55657345347722e-15
0.7932000000000001	9.558913097705108e-15
0.7942	9.561252092351592e-15
0.7952000000000001	9.563590435661687e-15
0.7962	9.565928125899228e-15
0.7971999999999999	9.568265161346678e-15
0.7982	9.570601540304995e-15
0.7991999999999999	9.572937261093458e-15
0.8002	9.57527232204952e-15
0.8011999999999999	9.577606721528657e-15
0.8022	9.579940457904208e-15
0.8031999999999999	9.582273529567221e-15
0.8042	9.584605934926328e-15
0.8051999999999999	9.586937672407541e-15
0.8062	9.589268740454167e-15
0.8071999999999999	9.591599137526633e-15
0.8082	9.59392886210232e-15
0.8091999999999999	9.596257912675469e-15
0.8102	9.598586287756988e-15
0.8111999999999999	9.600913985874355e-15
0.8122	9.603241005571442e-15
0.8131999999999999	9.605567345408412e-15
0.8142	9.607893003961532e-15
0.8151999999999999	9.610217979823098e-15
0.8162	9.61254227160126e-15
0.8171999999999999	9.61486587791988e-15
0.8182	9.617188797418453e-15
0.8191999999999999	9.61951102875191e-15
0.8202	9.62183257059054e-15
0.8211999999999999	9.624153421619826e-15
0.8222	9.62647358054033e-15
0.8231999999999999	9.628793046067592e-15
0.8242	9.63111181693195e-15
0.8251999999999999	9.633429891878474e-15
0.8262	9.635747269666786e-15
0.8271999999999999	9.638063949070995e-15
0.8282	9.640379928879532e-15
0.8291999999999999	9.642695207895061e-15
0.8302	9.645009784934321e-15
0.8311999999999999	9.647323658828058e-15
0.8322	9.649636828420878e-15
0.8331999999999999	9.651949292571123e-15
0.8342	9.654261050150778e-15
0.8351999999999999	9.656572100045363e-15
0.8362	9.658882441153778e-15
0.8371999999999999	9.661192072388245e-15
0.8382000000000001	9.663500992674165e-15
0.8392	9.66580920095e-15
0.8402000000000001	9.668116696167207e-15
0.8412	9.670423477290084e-15
0.8422000000000001	9.672729543295683e-15
0.8432	9.675034893173711e-15
0.8442000000000001	9.677339525926408e-15
0.8452	9.679643440568455e-15
0.8462000000000001	9.681946636126877e-15
0.8472	9.684249111640922e-15
0.8482000000000001	9.686550866161966e-15
0.8492	9.688851898753418e-15
0.8502000000000001	9.69115220849063e-15
0.8512	9.693451794460763e-15
0.8522000000000001	9.695750655762751e-15
0.8532	9.698048791507113e-15
0.8542000000000001	9.700346200815934e-15
0.8552	9.702642882822768e-15
0.8562000000000001	9.70493883667249e-15
0.8572	9.707234061521236e-15
0.8582000000000001	9.709528556536303e-15
0.8592	9.711822320896082e-15
0.8602000000000001	9.714115353789922e-15
0.8612	9.716407654418082e-15
0.8622000000000001	9.718699221991595e-15
0.8632	9.720990055732225e-15
0.8642000000000001	9.723280154872356e-15
0.8652	9.725569518654906e-15
0.8662000000000001	9.727858146333233e-15
0.8672	9.730146037171085e-15
0.8682000000000001	9.73243319044245e-15
0.8692	9.734719605431535e-15
0.8702000000000001	9.73700528143266e-15
0.8712	9.739290217750142e-15
0.8722000000000001	9.741574413698273e-15
0.8732	9.743857868601188e-15
0.8742000000000001	9.746140581792803e-15
0.8752	9.748422552616746e-15
0.8762000000000001	9.75070378042627e-15
0.8772	9.75298426458414e-15
0.8782000000000001	9.755264004462627e-15
0.8792	9.757542999443346e-15
0.8802000000000001	9.759821248917255e-15
0.8812	9.762098752284525e-15
0.8822000000000001	9.764375508954487e-15
0.8832	9.766651518345562e-15
0.8842000000000001	9.768926779885176e-15
0.8852	9.771201293009682e-15
0.8862000000000001	9.773475057164288e-15
0.8872	9.775748071803021e-15
0.8882000000000001	9.778020336388581e-15
0.8892	9.78029185039236e-15
0.8902000000000001	9.782562613294273e-15
0.8912	9.78483262458279e-15
0.8922000000000001	9.787101883754768e-15
0.8932	9.789370390315462e-15
0.8942000000000001	9.79163814377841e-15
0.8952	9.793905143665385e-15
0.8962000000000001	9.79617138950632e-15
0.8972	9.798436880839254e-15
0.8982000000000001	9.800701617210231e-15
0.8992	9.802965598173266e-15
0.9002000000000001	9.805228823290293e-15
0.9012	9.807491292131045e-15
0.9022000000000001	9.809753004273065e-15
0.9032	9.812013959301565e-15
0.9042000000000001	9.81427415680943e-15
0.9052	9.81653359639711e-15
0.9062000000000001	9.818792277672572e-15
0.9072	9.821050200251255e-15
0.9082000000000001	9.823307363755979e-15
0.9092	9.825563767816907e-15
0.9102000000000001	9.827819412071488e-15
0.9112	9.830074296164372e-15
0.9122000000000001	9.83232841974738e-15
0.9132	9.834581782479424e-15
0.9142000000000001	9.836834384026468e-15
0.9152	9.839086224061445e-15
0.9162000000000001	9.841337302264242e-15
0.9172	9.843587618321591e-15
0.9182000000000001	9.845837171927049e-15
0.9192	9.84808596278094e-15
0.9202000000000001	9.850333990590278e-15
0.9212	9.852581255068732e-15
0.9222000000000001	9.854827755936583e-15
0.9232	9.85707349292062e-15
0.9242000000000001	9.859318465754156e-15
0.9252	9.861562674176912e-15
0.9261999999999999	9.863806117935013e-15
0.9272	9.866048796780897e-15
0.9281999999999999	9.868290710473298e-15
0.9292	9.870531858777163e-15
0.9301999999999999	9.872772241463617e-15
0.9312	9.875011858309929e-15
0.9321999999999999	9.877250709099432e-15
0.9332	9.879488793621484e-15
0.9341999999999999	9.881726111671424e-15
0.9352	9.883962663050532e-15
0.9361999999999999	9.886198447565944e-15
0.9372	9.888433465030653e-15
0.9381999999999999	9.89066771526343e-15
0.9392	9.892901198088775e-15
0.9401999999999999	9.895133913336881e-15
0.9412	9.897365860843613e-15
0.9421999999999999	9.899597040450388e-15
0.9432	9.901827452004221e-15
0.9441999999999999	9.904057095357608e-15
0.9452	9.906285970368512e-15
0.9461999999999999	9.908514076900322e-15
0.9472	9.910741414821787e-15
0.9481999999999999	9.912967984007007e-15
0.9492	9.915193784335345e-15
0.9501999999999999	9.917418815691434e-15
0.9512	9.919643077965072e-15
0.9521999999999999	9.921866571051246e-15
0.9532	9.924089294850049e-15
0.9541999999999999	9.926311249266643e-15
0.9552	9.928532434211224e-15
0.9561999999999999	9.930752849598984e-15
0.9572	9.932972495350058e-15
0.9581999999999999	9.935191371389494e-15
0.9592	9.937409477647207e-15
0.9601999999999999	9.939626814057952e-15
0.9612	9.941843380561267e-15
0.9621999999999999	9.944059177101433e-15
0.9632000000000001	9.94627420362745e-15
0.9642	9.948488460093005e-15
0.9652000000000001	9.950701946456394e-15
0.9662	9.952914662680524e-15
0.9672000000000001	9.955126608732862e-15
0.9682	9.957337784585392e-15
0.9692000000000001	9.95954819021459e-15
0.9702	9.96175782560135e-15
0.9712000000000001	9.963966690731037e-15
0.9722	9.966174785593338e-15
0.9732000000000001	9.9683821101823e-15
0.9742	9.970588664496261e-15
0.9752000000000001	9.97279444853785e-15
0.9762	9.974999462313906e-15
0.9772000000000001	9.977203705835475e-15
0.9782	9.979407179117757e-15
0.9792000000000001	9.981609882180106e-15
0.9802	9.983811815045951e-15
0.9812000000000001	9.986012977742784e-15
0.9822	9.988213370302123e-15
0.9832000000000001	9.990412992759478e-15
0.9842	9.992611845154346e-15
0.9852000000000001	9.994809927530121e-15
0.9862	9.997007239934104e-15
0.9872000000000001	9.999203782417464e-15
0.9882	1.0001399555035203e-14
0.9892000000000001	1.0003594557846113e-14
0.9902	1.0005788790912768e-14
0.9912000000000001	1.0007982254301476e-14
0.9922	1.0010174948082241e-14
0.9932000000000001	1.001236687232876e-14
0.9942	1.001455802711836e-14
0.9952000000000001	1.0016748412531999e-14
0.9962	1.0018938028654198e-14
0.9972000000000001	1.0021126875573064e-14
0.9982	1.00233149533802e-14
0.9992000000000001	1.0025502262170718e-14
1.0002	1.0027688802043199e-14
1.0012	1.0029874573099671e-14
1.0022	1.0032059575445546e-14
1.0032	1.0034243809189635e-14
1.0042	1.003642727444413e-14
1.0052	1.0038609971324482e-14
1.0062	1.0040791899949478e-14
1.0072	1.0042973060441199e-14
1.0082	1.0045153452924922e-14
1.0092	1.0047333077529169e-14
1.0102	1.004951193438565e-14
1.0112	1.0051690023629203e-14
1.0122	1.0053867345397844e-14
1.0132	1.0056043899832679e-14
1.0142	1.0058219687077902e-14
1.0152	1.0060394707280745e-14
1.0162	1.0062568960591508e-14
1.0172	1.0064742447163445e-14
1.0182	1.0066915167152853e-14
1.0192	1.0069087120718932e-14
1.0202	1.0071258308023831e-14
1.0212	1.0073428729232622e-14
1.0222	1.0075598384513226e-14
1.0232	1.0077767274036444e-14
1.0242	1.0079935397975889e-14
1.0252000000000001	1.0082102756508001e-14
1.0262	1.0084269349812012e-14
1.0272000000000001	1.0086435178069884e-14
1.0282	1.0088600241466332e-14
1.0292000000000001	1.0090764540188808e-14
1.0302	1.0092928074427427e-14
1.0312000000000001	1.0095090844374975e-14
1.0322	1.0097252850226883e-14
1.0332000000000001	1.009941409218123e-14
1.0342	1.010157457043865e-14
1.0352000000000001	1.0103734285202404e-14
1.0362	1.0105893236678288e-14
1.0372000000000001	1.0108051425074612e-14
1.0382	1.0110208850602227e-14
1.0392000000000001	1.0112365513474474e-14
1.0402	1.011452141390715e-14
1.0412000000000001	1.011667655211851e-14
1.0422	1.0118830928329249e-14
1.0432000000000001	1.0120984542762416e-14
1.0442	1.0123137395643514e-14
1.0452000000000001	1.0125289487200375e-14
1.0462	1.0127440817663162e-14
1.0472000000000001	1.0129591387264408e-14
1.0482	1.0131741196238918e-14
1.0492000000000001	1.0133890244823768e-14
1.0502	1.0136038533258341e-14
1.0512000000000001	1.013818606178425e-14
1.0522	1.0140332830645288e-14
1.0532	1.0142478840087526e-14
1.0542	1.0144624090359177e-14
1.0552	1.0146768581710635e-14
1.0562	1.0148912314394447e-14
1.0572	1.0151055288665259e-14
1.0582	1.0153197504779882e-14
1.0592	1.0155338962997169e-14
1.0602	1.0157479663578076e-14
1.0612	1.0159619606785614e-14
1.0622	1.0161758792884823e-14
1.0632	1.0163897222142757e-14
1.0642	1.0166034894828512e-14
1.0652	1.0168171811213106e-14
1.0662	1.0170307971569575e-14
1.0672	1.0172443376172866e-14
1.0682	1.0174578025299912e-14
1.0692	1.0176711919229495e-14
1.0702	1.0178845058242353e-14
1.0712	1.0180977442621066e-14
1.0722	1.0183109072650105e-14
1.0732	1.018523994861576e-14
1.0742	1.0187370070806182e-14
1.0752	1.0189499439511314e-14
1.0762	1.0191628055022926e-14
1.0772	1.019375591763452e-14
1.0782	1.0195883027641421e-14
1.0792	1.019800938534068e-14
1.0802	1.0200134991031069e-14
1.0812	1.0202259845013101e-14
1.0822	1.0204383947588982e-14
1.0832	1.0206507299062594e-14
1.0842	1.0208629899739531e-14
1.0852	1.0210751749926983e-14
1.0862	1.0212872849933856e-14
1.0872	1.0214993200070611e-14
1.0882	1.0217112800649367e-14
1.0892	1.021923165198384e-14
1.0902	1.0221349754389305e-14
1.0912	1.022346710818262e-14
1.0922	1.0225583713682173e-14
1.0932000000000002	1.0227699571207958e-14
1.0942	1.0229814681081406e-14
1.0952000000000002	1.0231929043625516e-14
1.0962	1.0234042659164794e-14
1.0972000000000002	1.023615552802516e-14
1.0982	1.0238267650534084e-14
1.0992000000000002	1.0240379027020433e-14
1.1002	1.024248965781457e-14
1.1012000000000002	1.024459954324823e-14
1.1022	1.0246708683654597e-14
1.1032000000000002	1.0248817079368241e-14
1.1042	1.0250924730725143e-14
1.1052000000000002	1.0253031638062637e-14
1.1062	1.0255137801719436e-14
1.1072000000000002	1.0257243222035575e-14
1.1082	1.025934789935245e-14
1.1092000000000002	1.026145183401279e-14
1.1102	1.0263555026360605e-14
1.1112000000000002	1.0265657476741242e-14
1.1122	1.0267759185501282e-14
1.1132000000000002	1.0269860152988628e-14
1.1142	1.0271960379552423e-14
1.1152000000000002	1.0274059865543063e-14
1.1162	1.0276158611312198e-14
1.1172	1.0278256617212651e-14
1.1182	1.028035388359852e-14
1.1192	1.0282450410825078e-14
1.1202	1.0284546199248782e-14
1.1212	1.0286641249227295e-14
1.1222	1.0288735561119402e-14
1.1232	1.0290829135285081e-14
1.1242	1.0292921972085438e-14
1.1252	1.02950140718827e-14
1.1262	1.0297105435040274e-14
1.1272	1.0299196061922578e-14
1.1282	1.0301285952895231e-14
1.1292	1.0303375108324862e-14
1.1302	1.0305463528579218e-14
1.1312	1.0307551214027102e-14
1.1322	1.0309638165038386e-14
1.1332	1.0311724381983972e-14
1.1342	1.03138098652358e-14
1.1352	1.0315894615166816e-14
1.1362	1.0317978632151017e-14
1.1372	1.0320061916563385e-14
1.1382	1.0322144468779876e-14
1.1392	1.0324226289177472e-14
1.1402	1.0326307378134094e-14
1.1412	1.0328387736028608e-14
1.1422	1.0330467363240904e-14
1.1432	1.0332546260151741e-14
1.1442	1.033462442714285e-14
1.1452	1.0336701864596851e-14
1.1462	1.0338778572897338e-14
1.1472	1.0340854552428747e-14
1.1482	1.0342929803576442e-14
1.1492	1.034500432672668e-14
1.1502000000000001	1.0347078122266541e-14
1.1512	1.0349151190584044e-14
1.1522000000000001	1.035122353206801e-14
1.1532	1.0353295147108127e-14
1.1542000000000001	1.0355366036094896e-14
1.1552	1.0357436199419732e-14
1.1562000000000001	1.0359505637474759e-14
1.1572	1.0361574350652978e-14
1.1582000000000001	1.0363642339348199e-14
1.1592	1.0365709603954978e-14
1.1602000000000001	1.0367776144868694e-14
1.1612	1.0369841962485508e-14
1.1622000000000001	1.0371907057202322e-14
1.1632	1.0373971429416797e-14
1.1642000000000001	1.0376035079527359e-14
1.1652	1.0378098007933209e-14
1.1662000000000001	1.0380160215034198e-14
1.1672	1.0382221701230994e-14
1.1682000000000001	1.0384282466924927e-14
1.1692	1.038634251251804e-14
1.1702000000000001	1.0388401838413108e-14
1.1712	1.0390460445013553e-14
1.1722000000000001	1.0392518332723533e-14
1.1732	1.0394575501947857e-14
1.1742000000000001	1.0396631953091998e-14
1.1752	1.0398687686562092e-14
1.1762000000000001	1.0400742702764947e-14
1.1772	1.0402797002107997e-14
1.1782000000000001	1.0404850584999342e-14
1.1792	1.0406903451847674e-14
1.1802000000000001	1.0408955603062335e-14
1.1812	1.0411007039053272e-14
1.1822000000000001	1.041305776023106e-14
1.1832	1.041510776700685e-14
1.1842000000000001	1.041715705979239e-14
1.1852	1.041920563900004e-14
1.1862000000000001	1.0421253505042713e-14
1.1872	1.0423300658333888e-14
1.1882000000000001	1.0425347099287647e-14
1.1892	1.042739282831858e-14
1.1902000000000001	1.0429437845841865e-14
1.1912	1.0431482152273236e-14
1.1922000000000001	1.0433525748028913e-14
1.1932	1.0435568633525686e-14
1.1942000000000002	1.0437610809180864e-14
1.1952	1.0439652275412265e-14
1.1962000000000002	1.0441693032638205e-14
1.1972	1.0443733081277537e-14
1.1982000000000002	1.044577242174957e-14
1.1992	1.0447811054474142e-14
1.2002000000000002	1.044984897987154e-14
1.2012	1.0451886198362546e-14
1.2022000000000002	1.0453922710368454e-14
1.2032	1.0455958516310927e-14
1.2042000000000002	1.0457993616612157e-14
1.2052	1.0460028011694787e-14
1.2062000000000002	1.0462061701981876e-14
1.2072	1.0464094687896944e-14
1.2082000000000002	1.046612696986392e-14
1.2092	1.0468158548307207e-14
1.2102000000000002	1.0470189423651567e-14
1.2112	1.0472219596322237e-14
1.2122000000000002	1.0474249066744813e-14
1.2132	1.0476277835345337e-14
1.2142000000000002	1.0478305902550225e-14
1.2152	1.0480333268786274e-14
1.2162000000000002	1.0482359934480707e-14
1.2172	1.0484385900061101e-14
1.2182000000000002	1.048641116595537e-14
1.2192	1.0488435732591876e-14
1.2202000000000002	1.0490459600399305e-14
1.2212	1.0492482769806673e-14
1.2222000000000002	1.0494505241243393e-14
1.2232	1.0496527015139194e-14
1.2242000000000002	1.0498548091924165e-14
1.2252	1.0500568472028745e-14
1.2262000000000002	1.0502588155883652e-14
1.2272	1.0504607143919965e-14
1.2282000000000002	1.0506625436569104e-14
1.2292	1.0508643034262743e-14
1.2302000000000002	1.0510659937432935e-14
1.2312	1.0512676146511968e-14
1.2322000000000002	1.0514691661932493e-14
1.2332	1.0516706484127404e-14
1.2342000000000002	1.0518720613529915e-14
1.2352	1.0520734050573504e-14
1.2362000000000002	1.0522746795691944e-14
1.2372	1.0524758849319296e-14
1.2382000000000002	1.0526770211889836e-14
1.2392	1.0528780883838156e-14
1.2402000000000002	1.0530790865599087e-14
1.2412	1.0532800157607703e-14
1.2422000000000002	1.0534808760299377e-14
1.2432	1.0536816674109644e-14
1.2442000000000002	1.0538823899474363e-14
1.2452	1.0540830436829587e-14
1.2462	1.0542836286611587e-14
1.2472	1.0544841449256883e-14
1.2482	1.0546845925202241e-14
1.2492	1.0548849714884581e-14
1.2502	1.0550852818741081e-14
1.2512	1.0552855237209135e-14
1.2522	1.055485697072628e-14
1.2532	1.0556858019730341e-14
1.2542	1.055885838465928e-14
1.2552	1.0560858065951236e-14
1.2562	1.0562857064044576e-14
1.2572	1.0564855379377849e-14
1.2582	1.0566853012389762e-14
1.2592	1.0568849963519192e-14
1.2602	1.0570846233205196e-14
1.2612	1.0572841821886975e-14
1.2622	1.0574836730003963e-14
1.2632	1.0576830957995642e-14
1.2642	1.0578824506301745e-14
1.2652	1.0580817375362091e-14
1.2662	1.0582809565616674e-14
1.2672	1.058480107750563e-14
1.2682	1.0586791911469223e-14
1.2692	1.0588782067947828e-14
1.2702	1.0590771547382006e-14
1.2712	1.0592760350212404e-14
1.2722	1.0594748476879786e-14
1.2732	1.0596735927825039e-14
1.2742	1.0598722703489201e-14
1.2752000000000001	1.060070880431337e-14
1.2762	1.0602694230738776e-14
1.2772000000000001	1.0604678983206763e-14
1.2782	1.0606663062158725e-14
1.2792000000000001	1.060864646803623e-14
1.2802	1.0610629201280874e-14
1.2812000000000001	1.0612611262334363e-14
1.2822	1.0614592651638477e-14
1.2832000000000001	1.0616573369635114e-14
1.2842	1.0618553416766211e-14
1.2852000000000001	1.0620532793473793e-14
1.2862	1.0622511500199962e-14
1.2872000000000001	1.0624489537386863e-14
1.2882	1.0626466905476779e-14
1.2892000000000001	1.0628443604911952e-14
1.2902	1.0630419636134744e-14
1.2912000000000001	1.0632394999587578e-14
1.2922	1.063436969571288e-14
1.2932000000000001	1.063634372495317e-14
1.2942	1.0638317087750995e-14
1.2952000000000001	1.0640289784548937e-14
1.2962	1.0642261815789648e-14
1.2972000000000001	1.0644233181915751e-14
1.2982	1.0646203883369967e-14
1.2992000000000001	1.0648173920595014e-14
1.3002	1.065014329403366e-14
1.3012000000000001	1.0652112004128656e-14
1.3022	1.0654080051322796e-14
1.3032000000000001	1.0656047436058905e-14
1.3042	1.0658014158779801e-14
1.3052000000000001	1.0659980219928312e-14
1.3062	1.0661945619947268e-14
1.3072000000000001	1.0663910359279544e-14
1.3082	1.0665874438367979e-14
1.3092000000000001	1.0667837857655412e-14
1.3102	1.06698006175847e-14
1.3112000000000001	1.0671762718598685e-14
1.3122	1.0673724161140168e-14
1.3132000000000001	1.0675684945651982e-14
1.3142	1.0677645072576948e-14
1.3152000000000001	1.0679604542357825e-14
1.3162	1.068156335543738e-14
1.3172000000000001	1.0683521512258354e-14
1.3182	1.068547901326347e-14
1.3192000000000002	1.0687435858895412e-14
1.3202	1.068939204959682e-14
1.3212000000000002	1.0691347585810317e-14
1.3222	1.0693302467978522e-14
1.3232000000000002	1.0695256696543947e-14
1.3242	1.0697210271949086e-14
1.3252000000000002	1.0699163194636415e-14
1.3262	1.0701115465048359e-14
1.3272000000000002	1.0703067083627275e-14
1.3282	1.070501805081547e-14
1.3292000000000002	1.0706968367055199e-14
1.3302	1.070891803278867e-14
1.3312000000000002	1.0710867048458016e-14
1.3322	1.0712815414505322e-14
1.3332000000000002	1.0714763131372623e-14
1.3342	1.0716710199501842e-14
1.3352000000000002	1.071865661933487e-14
1.3362	1.0720602391313548e-14
1.3372000000000002	1.072254751587955e-14
1.3382	1.0724491993474605e-14
1.3392000000000002	1.0726435824540264e-14
1.3402	1.0728379009518041e-14
1.3412000000000002	1.0730321548849343e-14
1.3422	1.0732263442975534e-14
1.3432000000000002	1.0734204692337848e-14
1.3442	1.0736145297377456e-14
1.3452000000000002	1.0738085258535403e-14
1.3462	1.0740024576252692e-14
1.3472000000000002	1.0741963250970195e-14
1.3482	1.0743901283128718e-14
1.3492000000000002	1.0745838673168903e-14
1.3502	1.0747775421531368e-14
1.3512000000000002	1.0749711528656578e-14
1.3522	1.0751646994984908e-14
1.3532000000000002	1.0753581820956627e-14
1.3542	1.0755516007011868e-14
1.3552000000000002	1.0757449553590705e-14
1.3562	1.075938246113304e-14
1.3572000000000002	1.0761314730078698e-14
1.3582	1.0763246360867375e-14
1.3592000000000002	1.0765177353938642e-14
1.3602	1.0767107709731948e-14
1.3612000000000002	1.0769037428686618e-14
1.3622	1.0770966511241873e-14
1.3632000000000002	1.0772894957836766e-14
1.3642	1.077482276891025e-14
1.3652000000000002	1.0776749944901143e-14
1.3662	1.0778676486248107e-14
1.3672000000000002	1.0780602393389722e-14
1.3682	1.0782527666764374e-14
1.3692000000000002	1.078445230681032e-14
1.3702	1.0786376313965716e-14
1.3712000000000002	1.0788299688668545e-14
1.3722	1.0790222431356648e-14
1.3732	1.0792144542467706e-14
1.3742	1.0794066022439277e-14
1.3752	1.0795986871708763e-14
1.3762	1.0797907090713435e-14
1.3772	1.0799826679890363e-14
1.3782	1.0801745639676487e-14
1.3792	1.0803663970508621e-14
1.3802	1.0805581672823365e-14
1.3812	1.08074987470572e-14
1.3822	1.0809415193646451e-14
1.3832	1.0811331013027227e-14
1.3842	1.0813246205635552e-14
1.3852	1.0815160771907218e-14
1.3862	1.0817074712277884e-14
1.3872	1.0818988027183027e-14
1.3882	1.0820900717057966e-14
1.3892	1.0822812782337833e-14
1.3902	1.0824724223457585e-14
1.3912	1.0826635040852025e-14
1.3922	1.082854523495575e-14
1.3932	1.0830454806203228e-14
1.3942	1.0832363755028676e-14
1.3952	1.083427208186621e-14
1.3962	1.08361797871497e-14
1.3972	1.0838086871312866e-14
1.3982	1.0839993334789213e-14
1.3992	1.0841899178012115e-14
1.4002000000000001	1.084380440141469e-14
1.4012	1.0845709005429932e-14
1.4022000000000001	1.0847612990490572e-14
1.4032	1.0849516357029233e-14
1.4042000000000001	1.0851419105478266e-14
1.4052	1.0853321236269896e-14
1.4062000000000001	1.0855222749836066e-14
1.4072	1.0857123646608617e-14
1.4082000000000001	1.0859023927019148e-14
1.4092	1.0860923591499042e-14
1.4102000000000001	1.0862822640479506e-14
1.4112	1.0864721074391539e-14
1.4122000000000001	1.0866618893665928e-14
1.4132	1.0868516098733243e-14
1.4142000000000001	1.0870412690023882e-14
1.4152	1.0872308667968036e-14
1.4162000000000001	1.0874204032995632e-14
1.4172	1.0876098785536455e-14
1.4182000000000001	1.0877992926020036e-14
1.4192	1.0879886454875692e-14
1.4202000000000001	1.088177937253258e-14
1.4212	1.0883671679419566e-14
1.4222000000000001	1.0885563375965357e-14
1.4232	1.0887454462598422e-14
1.4242000000000001	1.0889344939747017e-14
1.4252	1.0891234807839187e-14
1.4262000000000001	1.0893124067302699e-14
1.4272	1.0895012718565202e-14
1.4282000000000001	1.0896900762054029e-14
1.4292	1.089878819819633e-14
1.4302000000000001	1.0900675027419045e-14
1.4312	1.0902561250148857e-14
1.4322000000000001	1.0904446866812226e-14
1.4332	1.0906331877835428e-14
1.4342000000000001	1.0908216283644437e-14
1.4352	1.0910100084665049e-14
1.4362000000000001	1.0911983281322832e-14
1.4372	1.0913865874043077e-14
1.4382000000000001	1.0915747863250889e-14
1.4392	1.091762924937113e-14
1.4402000000000001	1.0919510032828406e-14
1.4412	1.0921390214047074e-14
1.4422000000000001	1.0923269793451343e-14
1.4432	1.092514877146506e-14
1.4442000000000002	1.0927027148511925e-14
1.4452	1.0928904925015346e-14
1.4462000000000002	1.093078210139857e-14
1.4472	1.093265867808446e-14
1.4482000000000002	1.0934534655495771e-14
1.4492	1.0936410034054977e-14
1.4502000000000002	1.0938284814184249e-14
1.4512	1.0940158996305605e-14
1.4522000000000002	1.0942032580840734e-14
1.4532	1.0943905568211156e-14
1.4542000000000002	1.0945777958838061e-14
1.4552	1.0947649753142451e-14
1.4562000000000002	1.0949520951545085e-14
1.4572	1.0951391554466384e-14
1.4582000000000002	1.0953261562326646e-14
1.4592	1.0955130975545813e-14
1.4602000000000002	1.0956999794543631e-14
1.4612	1.0958868019739567e-14
1.4622000000000002	1.0960735651552858e-14
1.4632	1.0962602690402421e-14
1.4642000000000002	1.0964469136707009e-14
1.4652	1.0966334990885073e-14
1.4662000000000002	1.0968200253354787e-14
1.4672	1.0970064924534092e-14
1.4682000000000002	1.0971929004840676e-14
1.4692	1.0973792494691957e-14
1.4702000000000002	1.0975655394505084e-14
1.4712	1.0977517704696956e-14
1.4722000000000002	1.0979379425684212e-14
1.4732	1.0981240557883196e-14
1.4742000000000002	1.0983101101710069e-14
1.4752	1.0984961057580626e-14
1.4762000000000002	1.0986820425910489e-14
1.4772	1.0988679207114926e-14
1.4782000000000002	1.0990537401609021e-14
1.4792	1.0992395009807542e-14
1.4802000000000002	1.0994252032124988e-14
1.4812	1.0996108468975635e-14
1.4822000000000002	1.0997964320773444e-14
1.4832	1.0999819587932132e-14
1.4842000000000002	1.1001674270865095e-14
1.4852	1.1003528369985565e-14
1.4862000000000002	1.1005381885706377e-14
1.4872	1.1007234818440188e-14
1.4882000000000002	1.100908716859934e-14
1.4892	1.1010938936595923e-14
1.4902000000000002	1.1012790122841726e-14
1.4912	1.1014640727748264e-14
1.4922000000000002	1.1016490751726831e-14
1.4932	1.1018340195188361e-14
1.4942000000000002	1.102018905854358e-14
1.4952	1.1022037342202925e-14
1.4962000000000002	1.1023885046576528e-14
1.4972	1.1025732172074264e-14
1.4982000000000002	1.1027578719105711e-14
1.4992	1.102942468808022e-14
1.5000	1.103127007940677e-14