0.0922	1.e-9
0.0932	1.833635042940929e-14
0.0942	1.3058437622165294e-14
0.0952	1.073762930486089e-14
0.09620000000000001	9.364227857447797e-15
0.09720000000000001	8.433747891804663e-15
0.09820000000000001	7.75184237553829e-15
0.09920000000000001	7.22567353144844e-15
0.10020000000000001	6.804583689817826e-15
0.10120000000000001	6.458288280603785e-15
0.1022	6.167430361970844e-15
0.1032	5.918987584642683e-15
0.1042	5.703836859869611e-15
0.1052	5.515373024178011e-15
0.1062	5.348681746542352e-15
0.1072	5.2000217589871185e-15
0.1082	5.066488421033725e-15
0.1092	4.945788074328784e-15
0.1102	4.836082518189761e-15
0.11120000000000001	4.7358792395879654e-15
0.11220000000000001	4.6439523035008555e-15
0.11320000000000001	4.559284276398564e-15
0.1142	4.481022882061588e-15
0.1152	4.40844817028169e-15
0.1162	4.34094731413084e-15
0.1172	4.277995027283299e-15
0.1182	4.219138179074094e-15
0.1192	4.1639835845822615e-15
0.1202	4.112188224016919e-15
0.1212	4.063451340637016e-15
0.1222	4.017508005588348e-15
0.1232	3.974123838660032e-15
0.1242	3.933090647594332e-15
0.1252	3.894222803069667e-15
0.1262	3.857354207213994e-15
0.1272	3.8223357442593784e-15
0.1282	3.7890331253757686e-15
0.1292	3.7573250577197904e-15
0.1302	3.727101681671228e-15
0.1312	3.6982632311034276e-15
0.1322	3.670718880077009e-15
0.1332	3.644385746103717e-15
0.1342	3.619188025505757e-15
0.13520000000000001	3.5950562407025946e-15
0.1362	3.5719265827252165e-15
0.1372	3.5497403350655124e-15
0.1382	3.528443367253222e-15
0.1392	3.5079856884211825e-15
0.1402	3.488321052654518e-15
0.1412	3.469406609185974e-15
0.1422	3.451202591549175e-15
0.1432	3.433672040674928e-15
0.1442	3.416780557645174e-15
0.1452	3.400496082430748e-15
0.1462	3.3847886954537597e-15
0.1472	3.3696304392498345e-15
0.1482	3.3549951578735363e-15
0.1492	3.340858352002966e-15
0.1502	3.3271970479661374e-15
0.1512	3.3139896791396128e-15
0.1522	3.3012159783651772e-15
0.1532	3.288856880198316e-15
0.1542	3.2768944319469472e-15
0.1552	3.2653117125839714e-15
0.1562	3.2540927587254515e-15
0.1572	3.2432224969603823e-15
0.1582	3.23268668189979e-15
0.1592	3.2224718393843155e-15
0.1602	3.2125652143518594e-15
0.1612	3.2029547229214837e-15
0.1622	3.1936289082977415e-15
0.1632	3.1845769001418387e-15
0.1642	3.1757883770931077e-15
0.1652	3.1672535321571596e-15
0.16620000000000001	3.158963040706057e-15
0.16720000000000002	3.1509080308615333e-15
0.16820000000000002	3.143080056055113e-15
0.16920000000000002	3.135471069579225e-15
0.17020000000000002	3.1280734009614788e-15
0.17120000000000002	3.120879734010288e-15
0.17220000000000002	3.113883086394477e-15
0.17320000000000002	3.107076790632262e-15
0.17420000000000002	3.100454476376563e-15
0.17520000000000002	3.094010053893897e-15
0.17620000000000002	3.087737698643317e-15
0.17720000000000002	3.0816318368703e-15
0.17820000000000003	3.0756871321378567e-15
0.17920000000000003	3.069898472724e-15
0.1802	3.064260959820748e-15
0.1812	3.058769896475388e-15
0.1822	3.053420777219685e-15
0.1832	3.0482092783372836e-15
0.1842	3.0431312487235935e-15
0.1852	3.038182701296226e-15
0.1862	3.033359804917393e-15
0.1872	3.0286588767927574e-15
0.1882	3.0240763753140785e-15
0.1892	3.019608893315449e-15
0.1902	3.0152531517153675e-15
0.1912	3.0110059935189286e-15
0.1922	3.0068643781564057e-15
0.1932	3.0028253761362863e-15
0.1942	2.9988861639924018e-15
0.1952	2.9950440195063564e-15
0.1962	2.991296317187799e-15
0.1972	2.987640523996314e-15
0.1982	2.9840741952899332e-15
0.1992	2.980594970986281e-15
0.2002	2.9772005719233563e-15
0.2012	2.9738887964078865e-15
0.2022	2.9706575169399802e-15
0.2032	2.9675046771036157e-15
0.2042	2.964428288613185e-15
0.2052	2.9614264285069608e-15
0.2062	2.9584972364790155e-15
0.2072	2.955638912341601e-15
0.2082	2.9528497136105954e-15
0.2092	2.9501279532070423e-15
0.2102	2.9474719972683157e-15
0.2112	2.9448802630627897e-15
0.2122	2.9423512170023447e-15
0.2132	2.9398833727473487e-15
0.2142	2.9374752893991122e-15
0.2152	2.935125569775109e-15
0.2162	2.932832858762568e-15
0.2172	2.930595841746265e-15
0.2182	2.928413243106651e-15
0.2192	2.9262838247846173e-15
0.2202	2.924206384909502e-15
0.2212	2.9221797564870467e-15
0.2222	2.92020280614429e-15
0.2232	2.9182744329284927e-15
0.2242	2.916393567157419e-15
0.2252	2.9145591693183835e-15
0.2262	2.912770229013684e-15
0.2272	2.9110257639501215e-15
0.22820000000000001	2.909324818970488e-15
0.22920000000000001	2.9076664651249603e-15
0.23020000000000002	2.9060497987805236e-15
0.23120000000000002	2.904473940766577e-15
0.23220000000000002	2.9029380355550344e-15
0.23320000000000002	2.901441250473282e-15
0.23420000000000002	2.899982774948476e-15
0.23520000000000002	2.8985618197817162e-15
0.23620000000000002	2.897177616450719e-15
0.2372	2.8958294164397044e-15
0.2382	2.8945164905952364e-15
0.2392	2.893238128506868e-15
0.2402	2.891993637911464e-15
0.2412	2.89078234412016e-15
0.2422	2.889603589466945e-15
0.2432	2.888456732777926e-15
0.2442	2.8873411488603728e-15
0.2452	2.886256228010675e-15
0.2462	2.885201375540407e-15
0.2472	2.8841760113197227e-15
0.2482	2.883179569337334e-15
0.2492	2.882211497276389e-15
0.2502	2.881271256105566e-15
0.2512	2.8803583196847523e-15
0.2522	2.879472174384705e-15
0.2532	2.8786123187201257e-15
0.2542	2.8777782629955627e-15
0.2552	2.8769695289636825e-15
0.2562	2.8761856494953238e-15
0.2572	2.875426168260955e-15
0.2582	2.874690639422997e-15
0.2592	2.8739786273386145e-15
0.2602	2.8732897062725824e-15
0.2612	2.8726234601197758e-15
0.2622	2.8719794821369637e-15
0.2632	2.871357374683502e-15
0.2642	2.8707567489706145e-15
0.2652	2.8701772248188954e-15
0.2662	2.8696184304237683e-15
0.2672	2.869080002128538e-15
0.2682	2.868561584204808e-15
0.2692	2.8680628286399397e-15
0.2702	2.8675833949313223e-15
0.2712	2.867122949887174e-15
0.2722	2.8666811674336636e-15
0.2732	2.8662577284280828e-15
0.2742	2.8658523204778763e-15
0.2752	2.8654646377653107e-15
0.2762	2.8650943808775716e-15
0.2772	2.864741256642085e-15
0.2782	2.8644049779669067e-15
0.2792	2.864085263685964e-15
0.2802	2.8637818384090015e-15
0.2812	2.8634944323760517e-15
0.2822	2.863222781316274e-15
0.2832	2.86296662631102e-15
0.2842	2.862725713660967e-15
0.2852	2.862499794757175e-15
0.2862	2.862288625955952e-15
0.2872	2.862091968457371e-15
0.2882	2.861909588187339e-15
0.2892	2.861741255683085e-15
0.2902	2.8615867459819447e-15
0.2912	2.8614458385133494e-15
0.2922	2.861318316993903e-15
0.2932	2.861203969325434e-15
0.2942	2.861102587495948e-15
0.2952	2.8610139674833554e-15
0.2962	2.8609379091619164e-15
0.2972	2.860874216211294e-15
0.2982	2.86082269602811e-15
0.2992	2.8607831596399944e-15
0.3002	2.8607554216219556e-15
0.3012	2.8607393000150662e-15
0.3022	2.8607346162473585e-15
0.3032	2.8607411950568873e-15
0.3042	2.8607588644168324e-15
0.3052	2.8607874554626615e-15
0.3062	2.8608268024212127e-15
0.30720000000000003	2.8608767425416888e-15
0.30820000000000003	2.8609371160284664e-15
0.30920000000000003	2.861007765975695e-15
0.31020000000000003	2.861088538303612e-15
0.31120000000000003	2.861179281696528e-15
0.31220000000000003	2.8612798475424264e-15
0.31320000000000003	2.861390089874139e-15
0.31420000000000003	2.8615098653120354e-15
0.31520000000000004	2.8616390330081943e-15
0.31620000000000004	2.861777454592005e-15
0.31720000000000004	2.8619249941171574e-15
0.31820000000000004	2.8620815180099783e-15
0.31920000000000004	2.8622468950190803e-15
0.32020000000000004	2.862420996166279e-15
0.32120000000000004	2.8626036946987357e-15
0.32220000000000004	2.86279486604231e-15
0.32320000000000004	2.8629943877560607e-15
0.32420000000000004	2.8632021394878858e-15
0.32520000000000004	2.863418002931253e-15
0.32620000000000005	2.863641861782989e-15
0.32720000000000005	2.8638736017021203e-15
0.32820000000000005	2.8641131102696983e-15
0.32920000000000005	2.864360276949608e-15
0.33020000000000005	2.864614993050335e-15
0.33120000000000005	2.8648771516876404e-15
0.3322	2.8651466477481408e-15
0.3332	2.865423377853745e-15
0.3342	2.865707240326967e-15
0.3352	2.8659981351570314e-15
0.3362	2.8662959639667953e-15
0.3372	2.8666006299804504e-15
0.3382	2.8669120379919675e-15
0.3392	2.867230094334305e-15
0.3402	2.867554706849305e-15
0.3412	2.86788578485831e-15
0.3422	2.868223239133442e-15
0.3432	2.868566981869556e-15
0.3442	2.868916926656822e-15
0.3452	2.8692729884539486e-15
0.3462	2.8696350835620055e-15
0.3472	2.8700031295988425e-15
0.3482	2.870377045474082e-15
0.3492	2.8707567513646804e-15
0.3502	2.8711421686910415e-15
0.3512	2.8715332200936454e-15
0.3522	2.871929829410215e-15
0.3532	2.872331921653387e-15
0.3542	2.872739422988858e-15
0.3552	2.8731522607140407e-15
0.3562	2.8735703632371615e-15
0.3572	2.8739936600568387e-15
0.3582	2.874422081742079e-15
0.3592	2.8748555599127306e-15
0.3602	2.8752940272203515e-15
0.3612	2.8757374173294855e-15
0.3622	2.8761856648993416e-15
0.3632	2.876638705565876e-15
0.3642	2.8770964759242417e-15
0.3652	2.877558913511615e-15
0.3662	2.878025956790398e-15
0.3672	2.878497545131747e-15
0.3682	2.878973618799489e-15
0.36920000000000003	2.879454118934334e-15
0.37020000000000003	2.8799389875384394e-15
0.37120000000000003	2.8804281674603e-15
0.37220000000000003	2.8809216023799247e-15
0.37320000000000003	2.8814192367943587e-15
0.37420000000000003	2.8819210160034696e-15
0.37520000000000003	2.8824268860960378e-15
0.37620000000000003	2.8829367939361434e-15
0.37720000000000004	2.8834506871498115e-15
0.37820000000000004	2.8839685141119403e-15
0.37920000000000004	2.8844902239334916e-15
0.38020000000000004	2.8850157664489443e-15
0.3812	2.885545092203984e-15
0.3822	2.8860781524434676e-15
0.3832	2.8866148990996006e-15
0.3842	2.887155284780375e-15
0.3852	2.887699262758209e-15
0.3862	2.88824678695884e-15
0.3872	2.8887978119504222e-15
0.3882	2.8893522929328356e-15
0.3892	2.8899101857272193e-15
0.3902	2.890471446765691e-15
0.3912	2.8910360330812805e-15
0.3922	2.891603902298062e-15
0.3932	2.8921750126214527e-15
0.3942	2.892749322828739e-15
0.3952	2.893326792259749e-15
0.3962	2.893907380807715e-15
0.3972	2.8944910489103283e-15
0.3982	2.8950777575409396e-15
0.3992	2.8956674681999362e-15
0.4002	2.8962601429062912e-15
0.4012	2.8968557441892595e-15
0.4022	2.8974542350802447e-15
0.4032	2.8980555791047963e-15
0.4042	2.8986597402747844e-15
0.4052	2.8992666830806987e-15
0.4062	2.8998763724841044e-15
0.4072	2.90048877391023e-15
0.4082	2.9011038532407004e-15
0.4092	2.9017215768063864e-15
0.4102	2.9023419113804208e-15
0.4112	2.9029648241712958e-15
0.4122	2.9035902828161307e-15
0.4132	2.9042182553740372e-15
0.4142	2.904848710319603e-15
0.4152	2.9054816165365154e-15
0.4162	2.9061169433112777e-15
0.4172	2.906754660327057e-15
0.4182	2.9073947376576223e-15
0.4192	2.9080371457614085e-15
0.4202	2.9086818554756865e-15
0.4212	2.909328838010822e-15
0.4222	2.909978064944653e-15
0.4232	2.9106295082169537e-15
0.4242	2.911283140124009e-15
0.4252	2.9119389333132757e-15
0.4262	2.9125968607781413e-15
0.4272	2.913256895852765e-15
0.4282	2.9139190122070388e-15
0.4292	2.914583183841583e-15
0.4302	2.915249385082893e-15
0.4312	2.9159175905785205e-15
0.43220000000000003	2.9165877752923585e-15
0.43320000000000003	2.917259914500001e-15
0.43420000000000003	2.9179339837841967e-15
0.43520000000000003	2.9186099590303644e-15
0.43620000000000003	2.919287816422187e-15
0.43720000000000003	2.9199675324372923e-15
0.43820000000000003	2.9206490838429935e-15
0.43920000000000003	2.9213324476921113e-15
0.44020000000000004	2.9220176013188647e-15
0.44120000000000004	2.9227045223348266e-15
0.44220000000000004	2.9233931886249525e-15
0.44320000000000004	2.9240835783436715e-15
0.4442	2.9247756699110553e-15
0.4452	2.9254694420090275e-15
0.4462	2.926164873577665e-15
0.4472	2.9268619438115263e-15
0.4482	2.9275606321560824e-15
0.4492	2.9282609183041694e-15
0.4502	2.9289627821925183e-15
0.4512	2.929666203998342e-15
0.4522	2.9303711641359702e-15
0.4532	2.931077643253539e-15
0.4542	2.9317856222297574e-15
0.4552	2.932495082170684e-15
0.4562	2.933206004406599e-15
0.4572	2.9339183704889005e-15
0.4582	2.9346321621870566e-15
0.4592	2.935347361485612e-15
0.4602	2.936063950581242e-15
0.4612	2.9367819118798425e-15
0.4622	2.9375012279936852e-15
0.4632	2.938221881738595e-15
0.4642	2.938943856131201e-15
0.4652	2.9396671343862035e-15
0.4662	2.9403916999137007e-15
0.4672	2.941117536316554e-15
0.4682	2.941844627387789e-15
0.4692	2.9425729571080476e-15
0.4702	2.9433025096430766e-15
0.4712	2.944033269341248e-15
0.4722	2.9447652207311214e-15
0.4732	2.94549834851906e-15
0.4742	2.9462326375868505e-15
0.4752	2.9469680729893985e-15
0.4762	2.947704639952433e-15
0.4772	2.94844232387025e-15
0.4782	2.9491811103035025e-15
0.4792	2.9499209849770093e-15
0.4802	2.950661933777608e-15
0.4812	2.951403942752043e-15
0.4822	2.9521469981048688e-15
0.4832	2.952891086196406e-15
0.4842	2.953636193540714e-15
0.4852	2.9543823068036043e-15
0.4862	2.955129412800674e-15
0.4872	2.9558774984953684e-15
0.4882	2.9566265509970984e-15
0.4892	2.957376557559336e-15
0.4902	2.9581275055777955e-15
0.4912	2.958879382588599e-15
0.4922	2.9596321762664865e-15
0.4932	2.9603858744230527e-15
0.49420000000000003	2.9611404650050134e-15
0.49520000000000003	2.9618959360924736e-15
0.49620000000000003	2.9626522758972635e-15
0.49720000000000003	2.963409472761261e-15
0.49820000000000003	2.9641675151547503e-15
0.49920000000000003	2.964926391674816e-15
0.5002	2.9656860910437495e-15
0.5012000000000001	2.9664466021074744e-15
0.5022	2.9672079138340087e-15
0.5032000000000001	2.9679700153119424e-15
0.5042	2.9687328957489287e-15
0.5052000000000001	2.9694965444702145e-15
0.5062	2.9702609509171787e-15
0.5072000000000001	2.97102610464589e-15
0.5082	2.971791995325699e-15
0.5092	2.972558612737845e-15
0.5102	2.973325946774067e-15
0.5112	2.974093987435261e-15
0.5122	2.974862724830133e-15
0.5132	2.9756321491738893e-15
0.5142	2.9764022507869286e-15
0.5152	2.977173020093578e-15
0.5162	2.9779444476208042e-15
0.5172	2.9787165239969924e-15
0.5182	2.9794892399507072e-15
0.5192	2.980262586309487e-15
0.5202	2.981036553998642e-15
0.5212	2.981811134040093e-15
0.5222	2.9825863175511968e-15
0.5232	2.9833620957436075e-15
0.5242	2.984138459922151e-15
0.5252	2.984915401483715e-15
0.5262	2.9856929119161357e-15
0.5272	2.9864709827971406e-15
0.5282	2.9872496057932523e-15
0.5292	2.988028772658767e-15
0.5302	2.9888084752346925e-15
0.5312	2.989588705447738e-15
0.5322	2.990369455309294e-15
0.5332	2.9911507169144447e-15
0.5342	2.991932482440982e-15
0.5352	2.9927147441484416e-15
0.5362	2.9934974943771343e-15
0.5372	2.994280725547213e-15
0.5382	2.9950644301577436e-15
0.5392	2.9958486007857794e-15
0.5402	2.9966332300854634e-15
0.5412	2.997418310787126e-15
0.5422	2.9982038356964133e-15
0.5432	2.9989897976934112e-15
0.5442	2.9997761897317884e-15
0.5452	3.0005630048379493e-15
0.5462	3.0013502361102027e-15
0.5472	3.0021378767179303e-15
0.5482	3.0029259199007826e-15
0.5492	3.00371435896786e-15
0.5502	3.004503187296946e-15
0.5512	3.0052923983336954e-15
0.5522	3.0060819855908925e-15
0.5532	3.0068719426476637e-15
0.5542	3.007662263148746e-15
0.5552	3.0084529408037334e-15
0.5562	3.0092439693863455e-15
0.5572	3.0100353427337154e-15
0.5582	3.0108270547456635e-15
0.5592	3.0116190993840014e-15
0.5602	3.0124114706718374e-15
0.5612	3.013204162692885e-15
0.5622	3.0139971695907865e-15
0.5632	3.0147904855684596e-15
0.5642	3.0155841048874114e-15
0.5652	3.016378021867114e-15
0.5662	3.017172230884338e-15
0.5672	3.0179667263725354e-15
0.5682	3.018761502821205e-15
0.5692	3.019556554775274e-15
0.5702	3.020351876834486e-15
0.5712	3.0211474636528065e-15
0.5722	3.021943309937816e-15
0.5731999999999999	3.0227394104501236e-15
0.5742	3.0235357600027955e-15
0.5751999999999999	3.024332353460776e-15
0.5762	3.025129185740316e-15
0.5771999999999999	3.0259262518084208e-15
0.5782	3.0267235466822973e-15
0.5791999999999999	3.0275210654288103e-15
0.5802	3.028318803163939e-15
0.5811999999999999	3.0291167550522443e-15
0.5822	3.0299149163063535e-15
0.5831999999999999	3.0307132821864338e-15
0.5842	3.031511847999679e-15
0.5851999999999999	3.0323106090998135e-15
0.5862	3.0331095608865733e-15
0.5871999999999999	3.0339086988052393e-15
0.5882000000000001	3.034708018346124e-15
0.5892	3.0355075150441103e-15
0.5902000000000001	3.036307184478159e-15
0.5912	3.0371070222708528e-15
0.5922000000000001	3.0379070240879248e-15
0.5932	3.038707185637802e-15
0.5942000000000001	3.0395075026711533e-15
0.5952	3.0403079709804364e-15
0.5962000000000001	3.0411085863994677e-15
0.5972	3.0419093448029728e-15
0.5982000000000001	3.042710242106166e-15
0.5992	3.0435112742643168e-15
0.6002000000000001	3.0443124372723287e-15
0.6012	3.0451137271643287e-15
0.6022000000000001	3.045915140013256e-15
0.6032	3.046716671930447e-15
0.6042000000000001	3.0475183190652434e-15
0.6052	3.048320077604598e-15
0.6062000000000001	3.0491219437726695e-15
0.6072	3.0499239138304456e-15
0.6082000000000001	3.050725984075363e-15
0.6092	3.0515281508409206e-15
0.6102000000000001	3.0523304104963134e-15
0.6112	3.053132759446057e-15
0.6122000000000001	3.0539351941296302e-15
0.6132	3.054737711021109e-15
0.6142000000000001	3.055540306628809e-15
0.6152	3.056342977494941e-15
0.6162000000000001	3.0571457201952553e-15
0.6172	3.0579485313387054e-15
0.6182000000000001	3.058751407567097e-15
0.6192	3.0595543455547654e-15
0.6202000000000001	3.0603573420082316e-15
0.6212	3.0611603936658806e-15
0.6222000000000001	3.0619634972976417e-15
0.6232	3.062766649704653e-15
0.6242000000000001	3.0635698477189572e-15
0.6252	3.0643730882031886e-15
0.6262000000000001	3.0651763680502562e-15
0.6272	3.065979684183038e-15
0.6282000000000001	3.0667830335540885e-15
0.6292	3.0675864131453246e-15
0.6302000000000001	3.068389819967744e-15
0.6312	3.069193251061126e-15
0.6322000000000001	3.069996703493742e-15
0.6332	3.0708001743620664e-15
0.6342000000000001	3.071603660790508e-15
0.6352	3.0724071599311158e-15
0.6362000000000001	3.0732106689633074e-15
0.6372	3.0740141850935992e-15
0.6382000000000001	3.0748177055553393e-15
0.6392	3.075621227608426e-15
0.6402000000000001	3.076424748539067e-15
0.6412	3.0772282656594897e-15
0.6422000000000001	3.0780317763077138e-15
0.6432	3.0788352778472706e-15
0.6442000000000001	3.0796387676669674e-15
0.6452	3.0804422431806327e-15
0.6462000000000001	3.0812457018268655e-15
0.6472	3.0820491410687987e-15
0.6482000000000001	3.0828525583938515e-15
0.6492	3.0836559513134984e-15
0.6502000000000001	3.0844593173630243e-15
0.6512	3.0852626541012936e-15
0.6522000000000001	3.0860659591105313e-15
0.6532	3.0868692299960787e-15
0.6542000000000001	3.0876724643861722e-15
0.6552	3.0884756599317277e-15
0.6562000000000001	3.0892788143061138e-15
0.6572	3.0900819252049306e-15
0.6582000000000001	3.0908849903458032e-15
0.6592	3.0916880074681583e-15
0.6602000000000001	3.0924909743330214e-15
0.6612	3.093293888722798e-15
0.6622000000000001	3.0940967484410796e-15
0.6632	3.0948995513124314e-15
0.6642000000000001	3.095702295182187e-15
0.6652	3.0965049779162594e-15
0.6662000000000001	3.0973075974009276e-15
0.6672	3.098110151542664e-15
0.6682000000000001	3.098912638267914e-15
0.6692	3.0997150555229248e-15
0.6701999999999999	3.1005174012735483e-15
0.6712	3.1013196735050503e-15
0.6721999999999999	3.1021218702219303e-15
0.6732	3.102923989447745e-15
0.6741999999999999	3.103726029224906e-15
0.6752	3.1045279876145244e-15
0.6761999999999999	3.1053298626962153e-15
0.6772	3.106131652567929e-15
0.6781999999999999	3.106933355345782e-15
0.6792	3.107734969163878e-15
0.6801999999999999	3.1085364921741406e-15
0.6812	3.1093379225461375e-15
0.6821999999999999	3.1101392584669295e-15
0.6832	3.1109404981408985e-15
0.6841999999999999	3.111741639789571e-15
0.6852	3.112542681651482e-15
0.6861999999999999	3.1133436219819964e-15
0.6872	3.1141444590531545e-15
0.6881999999999999	3.1149451911535232e-15
0.6892	3.1157458165880316e-15
0.6901999999999999	3.116546333677824e-15
0.6912	3.1173467407601084e-15
0.6921999999999999	3.118147036188004e-15
0.6932	3.118947218330395e-15
0.6941999999999999	3.119747285571782e-15
0.6952	3.120547236312134e-15
0.6961999999999999	3.1213470689667546e-15
0.6972	3.122146781966132e-15
0.6981999999999999	3.1229463737557962e-15
0.6992	3.1237458427961884e-15
0.7001999999999999	3.1245451875625136e-15
0.7012	3.1253444065446074e-15
0.7021999999999999	3.126143498246806e-15
0.7032	3.126942461187805e-15
0.7041999999999999	3.1277412939005314e-15
0.7052	3.1285399949320157e-15
0.7061999999999999	3.1293385628432527e-15
0.7072	3.130136996209082e-15
0.7081999999999999	3.130935293618056e-15
0.7092	3.1317334536723198e-15
0.7101999999999999	3.132531474987476e-15
0.7112	3.1333293561924758e-15
0.7121999999999999	3.1341270959294845e-15
0.7132000000000001	3.1349246928537706e-15
0.7142	3.1357221456335796e-15
0.7152000000000001	3.1365194529500176e-15
0.7162	3.137316613496939e-15
0.7172000000000001	3.138113625980817e-15
0.7182	3.1389104891206523e-15
0.7192000000000001	3.1397072016478334e-15
0.7202	3.1405037623060406e-15
0.7212000000000001	3.141300169851131e-15
0.7222	3.142096423051031e-15
0.7232000000000001	3.1428925206856164e-15
0.7242	3.1436884615466185e-15
0.7252000000000001	3.1444842444375092e-15
0.7262	3.145279868173396e-15
0.7272000000000001	3.1460753315809168e-15
0.7282	3.1468706334981407e-15
0.7292000000000001	3.147665772774458e-15
0.7302	3.14846074827049e-15
0.7312000000000001	3.1492555588579695e-15
0.7322	3.150050203419663e-15
0.7332000000000001	3.1508446808492574e-15
0.7342	3.1516389900512596e-15
0.7352000000000001	3.152433129940917e-15
0.7362	3.1532270994441085e-15
0.7372000000000001	3.154020897497249e-15
0.7382	3.1548145230471946e-15
0.7392000000000001	3.1556079750511694e-15
0.7402	3.1564012524766386e-15
0.7412000000000001	3.157194354301252e-15
0.7422	3.1579872795127253e-15
0.7432000000000001	3.158780027108774e-15
0.7442	3.159572596097008e-15
0.7452000000000001	3.1603649854948546e-15
0.7462	3.1611571943294584e-15
0.7472000000000001	3.161949221637614e-15
0.7482	3.1627410664656645e-15
0.7492000000000001	3.16353272786943e-15
0.7502	3.1643242049141086e-15
0.7512000000000001	3.1651154966742138e-15
0.7522	3.165906602233469e-15
0.7532000000000001	3.166697520684749e-15
0.7542	3.167488251129984e-15
0.7552000000000001	3.1682787926800868e-15
0.7562	3.1690691444548744e-15
0.7572000000000001	3.169859305582983e-15
0.7582	3.1706492752017998e-15
0.7592000000000001	3.171439052457388e-15
0.7602	3.172228636504394e-15
0.7612000000000001	3.1730180265059875e-15
0.7622	3.17380722163379e-15
0.7632000000000001	3.174596221067785e-15
0.7642	3.1753850239962595e-15
0.7652000000000001	3.1761736296157275e-15
0.7662	3.1769620371308524e-15
0.7672000000000001	3.1777502457543865e-15
0.7682	3.178538254707093e-15
0.7692000000000001	3.1793260632176775e-15
0.7702	3.180113670522723e-15
0.7712000000000001	3.180901075866616e-15
0.7722	3.181688278501484e-15
0.7732000000000001	3.1824752776871226e-15
0.7742	3.1832620726909414e-15
0.7752000000000001	3.1840486627878774e-15
0.7762	3.184835047260351e-15
0.7772000000000001	3.1856212253981886e-15
0.7782	3.1864071964985645e-15
0.7792000000000001	3.187192959865931e-15
0.7802	3.18797851481197e-15
0.7812000000000001	3.1887638606555113e-15
0.7822	3.1895489967224826e-15
0.7832000000000001	3.1903339223458522e-15
0.7842	3.191118636865556e-15
0.7852000000000001	3.191903139628452e-15
0.7862	3.1926874299882447e-15
0.7872000000000001	3.193471507305444e-15
0.7882	3.194255370947291e-15
0.7892000000000001	3.195039020287716e-15
0.7902	3.195822454707264e-15
0.7912000000000001	3.1966056735930525e-15
0.7922	3.1973886763387048e-15
0.7932000000000001	3.1981714623443086e-15
0.7942	3.198954031016343e-15
0.7952000000000001	3.199736381767633e-15
0.7962	3.2005185140173026e-15
0.7971999999999999	3.201300427190707e-15
0.7982	3.2020821207193892e-15
0.7991999999999999	3.202863594041022e-15
0.8002	3.2036448465993607e-15
0.8011999999999999	3.204425877844187e-15
0.8022	3.2052066872312616e-15
0.8031999999999999	3.2059872742222703e-15
0.8042	3.2067676382847816e-15
0.8051999999999999	3.2075477788921784e-15
0.8062	3.20832769552363e-15
0.8071999999999999	3.209107387664034e-15
0.8082	3.2098868548039617e-15
0.8091999999999999	3.2106660964396227e-15
0.8102	3.2114451120728064e-15
0.8111999999999999	3.212223901210841e-15
0.8122	3.213002463366545e-15
0.8131999999999999	3.2137807980581844e-15
0.8142	3.2145589048094153e-15
0.8151999999999999	3.2153367831492523e-15
0.8162	3.2161144326120203e-15
0.8171999999999999	3.216891852737299e-15
0.8182	3.217669043069895e-15
0.8191999999999999	3.2184460031597827e-15
0.8202	3.2192227325620752e-15
0.8211999999999999	3.219999230836968e-15
0.8222	3.2207754975497005e-15
0.8231999999999999	3.2215515322705272e-15
0.8242	3.22232733457465e-15
0.8251999999999999	3.223102904042199e-15
0.8262	3.2238782402581797e-15
0.8271999999999999	3.2246533428124357e-15
0.8282	3.225428211299607e-15
0.8291999999999999	3.2262028453190975e-15
0.8302	3.2269772444750146e-15
0.8311999999999999	3.227751408376159e-15
0.8322	3.228525336635963e-15
0.8331999999999999	3.2292990288724555e-15
0.8342	3.230072484708233e-15
0.8351999999999999	3.2308457037704187e-15
0.8362	3.2316186856906107e-15
0.8371999999999999	3.2323914301048662e-15
0.8382000000000001	3.2331639366536528e-15
0.8392	3.233936204981806e-15
0.8402000000000001	3.234708234738509e-15
0.8412	3.2354800255772425e-15
0.8422000000000001	3.236251577155754e-15
0.8432	3.2370228891360247e-15
0.8442000000000001	3.2377939611842295e-15
0.8452	3.238564792970706e-15
0.8462000000000001	3.239335384169919e-15
0.8472	3.240105734460428e-15
0.8482000000000001	3.240875843524846e-15
0.8492	3.241645711049814e-15
0.8502000000000001	3.2424153367259657e-15
0.8512	3.243184720247891e-15
0.8522000000000001	3.2439538613141136e-15
0.8532	3.2447227596270383e-15
0.8542000000000001	3.2454914148929346e-15
0.8552	3.246259826821912e-15
0.8562000000000001	3.2470279951278674e-15
0.8572	3.2477959195284655e-15
0.8582000000000001	3.2485635997451043e-15
0.8592	3.249331035502894e-15
0.8602000000000001	3.2500982265306122e-15
0.8612	3.250865172560686e-15
0.8622000000000001	3.2516318733291437e-15
0.8632	3.252398328575611e-15
0.8642000000000001	3.2531645380432615e-15
0.8652	3.2539305014787942e-15
0.8662000000000001	3.2546962186324016e-15
0.8672	3.2554616892577532e-15
0.8682000000000001	3.2562269131119417e-15
0.8692	3.2569918899554835e-15
0.8702000000000001	3.257756619552274e-15
0.8712	3.258521101669555e-15
0.8722000000000001	3.259285336077908e-15
0.8732	3.260049322551203e-15
0.8742000000000001	3.2608130608665874e-15
0.8752	3.261576550804453e-15
0.8762000000000001	3.262339792148416e-15
0.8772	3.2631027846852757e-15
0.8782000000000001	3.2638655282050057e-15
0.8792	3.2646280225007142e-15
0.8802000000000001	3.2653902673686278e-15
0.8812	3.266152262608059e-15
0.8822000000000001	3.2669140080213867e-15
0.8832	3.267675503414028e-15
0.8842000000000001	3.2684367485944152e-15
0.8852	3.2691977433739636e-15
0.8862000000000001	3.2699584875670586e-15
0.8872	3.2707189809910264e-15
0.8882000000000001	3.2714792234661024e-15
0.8892	3.272239214815426e-15
0.8902000000000001	3.272998954864993e-15
0.8912	3.273758443443654e-15
0.8922000000000001	3.274517680383075e-15
0.8932	3.275276665517723e-15
0.8942000000000001	3.2760353986848418e-15
0.8952	3.276793879724428e-15
0.8962000000000001	3.277552108479209e-15
0.8972	3.2783100847946246e-15
0.8982000000000001	3.279067808518793e-15
0.8992	3.2798252795024977e-15
0.9002000000000001	3.2805824975991737e-15
0.9012	3.2813394626648643e-15
0.9022000000000001	3.2820961745582266e-15
0.9032	3.2828526331404825e-15
0.9042000000000001	3.2836088382754206e-15
0.9052	3.284364789829363e-15
0.9062000000000001	3.2851204876711445e-15
0.9072	3.2858759316721007e-15
0.9082000000000001	3.2866311217060376e-15
0.9092	3.2873860576492157e-15
0.9102000000000001	3.288140739380336e-15
0.9112	3.2888951667805067e-15
0.9122000000000001	3.2896493397332347e-15
0.9132	3.2904032581244025e-15
0.9142000000000001	3.2911569218422495e-15
0.9152	3.291910330777347e-15
0.9162000000000001	3.2926634848225926e-15
0.9172	3.293416383873176e-15
0.9182000000000001	3.2941690278265673e-15
0.9192	3.2949214165825055e-15
0.9202000000000001	3.2956735500429617e-15
0.9212	3.296425428112138e-15
0.9222000000000001	3.2971770506964476e-15
0.9232	3.2979284177044824e-15
0.9242000000000001	3.2986795290470137e-15
0.9252	3.2994303846369595e-15
0.9261999999999999	3.300180984389378e-15
0.9272	3.3009313282214424e-15
0.9281999999999999	3.3016814160524317e-15
0.9292	3.302431247803704e-15
0.9301999999999999	3.3031808233986802e-15
0.9312	3.3039301427628437e-15
0.9321999999999999	3.3046792058237006e-15
0.9332	3.3054280125107767e-15
0.9341999999999999	3.3061765627555983e-15
0.9352	3.306924856491676e-15
0.9361999999999999	3.3076728936544848e-15
0.9372	3.3084206741814563e-15
0.9381999999999999	3.309168198011955e-15
0.9392	3.3099154650872634e-15
0.9401999999999999	3.3106624753505698e-15
0.9412	3.3114092287469572e-15
0.9421999999999999	3.312155725223367e-15
0.9432	3.3129019647286164e-15
0.9441999999999999	3.3136479472133533e-15
0.9452	3.314393672630055e-15
0.9461999999999999	3.3151391409330164e-15
0.9472	3.315884352078323e-15
0.9481999999999999	3.3166293060238525e-15
0.9492	3.3173740027292416e-15
0.9501999999999999	3.3181184421558932e-15
0.9512	3.318862624266935e-15
0.9521999999999999	3.319606549027234e-15
0.9532	3.3203502164033614e-15
0.9541999999999999	3.3210936263635877e-15
0.9552	3.3218367788778688e-15
0.9561999999999999	3.3225796739178285e-15
0.9572	3.3233223114567446e-15
0.9581999999999999	3.3240646914695427e-15
0.9592	3.324806813932772e-15
0.9601999999999999	3.3255486788246044e-15
0.9612	3.3262902861248094e-15
0.9621999999999999	3.3270316358147466e-15
0.9632000000000001	3.3277727278773523e-15
0.9642	3.3285135622971297e-15
0.9652000000000001	3.3292541390601285e-15
0.9662	3.3299944581539368e-15
0.9672000000000001	3.3307345195676683e-15
0.9682	3.3314743232919517e-15
0.9692000000000001	3.332213869318916e-15
0.9702	3.332953157642169e-15
0.9712000000000001	3.333692188256814e-15
0.9722	3.3344309611594e-15
0.9732000000000001	3.3351694763479347e-15
0.9742	3.335907733821865e-15
0.9752000000000001	3.3366457335820678e-15
0.9762	3.3373834756308315e-15
0.9772000000000001	3.3381209599718524e-15
0.9782	3.3388581866102165e-15
0.9792000000000001	3.3395951555523984e-15
0.9802	3.3403318668062375e-15
0.9812000000000001	3.3410683203809303e-15
0.9822	3.341804516287023e-15
0.9832000000000001	3.3425404545363975e-15
0.9842	3.343276135142267e-15
0.9852000000000001	3.3440115581191507e-15
0.9862	3.3447467234828745e-15
0.9872000000000001	3.3454816312505573e-15
0.9882	3.346216281440602e-15
0.9892000000000001	3.3469506740726794e-15
0.9902	3.3476848091677237e-15
0.9912000000000001	3.3484186867479216e-15
0.9922	3.349152306836693e-15
0.9932000000000001	3.349885669458697e-15
0.9942	3.350618774639804e-15
0.9952000000000001	3.3513516224071006e-15
0.9962	3.352084212788865e-15
0.9972000000000001	3.352816545814577e-15
0.9982	3.3535486215148836e-15
0.9992000000000001	3.354280439921607e-15
1.0002	3.3550120010677304e-15
1.0012	3.355743304987388e-15
1.0022	3.3564743517158505e-15
1.0032	3.357205141289522e-15
1.0042	3.357935673745939e-15
1.0052	3.3586659491237295e-15
1.0062	3.3593959674626353e-15
1.0072	3.3601257288035027e-15
1.0082	3.360855233188246e-15
1.0092	3.3615844806598645e-15
1.0102	3.3623134712624265e-15
1.0112	3.3630422050410443e-15
1.0122	3.3637706820418944e-15
1.0132	3.3644989023121895e-15
1.0142	3.3652268659001698e-15
1.0152	3.3659545728550984e-15
1.0162	3.3666820232272605e-15
1.0172	3.367409217067931e-15
1.0182	3.368136154429404e-15
1.0192	3.368862835364942e-15
1.0202	3.3695892599287968e-15
1.0212	3.370315428176198e-15
1.0222	3.371041340163328e-15
1.0232	3.371766995947331e-15
1.0242	3.372492395586295e-15
1.0252000000000001	3.373217539139251e-15
1.0262	3.3739424266661662e-15
1.0272000000000001	3.374667058227921e-15
1.0282	3.375391433886315e-15
1.0292000000000001	3.3761155537040665e-15
1.0302	3.3768394177447827e-15
1.0312000000000001	3.3775630260729643e-15
1.0322	3.378286378753998e-15
1.0332000000000001	3.379009475854155e-15
1.0342	3.379732317440565e-15
1.0352000000000001	3.380454903581232e-15
1.0362	3.381177234345011e-15
1.0372000000000001	3.3818993098015957e-15
1.0382	3.3826211300215335e-15
1.0392000000000001	3.3833426950762033e-15
1.0402	3.3840640050378023e-15
1.0412000000000001	3.3847850599793555e-15
1.0422	3.3855058599747024e-15
1.0432000000000001	3.3862264050984673e-15
1.0442	3.3869466954260982e-15
1.0452000000000001	3.3876667310338254e-15
1.0462	3.3883865119986517e-15
1.0472000000000001	3.389106038398378e-15
1.0482	3.3898253103115643e-15
1.0492000000000001	3.3905443278175296e-15
1.0502	3.3912630909963673e-15
1.0512000000000001	3.3919815999289134e-15
1.0522	3.392699854696736e-15
1.0532	3.393417855382162e-15
1.0542	3.39413560206824e-15
1.0552	3.3948530948387436e-15
1.0562	3.3955703337781692e-15
1.0572	3.396287318971716e-15
1.0582	3.397004050505304e-15
1.0592	3.3977205284655423e-15
1.0602	3.3984367529397373e-15
1.0612	3.399152724015887e-15
1.0622	3.3998684417826667e-15
1.0632	3.400583906329427e-15
1.0642	3.4012991177461984e-15
1.0652	3.4020140761236597e-15
1.0662	3.40272878155316e-15
1.0672	3.4034432341266897e-15
1.0682	3.4041574339369044e-15
1.0692	3.404871381077076e-15
1.0702	3.4055850756411348e-15
1.0712	3.4062985177236228e-15
1.0722	3.407011707419718e-15
1.0732	3.407724644825204e-15
1.0742	3.4084373300364914e-15
1.0752	3.4091497631505872e-15
1.0762	3.409861944265109e-15
1.0772	3.4105738734782556e-15
1.0782	3.4112855508888363e-15
1.0792	3.411996976596235e-15
1.0802	3.4127081507004155e-15
1.0812	3.4134190733019216e-15
1.0822	3.414129744501862e-15
1.0832	3.4148401644019094e-15
1.0842	3.4155503331043073e-15
1.0852	3.4162602507118337e-15
1.0862	3.4169699173278414e-15
1.0872	3.4176793330562022e-15
1.0882	3.418388498001344e-15
1.0892	3.419097412268228e-15
1.0902	3.419806075962335e-15
1.0912	3.4205144891896817e-15
1.0922	3.4212226520567907e-15
1.0932000000000002	3.4219305646707234e-15
1.0942	3.422638227139023e-15
1.0952000000000002	3.4233456395697563e-15
1.0962	3.424052802071497e-15
1.0972000000000002	3.4247597147532866e-15
1.0982	3.4254663777246907e-15
1.0992000000000002	3.426172791095739e-15
1.1002	3.426878954976963e-15
1.1012000000000002	3.4275848694793517e-15
1.1022	3.4282905347143813e-15
1.1032000000000002	3.42899595079399e-15
1.1042	3.4297011178305894e-15
1.1052000000000002	3.430406035937042e-15
1.1062	3.4311107052266722e-15
1.1072000000000002	3.4318151258132477e-15
1.1082	3.4325192978109924e-15
1.1092000000000002	3.4332232213345732e-15
1.1102	3.433926896499086e-15
1.1112000000000002	3.4346303234200787e-15
1.1122	3.4353335022135057e-15
1.1132000000000002	3.4360364329957683e-15
1.1142	3.4367391158836797e-15
1.1152000000000002	3.437441550994472e-15
1.1162	3.438143738445803e-15
1.1172	3.438845678355715e-15
1.1182	3.4395473708426807e-15
1.1192	3.440248816025566e-15
1.1202	3.440950014023632e-15
1.1212	3.4416509649565453e-15
1.1222	3.4423516689443433e-15
1.1232	3.4430521261074686e-15
1.1242	3.4437523365667365e-15
1.1252	3.4444523004433392e-15
1.1262	3.445152017858864e-15
1.1272	3.445851488935236e-15
1.1282	3.4465507137947825e-15
1.1292	3.447249692560166e-15
1.1302	3.447948425354427e-15
1.1312	3.4486469123009577e-15
1.1322	3.449345153523509e-15
1.1332	3.4500431491461734e-15
1.1342	3.4507408992933944e-15
1.1352	3.4514384040899494e-15
1.1362	3.452135663660968e-15
1.1372	3.4528326781319108e-15
1.1382	3.4535294476285623e-15
1.1392	3.4542259722770518e-15
1.1402	3.454922252203821e-15
1.1412	3.4556182875356315e-15
1.1422	3.4563140783995807e-15
1.1432	3.457009624923065e-15
1.1442	3.4577049272337997e-15
1.1452	3.4583999854598005e-15
1.1462	3.45909479972941e-15
1.1472	3.4597893701712478e-15
1.1482	3.460483696914248e-15
1.1492	3.4611777800876436e-15
1.1502000000000001	3.461871619820941e-15
1.1512	3.46256521624396e-15
1.1522000000000001	3.463258569486794e-15
1.1532	3.4639516796798186e-15
1.1542000000000001	3.4646445469536888e-15
1.1552	3.4653371714393613e-15
1.1562000000000001	3.4660295532680304e-15
1.1572	3.466721692571184e-15
1.1582000000000001	3.467413589480582e-15
1.1592	3.468105244128233e-15
1.1602000000000001	3.4687966566464202e-15
1.1612	3.4694878271676887e-15
1.1622000000000001	3.470178755824832e-15
1.1632	3.4708694427508984e-15
1.1642000000000001	3.4715598880791907e-15
1.1652	3.472250091943272e-15
1.1662000000000001	3.4729400544769213e-15
1.1672	3.473629775814193e-15
1.1682000000000001	3.4743192560893603e-15
1.1692	3.4750084954369397e-15
1.1702000000000001	3.475697493991687e-15
1.1712	3.476386251888577e-15
1.1722000000000001	3.4770747692628334e-15
1.1732	3.477763046249891e-15
1.1742000000000001	3.4784510829854143e-15
1.1752	3.4791388796052857e-15
1.1762000000000001	3.479826436245612e-15
1.1772	3.4805137530427106e-15
1.1782000000000001	3.4812008301331204e-15
1.1792	3.481887667653581e-15
1.1802000000000001	3.482574265741048e-15
1.1812	3.483260624532679e-15
1.1822000000000001	3.4839467441658407e-15
1.1832	3.484632624778095e-15
1.1842000000000001	3.4853182665072027e-15
1.1852	3.486003669491129e-15
1.1862000000000001	3.486688833868024e-15
1.1872	3.4873737597762264e-15
1.1882000000000001	3.48805844735428e-15
1.1892	3.4887428967408936e-15
1.1902000000000001	3.489427108074977e-15
1.1912	3.4901110814956227e-15
1.1922000000000001	3.4907948171420895e-15
1.1932	3.4914783151538227e-15
1.1942000000000002	3.492161575670445e-15
1.1952	3.492844598831747e-15
1.1962000000000002	3.493527384777688e-15
1.1972	3.494209933648403e-15
1.1982000000000002	3.4948922455841837e-15
1.1992	3.4955743207254978e-15
1.2002000000000002	3.4962561592129618e-15
1.2012	3.4969377611873603e-15
1.2022000000000002	3.497619126789647e-15
1.2032	3.4983002561608984e-15
1.2042000000000002	3.4989811494423693e-15
1.2052	3.4996618067754678e-15
1.2062000000000002	3.5003422283017375e-15
1.2072	3.5010224141628768e-15
1.2082000000000002	3.501702364500722e-15
1.2092	3.5023820794572684e-15
1.2102000000000002	3.5030615591746297e-15
1.2112	3.50374080379508e-15
1.2122000000000002	3.5044198134610135e-15
1.2132	3.505098588314971e-15
1.2142000000000002	3.5057771284996233e-15
1.2152	3.506455434157764e-15
1.2162000000000002	3.5071335054323333e-15
1.2172	3.507811342466384e-15
1.2182000000000002	3.5084889454030895e-15
1.2192	3.5091663143857657e-15
1.2202000000000002	3.5098434495578427e-15
1.2212	3.5105203510628556e-15
1.2222000000000002	3.5111970190444773e-15
1.2232	3.511873453646485e-15
1.2242000000000002	3.5125496550127728e-15
1.2252	3.5132256232873574e-15
1.2262000000000002	3.513901358614345e-15
1.2272	3.514576861137963e-15
1.2282000000000002	3.5152521310025563e-15
1.2292	3.5159271683525484e-15
1.2302000000000002	3.5166019733324968e-15
1.2312	3.5172765460870315e-15
1.2322000000000002	3.5179508867609085e-15
1.2332	3.5186249954989627e-15
1.2342000000000002	3.5192988724461366e-15
1.2352	3.5199725177474604e-15
1.2362000000000002	3.5206459315480643e-15
1.2372	3.5213191139931732e-15
1.2382000000000002	3.5219920652280864e-15
1.2392	3.5226647853982078e-15
1.2402000000000002	3.5233372746490187e-15
1.2412	3.5240095331260845e-15
1.2422000000000002	3.5246815609750704e-15
1.2432	3.5253533583416966e-15
1.2442000000000002	3.5260249253717897e-15
1.2452	3.5266962622112408e-15
1.2462	3.5273673690060168e-15
1.2472	3.528038245902165e-15
1.2482	3.5287088930458183e-15
1.2492	3.529379310583157e-15
1.2502	3.5300494986604506e-15
1.2512	3.5307194574240406e-15
1.2522	3.531389187020316e-15
1.2532	3.5320586875957605e-15
1.2542	3.5327279592969065e-15
1.2552	3.533397002270343e-15
1.2562	3.5340658166627384e-15
1.2572	3.534734402620819e-15
1.2582	3.535402760291366e-15
1.2592	3.536070889821215e-15
1.2602	3.5367387913572634e-15
1.2612	3.5374064650464594e-15
1.2622	3.538073911035824e-15
1.2632	3.538741129472399e-15
1.2642	3.5394081205033047e-15
1.2652	3.5400748842756966e-15
1.2662	3.5407414209367835e-15
1.2672	3.541407730633825e-15
1.2682	3.5420738135141214e-15
1.2692	3.542739669725013e-15
1.2702	3.5434052994138986e-15
1.2712	3.544070702728208e-15
1.2722	3.54473587981541e-15
1.2732	3.545400830823014e-15
1.2742	3.5460655558985797e-15
1.2752000000000001	3.546730055189689e-15
1.2762	3.5473943288439644e-15
1.2772000000000001	3.548058377009069e-15
1.2782	3.5487221998326844e-15
1.2792000000000001	3.5493857974625447e-15
1.2802	3.550049170046399e-15
1.2812000000000001	3.5507123177320305e-15
1.2822	3.5513752406672475e-15
1.2832000000000001	3.552037938999897e-15
1.2842	3.5527004128778417e-15
1.2852000000000001	3.5533626624489715e-15
1.2862	3.554024687861202e-15
1.2872000000000001	3.554686489262463e-15
1.2882	3.555348066800734e-15
1.2892000000000001	3.556009420623975e-15
1.2902	3.5566705508801914e-15
1.2912000000000001	3.557331457717406e-15
1.2922	3.5579921412836436e-15
1.2932000000000001	3.55865260172696e-15
1.2942	3.559312839195419e-15
1.2952000000000001	3.5599728538370995e-15
1.2962	3.5606326458001006e-15
1.2972000000000001	3.561292215232513e-15
1.2982	3.561951562282461e-15
1.2992000000000001	3.562610687098065e-15
1.3002	3.563269589827464e-15
1.3012000000000001	3.563928270618793e-15
1.3022	3.564586729620201e-15
1.3032000000000001	3.565244966979842e-15
1.3042	3.565902982845876e-15
1.3052000000000001	3.5665607773664565e-15
1.3062	3.567218350689749e-15
1.3072000000000001	3.567875702963925e-15
1.3082	3.5685328343371485e-15
1.3092000000000001	3.569189744957582e-15
1.3102	3.569846434973394e-15
1.3112000000000001	3.570502904532749e-15
1.3122	3.571159153783797e-15
1.3132000000000001	3.571815182874699e-15
1.3142	3.572470991953609e-15
1.3152000000000001	3.573126581168667e-15
1.3162	3.573781950668009e-15
1.3172000000000001	3.5744371005997665e-15
1.3182	3.575092031112063e-15
1.3192000000000002	3.575746742353008e-15
1.3202	3.5764012344707e-15
1.3212000000000002	3.577055507613228e-15
1.3222	3.577709561928681e-15
1.3232000000000002	3.578363397565113e-15
1.3242	3.579017014670572e-15
1.3252000000000002	3.579670413393099e-15
1.3262	3.580323593880716e-15
1.3272000000000002	3.580976556281429e-15
1.3282	3.581629300743217e-15
1.3292000000000002	3.582281827414052e-15
1.3302	3.582934136441885e-15
1.3312000000000002	3.583586227974641e-15
1.3322	3.584238102160231e-15
1.3332000000000002	3.584889759146549e-15
1.3342	3.585541199081453e-15
1.3352000000000002	3.5861924221127844e-15
1.3362	3.586843428388375e-15
1.3372000000000002	3.587494218055999e-15
1.3382	3.588144791263445e-15
1.3392000000000002	3.588795148158446e-15
1.3402	3.589445288888722e-15
1.3412000000000002	3.590095213601955e-15
1.3422	3.590744922445817e-15
1.3432000000000002	3.591394415567931e-15
1.3442	3.592043693115903e-15
1.3452000000000002	3.592692755237295e-15
1.3462	3.5933416020796565e-15
1.3472000000000002	3.5939902337904914e-15
1.3482	3.594638650517283e-15
1.3492000000000002	3.5952868524074574e-15
1.3502	3.595934839608436e-15
1.3512000000000002	3.596582612267586e-15
1.3522	3.597230170532247e-15
1.3532000000000002	3.597877514549721e-15
1.3542	3.598524644467266e-15
1.3552000000000002	3.599171560432119e-15
1.3562	3.599818262591461e-15
1.3572000000000002	3.6004647510924454e-15
1.3582	3.6011110260821835e-15
1.3592000000000002	3.601757087707746e-15
1.3602	3.602402936116161e-15
1.3612000000000002	3.603048571454413e-15
1.3622	3.6036939938694575e-15
1.3632000000000002	3.60433920350819e-15
1.3642	3.604984200517473e-15
1.3652000000000002	3.605628985044122e-15
1.3662	3.6062735572349055e-15
1.3672000000000002	3.606917917236558e-15
1.3682	3.607562065195754e-15
1.3692000000000002	3.608206001259124e-15
1.3702	3.608849725573262e-15
1.3712000000000002	3.609493238284709e-15
1.3722	3.6101365395399534e-15
1.3732	3.610779629485432e-15
1.3742	3.611422508267541e-15
1.3752	3.612065176032626e-15
1.3762	3.612707632926984e-15
1.3772	3.613349879096849e-15
1.3782	3.61399191468841e-15
1.3792	3.6146337398478156e-15
1.3802	3.6152753547211376e-15
1.3812	3.615916759454414e-15
1.3822	3.616557954193628e-15
1.3832	3.617198939084689e-15
1.3842	3.617839714273483e-15
1.3852	3.618480279905811e-15
1.3862	3.619120636127437e-15
1.3872	3.619760783084058e-15
1.3882	3.620400720921323e-15
1.3892	3.621040449784815e-15
1.3902	3.621679969820059e-15
1.3912	3.622319281172529e-15
1.3922	3.622958383987634e-15
1.3932	3.623597278410731e-15
1.3942	3.6242359645871006e-15
1.3952	3.6248744426619875e-15
1.3962	3.625512712780552e-15
1.3972	3.6261507750879065e-15
1.3982	3.626788629729092e-15
1.3992	3.6274262768491015e-15
1.4002000000000001	3.62806371659285e-15
1.4012	3.628700949105203e-15
1.4022000000000001	3.629337974530943e-15
1.4032	3.629974793014812e-15
1.4042000000000001	3.630611404701467e-15
1.4052	3.631247809735519e-15
1.4062000000000001	3.6318840082614825e-15
1.4072	3.632520000423845e-15
1.4082000000000001	3.633155786367005e-15
1.4092	3.633791366235294e-15
1.4102000000000001	3.634426740172983e-15
1.4112	3.6350619083242725e-15
1.4122000000000001	3.635696870833294e-15
1.4132	3.636331627844106e-15
1.4142000000000001	3.6369661795007066e-15
1.4152	3.637600525947028e-15
1.4162000000000001	3.638234667326914e-15
1.4172	3.638868603784158e-15
1.4182000000000001	3.639502335462471e-15
1.4192	3.6401358625054924e-15
1.4202000000000001	3.6407691850568054e-15
1.4212	3.6414023032599006e-15
1.4222000000000001	3.64203521725821e-15
1.4232	3.642667927195089e-15
1.4242000000000001	3.643300433213823e-15
1.4252	3.643932735457624e-15
1.4262000000000001	3.644564834069611e-15
1.4272	3.645196729192867e-15
1.4282000000000001	3.645828420970364e-15
1.4292	3.646459909545017e-15
1.4302000000000001	3.64709119505967e-15
1.4312	3.647722277657078e-15
1.4322000000000001	3.648353157479928e-15
1.4332	3.648983834670837e-15
1.4342000000000001	3.6496143093723276e-15
1.4352	3.65024458172686e-15
1.4362000000000001	3.650874651876817e-15
1.4372	3.651504519964493e-15
1.4382000000000001	3.652134186132115e-15
1.4392	3.6527636505218314e-15
1.4402000000000001	3.653392913275706e-15
1.4412	3.654021974535717e-15
1.4422000000000001	3.654650834443795e-15
1.4432	3.6552794931417464e-15
1.4442000000000002	3.6559079507713335e-15
1.4452	3.6565362074742164e-15
1.4462000000000002	3.657164263392001e-15
1.4472	3.6577921186661705e-15
1.4482000000000002	3.658419773438165e-15
1.4492	3.659047227849335e-15
1.4502000000000002	3.659674482040928e-15
1.4512	3.66030153615414e-15
1.4522000000000002	3.660928390330058e-15
1.4532	3.661555044709714e-15
1.4542000000000002	3.662181499434024e-15
1.4552	3.662807754643847e-15
1.4562000000000002	3.663433810479956e-15
1.4572	3.664059667083017e-15
1.4582000000000002	3.6646853245936475e-15
1.4592	3.665310783152352e-15
1.4602000000000002	3.665936042899565e-15
1.4612	3.666561103975632e-15
1.4622000000000002	3.667185966520817e-15
1.4632	3.6678106306752805e-15
1.4642000000000002	3.6684350965791246e-15
1.4652	3.6690593643723545e-15
1.4662000000000002	3.669683434194879e-15
1.4672	3.670307306186533e-15
1.4682000000000002	3.670930980487063e-15
1.4692	3.671554457236126e-15
1.4702000000000002	3.672177736573291e-15
1.4712	3.67280081863804e-15
1.4722000000000002	3.6734237035697705e-15
1.4732	3.674046391507782e-15
1.4742000000000002	3.6746688825913115e-15
1.4752	3.675291176959472e-15
1.4762000000000002	3.67591327475132e-15
1.4772	3.676535176105796e-15
1.4782000000000002	3.677156881161773e-15
1.4792	3.677778390058026e-15
1.4802000000000002	3.678399702933233e-15
1.4812	3.679020819926002e-15
1.4822000000000002	3.679641741174833e-15
1.4832	3.680262466818145e-15
1.4842000000000002	3.680882996994251e-15
1.4852	3.681503331841407e-15
1.4862000000000002	3.682123471497738e-15
1.4872	3.682743416101308e-15
1.4882000000000002	3.683363165790077e-15
1.4892	3.683982720701919e-15
1.4902000000000002	3.684602080974607e-15
1.4912	3.685221246745828e-15
1.4922000000000002	3.685840218153187e-15
1.4932	3.686458995334172e-15
1.4942000000000002	3.687077578426204e-15
1.4952	3.687695967566602e-15
1.4962000000000002	3.6883141628925875e-15
1.4972	3.688932164541295e-15
1.4982000000000002	3.689549972649757e-15
1.4992	3.690167587354934e-15
1.5000	3.6907850087936584e-15