0.	7.001592073295978e-14
0.001	7.001592073295978e-14
0.002	7.001592073295978e-14
0.003	7.001592073295978e-14
0.004	7.001592073295978e-14
0.005	7.001592073295978e-14
0.006	7.001592073295978e-14
0.007	7.001592073295978e-14
0.008	7.001592073295978e-14
0.009000000000000001	7.001592073295978e-14
0.01	7.001592073295978e-14
0.011	7.001592073295978e-14
0.012	7.001592073295978e-14
0.013000000000000001	7.001592073295978e-14
0.014	7.001592073295978e-14
0.015	7.001592073295978e-14
0.016	7.001592073295978e-14
0.017	7.001592073295978e-14
0.018000000000000002	7.001592073295978e-14
0.019	7.001592073295978e-14
0.02	7.001592073295978e-14
0.021	7.001592073295978e-14
0.022	7.001592073295978e-14
0.023	7.001592073295978e-14
0.024	7.001592073295978e-14
0.025	7.001592073295978e-14
0.026000000000000002	7.003151372628089e-14
0.027	7.013658114965924e-14
0.028	7.02411471846246e-14
0.029	7.0345218268725e-14
0.03	7.04488007051576e-14
0.031	7.055190066663934e-14
0.032	7.065452419913548e-14
0.033	7.075667722545288e-14
0.034	7.085836554870366e-14
0.035	7.09595948556449e-14
0.036000000000000004	7.106037071989978e-14
0.037	7.11606986050655e-14
0.038	7.12605838677122e-14
0.039	7.136003176027825e-14
0.04	7.14590474338657e-14
0.041	7.155763594094027e-14
0.042	7.165580223793987e-14
0.043000000000000003	7.175355118779519e-14
0.044	7.185088756236631e-14
0.045	7.194781604479835e-14
0.046	7.204434123179955e-14
0.047	7.214046763584511e-14
0.048	7.223619968730917e-14
0.049	7.233154173652857e-14
0.05	7.242649805580004e-14
0.051000000000000004	7.25210728413144e-14
0.052000000000000005	7.261527021502956e-14
0.053	7.270909422648475e-14
0.054	7.280254885455844e-14
0.055	7.289563800917195e-14
0.056	7.29883655329406e-14
0.057	7.308073520277472e-14
0.058	7.317275073143201e-14
0.059000000000000004	7.326441576902333e-14
0.06	7.335573390447336e-14
0.061	7.3446708666938e-14
0.062	7.353734352717992e-14
0.063	7.362764189890376e-14
0.064	7.371760714005246e-14
0.065	7.380724255406621e-14
0.066	7.389655139110491e-14
0.067	7.398553684923611e-14
0.068	7.407420207558873e-14
0.069	7.416255016747478e-14
0.07	7.425058417347908e-14
0.07100000000000001	7.433830709451906e-14
0.07200000000000001	7.442572188487486e-14
0.073	7.451283145319138e-14
0.074	7.459963866345253e-14
0.075	7.468614633592947e-14
0.076	7.477235724810264e-14
0.077	7.485827413555957e-14
0.078	7.494389969286821e-14
0.079	7.50292365744274e-14
0.08	7.511428739529468e-14
0.081	7.519905473199247e-14
0.082	7.528354112329321e-14
0.083	7.536774907098398e-14
0.084	7.545168104061152e-14
0.085	7.553533946220802e-14
0.08600000000000001	7.56187267309986e-14
0.08700000000000001	7.570184520809061e-14
0.088	7.578469722114545e-14
0.089	7.586728506503394e-14
0.09	7.594961100247491e-14
0.091	7.603167726465815e-14
0.092	7.611348605185188e-14
0.093	7.619503953399548e-14
0.094	7.62763398512775e-14
0.095	7.635738911469963e-14
0.096	7.643818940662745e-14
0.097	7.651874278132742e-14
0.098	7.659905126549126e-14
0.099	7.667911685874801e-14
0.1	7.675894153416353e-14
0.101	7.683852723872882e-14
0.10200000000000001	7.691787589383642e-14
0.10300000000000001	7.699698939574595e-14
0.10400000000000001	7.70758696160388e-14
0.105	7.71545184020623e-14
0.106	7.72329375773639e-14
0.107	7.731112894211493e-14
0.108	7.738909427352553e-14
0.109	7.746683532624932e-14
0.11	7.754435383277973e-14
0.111	7.762165150383678e-14
0.112	7.769873002874597e-14
0.113	7.777559107580807e-14
0.114	7.78522362926613e-14
0.115	7.792866730663517e-14
0.116	7.80048857250968e-14
0.117	7.808089313578974e-14
0.11800000000000001	7.815669110716534e-14
0.11900000000000001	7.823228118870699e-14
0.12	7.830766491124736e-14
0.121	7.838284378727929e-14
0.122	7.845781931125939e-14
0.123	7.853259295990571e-14
0.124	7.860716619248914e-14
0.125	7.868154045111836e-14
0.126	7.875571716101933e-14
0.127	7.882969773080848e-14
0.128	7.890348355276067e-14
0.129	7.897707600307145e-14
0.13	7.905047644211398e-14
0.131	7.912368621469067e-14
0.132	7.919670665027973e-14
0.133	7.926953906327691e-14
0.134	7.934218475323208e-14
0.135	7.941464500508136e-14
0.136	7.948692108937441e-14
0.137	7.95590142624973e-14
0.138	7.963092576689093e-14
0.139	7.970265683126542e-14
0.14	7.977420867080981e-14
0.14100000000000001	7.984558248739797e-14
0.14200000000000002	7.991677946979063e-14
0.14300000000000002	7.998780079383325e-14
0.14400000000000002	8.005864762265013e-14
0.145	8.01293211068349e-14
0.146	8.019982238463733e-14
0.147	8.027015258214658e-14
0.148	8.034031281347095e-14
0.149	8.04103041809142e-14
0.15	8.048012777514877e-14
0.151	8.05497846753855e-14
0.152	8.061927594954037e-14
0.153	8.0688602654398e-14
0.154	8.075776583577232e-14
0.155	8.082676652866402e-14
0.156	8.089560575741551e-14
0.157	8.096428453586246e-14
0.158	8.103280386748325e-14
0.159	8.110116474554527e-14
0.16	8.116936815324867e-14
0.161	8.123741506386765e-14
0.162	8.130530644088903e-14
0.163	8.137304323814865e-14
0.164	8.14406263999648e-14
0.165	8.150805686127015e-14
0.166	8.157533554774036e-14
0.167	8.164246337592122e-14
0.168	8.170944125335321e-14
0.169	8.177627007869391e-14
0.17	8.184295074183823e-14
0.171	8.190948412403699e-14
0.17200000000000001	8.19758710980128e-14
0.17300000000000001	8.204211252807437e-14
0.17400000000000002	8.210820927022884e-14
0.17500000000000002	8.21741621722921e-14
0.176	8.223997207399725e-14
0.177	8.230563980710131e-14
0.178	8.237116619548997e-14
0.179	8.24365520552808e-14
0.18	8.25017981949246e-14
0.181	8.256690541530498e-14
0.182	8.263187450983649e-14
0.183	8.269670626456097e-14
0.184	8.276140145824256e-14
0.185	8.282596086246066e-14
0.186	8.289038524170188e-14
0.187	8.295467535345019e-14
0.188	8.301883194827581e-14
0.189	8.30828557699225e-14
0.19	8.314674755539333e-14
0.191	8.32105080350355e-14
0.192	8.327413793262342e-14
0.193	8.333763796544061e-14
0.194	8.340100884436018e-14
0.195	8.346425127392433e-14
0.196	8.352736595242201e-14
0.197	8.359035357196634e-14
0.198	8.365321481856957e-14
0.199	8.371595037221793e-14
0.2	8.37785609069449e-14
0.201	8.384104709090304e-14
0.202	8.390340958643528e-14
0.203	8.39656490501448e-14
0.20400000000000001	8.402776613296374e-14
0.20500000000000002	8.40897614802213e-14
0.20600000000000002	8.415163573171007e-14
0.20700000000000002	8.421338952175216e-14
0.20800000000000002	8.427502347926382e-14
0.209	8.433653822781908e-14
0.21	8.439793438571272e-14
0.211	8.445921256602214e-14
0.212	8.452037337666825e-14
0.213	8.45814174204754e-14
0.214	8.464234529523086e-14
0.215	8.470315759374269e-14
0.216	8.476385490389735e-14
0.217	8.482443780871626e-14
0.218	8.48849068864115e-14
0.219	8.494526271044076e-14
0.22	8.500550584956137e-14
0.221	8.506563686788377e-14
0.222	8.512565632492395e-14
0.223	8.518556477565528e-14
0.224	8.524536277055951e-14
0.225	8.530505085567735e-14
0.226	8.536462957265765e-14
0.227	8.542409945880668e-14
0.228	8.548346104713618e-14
0.229	8.554271486641075e-14
0.23	8.560186144119489e-14
0.231	8.56609012918991e-14
0.232	8.571983493482545e-14
0.233	8.577866288221246e-14
0.234	8.583738564227937e-14
0.23500000000000001	8.589600371926968e-14
0.23600000000000002	8.595451761349468e-14
0.23700000000000002	8.601292782137514e-14
0.23800000000000002	8.607123483548383e-14
0.23900000000000002	8.612943914458658e-14
0.24	8.618754123368297e-14
0.241	8.62455415840466e-14
0.242	8.630344067326453e-14
0.243	8.636123897527678e-14
0.244	8.641893696041436e-14
0.245	8.64765350954378e-14
0.246	8.653403384357425e-14
0.247	8.659143366455486e-14
0.248	8.664873501465107e-14
0.249	8.670593834671078e-14
0.25	8.676304411019393e-14
0.251	8.682005275120746e-14
0.252	8.687696471254e-14
0.253	8.693378043369618e-14
0.254	8.699050035093009e-14
0.255	8.704712489727882e-14
0.256	8.710365450259514e-14
0.257	8.716008959357982e-14
0.258	8.7216430593814e-14
0.259	8.727267792379048e-14
0.26	8.732883200094477e-14
0.261	8.73848932396863e-14
0.262	8.744086205142837e-14
0.263	8.749673884461836e-14
0.264	8.755252402476716e-14
0.265	8.76082179944788e-14
0.266	8.766382115347875e-14
0.267	8.771933389864272e-14
0.268	8.777475662402485e-14
0.269	8.783008972088536e-14
0.27	8.788533357771783e-14
0.271	8.794048858027668e-14
0.272	8.799555511160352e-14
0.273	8.80505335520538e-14
0.274	8.810542427932279e-14
0.275	8.81602276684713e-14
0.276	8.821494409195132e-14
0.277	8.82695739196309e-14
0.278	8.832411751881899e-14
0.279	8.837857525429034e-14
0.28	8.843294748830904e-14
0.281	8.848723458065305e-14
0.28200000000000003	8.854143688863759e-14
0.28300000000000003	8.85955547671382e-14
0.28400000000000003	8.864958856861449e-14
0.28500000000000003	8.870353864313213e-14
0.28600000000000003	8.875740533838594e-14
0.28700000000000003	8.881118899972184e-14
0.28800000000000003	8.886488997015892e-14
0.289	8.891850859041108e-14
0.29	8.897204519890855e-14
0.291	8.902550013181898e-14
0.292	8.907887372306866e-14
0.293	8.913216630436268e-14
0.294	8.918537820520588e-14
0.295	8.923850975292296e-14
0.296	8.929156127267826e-14
0.297	8.934453308749563e-14
0.298	8.939742551827804e-14
0.299	8.945023888382654e-14
0.3	8.950297350085983e-14
0.301	8.955562968403238e-14
0.302	8.960820774595385e-14
0.303	8.966070799720698e-14
0.304	8.97131307463658e-14
0.305	8.976547630001384e-14
0.306	8.981774496276189e-14
0.307	8.986993703726528e-14
0.308	8.992205282424159e-14
0.309	8.997409262248766e-14
0.31	9.002605672889672e-14
0.311	9.007794543847496e-14
0.312	9.012975904435828e-14
0.313	9.018149783782874e-14
0.314	9.023316210833068e-14
0.315	9.028475214348683e-14
0.316	9.033626822911438e-14
0.317	9.038771064924013e-14
0.318	9.043907968611659e-14
0.319	9.049037562023713e-14
0.32	9.054159873035102e-14
0.321	9.059274929347866e-14
0.322	9.06438275849262e-14
0.323	9.069483387830049e-14
0.324	9.074576844552338e-14
0.325	9.079663155684624e-14
0.326	9.084742348086409e-14
0.327	9.089814448452957e-14
0.328	9.09487948331671e-14
0.329	9.099937479048639e-14
0.33	9.104988461859613e-14
0.331	9.110032457801752e-14
0.332	9.115069492769739e-14
0.333	9.120099592502164e-14
0.334	9.125122782582809e-14
0.335	9.13013908844192e-14
0.336	9.135148535357547e-14
0.337	9.140151148456713e-14
0.338	9.145146952716751e-14
0.339	9.15013597296648e-14
0.34	9.155118233887458e-14
0.341	9.160093760015173e-14
0.342	9.16506257574024e-14
0.343	9.170024705309616e-14
0.34400000000000003	9.174980172827735e-14
0.34500000000000003	9.179929002257684e-14
0.34600000000000003	9.18487121742235e-14
0.34700000000000003	9.189806842005554e-14
0.34800000000000003	9.194735899553176e-14
0.34900000000000003	9.199658413474268e-14
0.35000000000000003	9.204574407042152e-14
0.35100000000000003	9.209483903395502e-14
0.352	9.214386925539452e-14
0.353	9.219283496346631e-14
0.354	9.224173638558243e-14
0.355	9.229057374785081e-14
0.356	9.233934727508603e-14
0.357	9.238805719081928e-14
0.358	9.243670371730867e-14
0.359	9.248528707554905e-14
0.36	9.25338074852823e-14
0.361	9.258226516500664e-14
0.362	9.263066033198711e-14
0.363	9.26789932022644e-14
0.364	9.27272639906651e-14
0.365	9.277547291081066e-14
0.366	9.282362017512703e-14
0.367	9.287170599485371e-14
0.368	9.29197305800532e-14
0.369	9.296769413961984e-14
0.37	9.301559688128899e-14
0.371	9.306343901164556e-14
0.372	9.311122073613344e-14
0.373	9.315894225906373e-14
0.374	9.320660378362358e-14
0.375	9.325420551188469e-14
0.376	9.330174764481186e-14
0.377	9.334923038227125e-14
0.378	9.339665392303902e-14
0.379	9.344401846480919e-14
0.38	9.349132420420189e-14
0.381	9.353857133677157e-14
0.382	9.35857600570149e-14
0.383	9.36328905583787e-14
0.384	9.36799630332678e-14
0.385	9.372697767305283e-14
0.386	9.3773934668078e-14
0.387	9.382083420766839e-14
0.388	9.386767648013783e-14
0.389	9.39144616727964e-14
0.39	9.396118997195762e-14
0.391	9.400786156294583e-14
0.392	9.405447663010362e-14
0.393	9.410103535679902e-14
0.394	9.414753792543247e-14
0.395	9.419398451744376e-14
0.396	9.424037531331972e-14
0.397	9.428671049260017e-14
0.398	9.433299023388566e-14
0.399	9.437921471484388e-14
0.4	9.442538411221626e-14
0.401	9.447149860182502e-14
0.402	9.451755835857964e-14
0.403	9.456356355648316e-14
0.404	9.460951436863921e-14
0.405	9.465541096725805e-14
0.406	9.470125352366302e-14
0.40700000000000003	9.474704220829692e-14
0.40800000000000003	9.479277719072835e-14
0.40900000000000003	9.483845863965779e-14
0.41000000000000003	9.48840867229237e-14
0.41100000000000003	9.492966160750892e-14
0.41200000000000003	9.497518345954615e-14
0.41300000000000003	9.502065244432491e-14
0.41400000000000003	9.506606872629621e-14
0.41500000000000004	9.511143246907955e-14
0.41600000000000004	9.515674383546791e-14
0.417	9.520200298743425e-14
0.418	9.524721008613665e-14
0.419	9.529236529192434e-14
0.42	9.533746876434311e-14
0.421	9.538252066214102e-14
0.422	9.542752114327376e-14
0.423	9.547247036491056e-14
0.424	9.551736848343898e-14
0.425	9.556221565447062e-14
0.426	9.560701203284668e-14
0.427	9.565175777264284e-14
0.428	9.569645302717454e-14
0.429	9.574109794900259e-14
0.43	9.578569268993779e-14
0.431	9.583023740104629e-14
0.432	9.587473223265464e-14
0.433	9.591917733435497e-14
0.434	9.596357285500951e-14
0.435	9.600791894275604e-14
0.436	9.605221574501211e-14
0.437	9.609646340848072e-14
0.438	9.614066207915454e-14
0.439	9.618481190232082e-14
0.44	9.622891302256609e-14
0.441	9.627296558378084e-14
0.442	9.631696972916433e-14
0.443	9.636092560122891e-14
0.444	9.640483334180478e-14
0.445	9.644869309204441e-14
0.446	9.649250499242706e-14
0.447	9.653626918276323e-14
0.448	9.657998580219912e-14
0.449	9.662365498922089e-14
0.45	9.666727688165902e-14
0.451	9.671085161669284e-14
0.452	9.67543793308543e-14
0.453	9.679786016003267e-14
0.454	9.684129423947853e-14
0.455	9.688468170380791e-14
0.456	9.692802268700657e-14
0.457	9.697131732243368e-14
0.458	9.701456574282657e-14
0.459	9.705776808030386e-14
0.46	9.710092446637049e-14
0.461	9.714403503192053e-14
0.462	9.718709990724218e-14
0.463	9.723011922202092e-14
0.464	9.727309310534354e-14
0.465	9.731602168570222e-14
0.466	9.735890509099807e-14
0.467	9.740174344854499e-14
0.468	9.744453688507326e-14
0.46900000000000003	9.748728552673363e-14
0.47000000000000003	9.752998949910031e-14
0.47100000000000003	9.757264892717556e-14
0.47200000000000003	9.761526393539227e-14
0.47300000000000003	9.765783464761847e-14
0.47400000000000003	9.770036118716012e-14
0.47500000000000003	9.774284367676519e-14
0.47600000000000003	9.778528223862695e-14
0.47700000000000004	9.782767699438729e-14
0.47800000000000004	9.787002806514045e-14
0.47900000000000004	9.791233557143635e-14
0.48	9.795459963328376e-14
0.481	9.799682037015392e-14
0.482	9.803899790098387e-14
0.483	9.808113234417958e-14
0.484	9.812322381761931e-14
0.485	9.816527243865687e-14
0.486	9.820727832412499e-14
0.487	9.824924159033837e-14
0.488	9.829116235309678e-14
0.489	9.83330407276884e-14
0.49	9.837487682889298e-14
0.491	9.841667077098456e-14
0.492	9.84584226677352e-14
0.493	9.850013263241732e-14
0.494	9.854180077780746e-14
0.495	9.858342721618847e-14
0.496	9.862501205935354e-14
0.497	9.866655541860777e-14
0.498	9.870805740477277e-14
0.499	9.874951812818812e-14
0.5	9.879093769871501e-14
0.501	9.883231622573916e-14
0.502	9.887365381817338e-14
0.503	9.891495058446014e-14
0.504	9.895620663257545e-14
0.505	9.899742207003028e-14
0.506	9.903859700387437e-14
0.507	9.907973154069841e-14
0.508	9.912082578663712e-14
0.509	9.916187984737137e-14
0.51	9.920289382813189e-14
0.511	9.924386783370067e-14
0.512	9.928480196841475e-14
0.513	9.932569633616797e-14
0.514	9.936655104041425e-14
0.515	9.940736618416945e-14
0.516	9.944814187001485e-14
0.517	9.94888782000987e-14
0.518	9.952957527613962e-14
0.519	9.957023319942846e-14
0.52	9.961085207083114e-14
0.521	9.965143199079106e-14
0.522	9.969197305933156e-14
0.523	9.973247537605804e-14
0.524	9.977293904016103e-14
0.525	9.981336415041792e-14
0.526	9.985375080519586e-14
0.527	9.989409910245359e-14
0.528	9.99344091397444e-14
0.529	9.997468101421776e-14
0.53	1.000149148226224e-13
0.531	1.0005511066130794e-13
0.532	1.0009526862622765e-13
0.533	1.0013538881294027e-13
0.534	1.001754713166127e-13
0.535	1.0021551623202169e-13
0.536	1.002555236535569e-13
0.537	1.0029549367522204e-13
0.538	1.0033542639063778e-13
0.539	1.0037532189304385e-13
0.54	1.0041518027530084e-13
0.541	1.0045500162989261e-13
0.542	1.0049478604892833e-13
0.543	1.0053453362414461e-13
0.544	1.0057424444690759e-13
0.545	1.0061391860821479e-13
0.546	1.0065355619869783e-13
0.547	1.0069315730862335e-13
0.548	1.0073272202789641e-13
0.549	1.0077225044606105e-13
0.55	1.0081174265230378e-13
0.551	1.0085119873545416e-13
0.552	1.0089061878398789e-13
0.553	1.0093000288602787e-13
0.554	1.0096935112934712e-13
0.555	1.0100866360136971e-13
0.556	1.0104794038917324e-13
0.557	1.0108718157949072e-13
0.558	1.0112638725871247e-13
0.559	1.0116555751288743e-13
0.56	1.0120469242772619e-13
0.561	1.0124379208860152e-13
0.562	1.0128285658055122e-13
0.5630000000000001	1.0132188598827924e-13
0.5640000000000001	1.0136088039615822e-13
0.5650000000000001	1.0139983988823033e-13
0.5660000000000001	1.0143876454821017e-13
0.5670000000000001	1.0147765445948546e-13
0.5680000000000001	1.0151650970511981e-13
0.5690000000000001	1.0155533036785346e-13
0.5700000000000001	1.0159411653010597e-13
0.5710000000000001	1.016328682739772e-13
0.5720000000000001	1.0167158568124963e-13
0.5730000000000001	1.0171026883338946e-13
0.5740000000000001	1.0174891781154878e-13
0.5750000000000001	1.0178753269656702e-13
0.5760000000000001	1.0182611356897277e-13
0.577	1.0186466050898512e-13
0.578	1.0190317359651572e-13
0.579	1.0194165291117029e-13
0.58	1.0198009853224968e-13
0.581	1.0201851053875271e-13
0.582	1.020568890093764e-13
0.583	1.0209523402251856e-13
0.584	1.0213354565627876e-13
0.585	1.0217182398846037e-13
0.586	1.0221006909657164e-13
0.587	1.0224828105782776e-13
0.588	1.0228645994915199e-13
0.589	1.0232460584717724e-13
0.59	1.0236271882824769e-13
0.591	1.0240079896842067e-13
0.592	1.0243884634346711e-13
0.593	1.0247686102887433e-13
0.594	1.0251484309984638e-13
0.595	1.025527926313062e-13
0.596	1.0259070969789691e-13
0.597	1.0262859437398323e-13
0.598	1.0266644673365276e-13
0.599	1.0270426685071777e-13
0.6	1.0274205479871618e-13
0.601	1.0277981065091343e-13
0.602	1.0281753448030348e-13
0.603	1.028552263596104e-13
0.604	1.0289288636128969e-13
0.605	1.0293051455752996e-13
0.606	1.0296811102025358e-13
0.607	1.0300567582111881e-13
0.608	1.0304320903152063e-13
0.609	1.030807107225924e-13
0.61	1.031181809652068e-13
0.611	1.0315561982997781e-13
0.612	1.0319302738726104e-13
0.613	1.0323040370715634e-13
0.614	1.0326774885950756e-13
0.615	1.0330506291390533e-13
0.616	1.0334234593968706e-13
0.617	1.0337959800593933e-13
0.618	1.0341681918149813e-13
0.619	1.0345400953495105e-13
0.62	1.0349116913463743e-13
0.621	1.0352829804865114e-13
0.622	1.0356539634484013e-13
0.623	1.036024640908087e-13
0.624	1.036395013539187e-13
0.625	1.0367650820129002e-13
0.626	1.0371348469980276e-13
0.627	1.0375043091609739e-13
0.628	1.0378734691657678e-13
0.629	1.038242327674071e-13
0.63	1.0386108853451867e-13
0.631	1.0389791428360778e-13
0.632	1.0393471008013692e-13
0.633	1.0397147598933713e-13
0.634	1.040082120762079e-13
0.635	1.0404491840551916e-13
0.636	1.0408159504181198e-13
0.637	1.0411824204940009e-13
0.638	1.0415485949237049e-13
0.639	1.0419144743458483e-13
0.64	1.0422800593968055e-13
0.641	1.0426453507107196e-13
0.642	1.0430103489195089e-13
0.643	1.0433750546528869e-13
0.644	1.0437394685383626e-13
0.645	1.0441035912012605e-13
0.646	1.0444674232647214e-13
0.647	1.0448309653497232e-13
0.648	1.0451942180750827e-13
0.649	1.0455571820574723e-13
0.65	1.0459198579114248e-13
0.651	1.0462822462493508e-13
0.652	1.0466443476815402e-13
0.653	1.0470061628161789e-13
0.654	1.047367692259355e-13
0.655	1.0477289366150738e-13
0.656	1.0480898964852597e-13
0.657	1.0484505724697762e-13
0.658	1.0488109651664257e-13
0.659	1.0491710751709666e-13
0.66	1.0495309030771187e-13
0.661	1.0498904494765754e-13
0.662	1.0502497149590123e-13
0.663	1.0506087001120959e-13
0.664	1.0509674055214948e-13
0.665	1.0513258317708886e-13
0.666	1.051683979441975e-13
0.667	1.0520418491144836e-13
0.668	1.0523994413661802e-13
0.669	1.0527567567728795e-13
0.67	1.0531137959084526e-13
0.671	1.053470559344838e-13
0.672	1.0538270476520454e-13
0.673	1.0541832613981747e-13
0.674	1.0545392011494111e-13
0.675	1.0548948674700483e-13
0.676	1.0552502609224859e-13
0.677	1.0556053820672456e-13
0.678	1.0559602314629748e-13
0.679	1.0563148096664604e-13
0.68	1.0566691172326311e-13
0.681	1.0570231547145727e-13
0.682	1.0573769226635314e-13
0.683	1.0577304216289251e-13
0.684	1.0580836521583488e-13
0.685	1.0584366147975892e-13
0.686	1.0587893100906243e-13
0.687	1.0591417385796393e-13
0.6880000000000001	1.0594939008050299e-13
0.6890000000000001	1.059845797305415e-13
0.6900000000000001	1.0601974286176376e-13
0.6910000000000001	1.0605487952767822e-13
0.6920000000000001	1.0608998978161738e-13
0.6930000000000001	1.0612507367673936e-13
0.6940000000000001	1.0616013126602799e-13
0.6950000000000001	1.0619516260229438e-13
0.6960000000000001	1.0623016773817675e-13
0.6970000000000001	1.0626514672614232e-13
0.6980000000000001	1.0630009961848687e-13
0.6990000000000001	1.0633502646733667e-13
0.7000000000000001	1.0636992732464825e-13
0.7010000000000001	1.0640480224221003e-13
0.7020000000000001	1.0643965127164241e-13
0.7030000000000001	1.0647447446439892e-13
0.704	1.0650927187176674e-13
0.705	1.0654404354486748e-13
0.706	1.0657878953465826e-13
0.707	1.066135098919317e-13
0.708	1.0664820466731756e-13
0.709	1.0668287391128255e-13
0.71	1.0671751767413214e-13
0.711	1.0675213600600998e-13
0.712	1.0678672895689982e-13
0.713	1.0682129657662538e-13
0.714	1.0685583891485142e-13
0.715	1.0689035602108463e-13
0.716	1.0692484794467379e-13
0.717	1.0695931473481096e-13
0.718	1.0699375644053176e-13
0.719	1.0702817311071655e-13
0.72	1.0706256479409057e-13
0.721	1.0709693153922515e-13
0.722	1.0713127339453796e-13
0.723	1.0716559040829374e-13
0.724	1.071998826286055e-13
0.725	1.0723415010343415e-13
0.726	1.0726839288059029e-13
0.727	1.07302611007734e-13
0.728	1.0733680453237605e-13
0.729	1.073709735018782e-13
0.73	1.0740511796345407e-13
0.731	1.0743923796416962e-13
0.732	1.0747333355094399e-13
0.733	1.0750740477054984e-13
0.734	1.0754145166961429e-13
0.735	1.0757547429461923e-13
0.736	1.0760947269190242e-13
0.737	1.0764344690765756e-13
0.738	1.076773969879352e-13
0.739	1.0771132297864339e-13
0.74	1.0774522492554823e-13
0.741	1.0777910287427431e-13
0.742	1.0781295687030575e-13
0.743	1.0784678695898624e-13
0.744	1.0788059318552005e-13
0.745	1.0791437559497251e-13
0.746	1.0794813423227058e-13
0.747	1.0798186914220334e-13
0.748	1.0801558036942286e-13
0.749	1.0804926795844446e-13
0.75	1.0808293195364746e-13
0.751	1.0811657239927572e-13
0.752	1.0815018933943839e-13
0.753	1.0818378281810989e-13
0.754	1.0821735287913146e-13
0.755	1.0825089956621062e-13
0.756	1.0828442292292274e-13
0.757	1.0831792299271055e-13
0.758	1.0835139981888599e-13
0.759	1.0838485344462939e-13
0.76	1.0841828391299118e-13
0.761	1.084516912668914e-13
0.762	1.0848507554912119e-13
0.763	1.0851843680234282e-13
0.764	1.0855177506909025e-13
0.765	1.085850903917696e-13
0.766	1.0861838281266009e-13
0.767	1.0865165237391401e-13
0.768	1.0868489911755781e-13
0.769	1.0871812308549209e-13
0.77	1.0875132431949251e-13
0.771	1.0878450286120992e-13
0.772	1.0881765875217153e-13
0.773	1.0885079203378051e-13
0.774	1.0888390274731746e-13
0.775	1.0891699093394023e-13
0.776	1.0895005663468461e-13
0.777	1.0898309989046484e-13
0.778	1.090161207420745e-13
0.779	1.0904911923018594e-13
0.78	1.090820953953523e-13
0.781	1.0911504927800647e-13
0.782	1.0914798091846272e-13
0.783	1.091808903569165e-13
0.784	1.0921377763344542e-13
0.785	1.0924664278800919e-13
0.786	1.0927948586045066e-13
0.787	1.0931230689049574e-13
0.788	1.093451059177545e-13
0.789	1.0937788298172095e-13
0.79	1.0941063812177413e-13
0.791	1.0944337137717813e-13
0.792	1.0947608278708288e-13
0.793	1.0950877239052415e-13
0.794	1.0954144022642475e-13
0.795	1.0957408633359422e-13
0.796	1.096067107507297e-13
0.797	1.096393135164164e-13
0.798	1.0967189466912777e-13
0.799	1.0970445424722621e-13
0.8	1.097369922889636e-13
0.801	1.0976950883248105e-13
0.802	1.0980200391581054e-13
0.803	1.098344775768741e-13
0.804	1.0986692985348522e-13
0.805	1.0989936078334869e-13
0.806	1.0993177040406125e-13
0.807	1.0996415875311189e-13
0.808	1.0999652586788277e-13
0.809	1.1002887178564866e-13
0.81	1.100611965435785e-13
0.811	1.1009350017873494e-13
0.812	1.101257827280753e-13
0.8130000000000001	1.1015804422845175e-13
0.8140000000000001	1.1019028471661154e-13
0.8150000000000001	1.1022250422919796e-13
0.8160000000000001	1.1025470280275022e-13
0.8170000000000001	1.10286880473704e-13
0.8180000000000001	1.1031903727839214e-13
0.8190000000000001	1.1035117325304464e-13
0.8200000000000001	1.1038328843378922e-13
0.8210000000000001	1.104153828566519e-13
0.8220000000000001	1.1044745655755703e-13
0.8230000000000001	1.1047950957232803e-13
0.8240000000000001	1.1051154193668774e-13
0.8250000000000001	1.1054355368625837e-13
0.8260000000000001	1.105755448565627e-13
0.8270000000000001	1.1060751548302354e-13
0.8280000000000001	1.1063946560096498e-13
0.8290000000000001	1.1067139524561202e-13
0.8300000000000001	1.1070330445209169e-13
0.8310000000000001	1.1073519325543261e-13
0.8320000000000001	1.107670616905662e-13
0.833	1.1079890979232642e-13
0.834	1.108307375954504e-13
0.835	1.1086254513457907e-13
0.836	1.1089433244425685e-13
0.837	1.1092609955893283e-13
0.838	1.1095784651296029e-13
0.839	1.1098957334059791e-13
0.84	1.110212800760095e-13
0.841	1.1105296675326485e-13
0.842	1.1108463340633951e-13
0.843	1.111162800691157e-13
0.844	1.1114790677538229e-13
0.845	1.1117951355883563e-13
0.846	1.1121110045307913e-13
0.847	1.1124266749162445e-13
0.848	1.112742147078911e-13
0.849	1.1130574213520753e-13
0.85	1.1133724980681069e-13
0.851	1.1136873775584737e-13
0.852	1.1140020601537323e-13
0.853	1.1143165461835456e-13
0.854	1.1146308359766727e-13
0.855	1.1149449298609843e-13
0.856	1.1152588281634574e-13
0.857	1.1155725312101832e-13
0.858	1.1158860393263693e-13
0.859	1.116199352836342e-13
0.86	1.1165124720635505e-13
0.861	1.1168253973305699e-13
0.862	1.1171381289591057e-13
0.863	1.1174506672699948e-13
0.864	1.1177630125832116e-13
0.865	1.1180751652178678e-13
0.866	1.1183871254922172e-13
0.867	1.1186988937236613e-13
0.868	1.1190104702287491e-13
0.869	1.1193218553231801e-13
0.87	1.1196330493218107e-13
0.871	1.1199440525386543e-13
0.872	1.1202548652868859e-13
0.873	1.120565487878846e-13
0.874	1.1208759206260399e-13
0.875	1.1211861638391442e-13
0.876	1.1214962178280111e-13
0.877	1.1218060829016672e-13
0.878	1.1221157593683178e-13
0.879	1.1224252475353551e-13
0.88	1.1227345477093524e-13
0.881	1.1230436601960756e-13
0.882	1.123352585300477e-13
0.883	1.1236613233267092e-13
0.884	1.1239698745781169e-13
0.885	1.1242782393572512e-13
0.886	1.1245864179658597e-13
0.887	1.1248944107049024e-13
0.888	1.1252022178745451e-13
0.889	1.1255098397741664e-13
0.89	1.1258172767023595e-13
0.891	1.1261245289569347e-13
0.892	1.1264315968349262e-13
0.893	1.1267384806325871e-13
0.894	1.1270451806453986e-13
0.895	1.1273516971680733e-13
0.896	1.1276580304945512e-13
0.897	1.1279641809180103e-13
0.898	1.1282701487308629e-13
0.899	1.128575934224765e-13
0.9	1.1288815376906128e-13
0.901	1.1291869594185488e-13
0.902	1.1294921996979635e-13
0.903	1.1297972588174991e-13
0.904	1.1301021370650498e-13
0.905	1.1304068347277682e-13
0.906	1.130711352092065e-13
0.907	1.1310156894436112e-13
0.908	1.1313198470673421e-13
0.909	1.1316238252474653e-13
0.91	1.1319276242674491e-13
0.911	1.1322312444100392e-13
0.912	1.132534685957257e-13
0.913	1.132837949190398e-13
0.914	1.1331410343900363e-13
0.915	1.1334439418360339e-13
0.916	1.1337466718075323e-13
0.917	1.1340492245829652e-13
0.918	1.134351600440052e-13
0.919	1.1346537996558065e-13
0.92	1.1349558225065356e-13
0.921	1.1352576692678486e-13
0.922	1.1355593402146481e-13
0.923	1.1358608356211445e-13
0.924	1.1361621557608497e-13
0.925	1.1364633009065836e-13
0.926	1.1367642713304776e-13
0.927	1.137065067303973e-13
0.928	1.1373656890978242e-13
0.929	1.1376661369821102e-13
0.93	1.1379664112262177e-13
0.931	1.1382665120988666e-13
0.932	1.1385664398680904e-13
0.933	1.1388661948012578e-13
0.934	1.1391657771650607e-13
0.935	1.1394651872255243e-13
0.936	1.1397644252480062e-13
0.937	1.140063491497201e-13
0.9380000000000001	1.1403623862371407e-13
0.9390000000000001	1.140661109731198e-13
0.9400000000000001	1.140959662242084e-13
0.9410000000000001	1.1412580440318647e-13
0.9420000000000001	1.141556255361941e-13
0.9430000000000001	1.1418542964930717e-13
0.9440000000000001	1.1421521676853644e-13
0.9450000000000001	1.14244986919828e-13
0.9460000000000001	1.142747401290636e-13
0.9470000000000001	1.1430447642206099e-13
0.9480000000000001	1.143341958245736e-13
0.9490000000000001	1.1436389836229147e-13
0.9500000000000001	1.1439358406084108e-13
0.9510000000000001	1.144232529457854e-13
0.9520000000000001	1.1445290504262435e-13
0.9530000000000001	1.144825403767955e-13
0.9540000000000001	1.1451215897367273e-13
0.9550000000000001	1.1454176085856866e-13
0.9560000000000001	1.1457134605673292e-13
0.9570000000000001	1.146009145933533e-13
0.9580000000000001	1.1463046649355593e-13
0.9590000000000001	1.1466000178240538e-13
0.96	1.1468952048490434e-13
0.961	1.14719022625995e-13
0.962	1.1474850823055825e-13
0.963	1.1477797732341424e-13
0.964	1.1480742992932262e-13
0.965	1.1483686607298245e-13
0.966	1.148662857790331e-13
0.967	1.1489568907205353e-13
0.968	1.1492507597656336e-13
0.969	1.1495444651702242e-13
0.97	1.1498380071783122e-13
0.971	1.1501313860333108e-13
0.972	1.150424601978048e-13
0.973	1.1507176552547576e-13
0.974	1.151010546105093e-13
0.975	1.1513032747701208e-13
0.976	1.151595841490331e-13
0.977	1.151888246505626e-13
0.978	1.1521804900553407e-13
0.979	1.1524725723782245e-13
0.98	1.1527644937124589e-13
0.981	1.153056254295651e-13
0.982	1.1533478543648387e-13
0.983	1.1536392941564911e-13
0.984	1.153930573906515e-13
0.985	1.154221693850243e-13
0.986	1.1545126542224579e-13
0.987	1.1548034552573726e-13
0.988	1.1550940971886444e-13
0.989	1.1553845802493734e-13
0.99	1.1556749046721057e-13
0.991	1.1559650706888304e-13
0.992	1.1562550785309911e-13
0.993	1.156544928429475e-13
0.994	1.1568346206146288e-13
0.995	1.1571241553162457e-13
0.996	1.15741353276358e-13
0.997	1.1577027531853416e-13
0.998	1.1579918168097006e-13
0.999	1.158280723864286e-13
1.	1.158569474576191e-13
1.0010000000000001	1.1588580691719765e-13
1.002	1.1591465078776624e-13
1.0030000000000001	1.1594347909187435e-13
1.004	1.1597229185201838e-13
1.0050000000000001	1.160010890906413e-13
1.006	1.1602987083013413e-13
1.0070000000000001	1.1605863709283484e-13
1.008	1.1608738790102964e-13
1.0090000000000001	1.1611612327695199e-13
1.01	1.161448432427836e-13
1.0110000000000001	1.1617354782065437e-13
1.012	1.1620223703264268e-13
1.0130000000000001	1.1623091090077523e-13
1.014	1.162595694470275e-13
1.0150000000000001	1.162882126933235e-13
1.016	1.1631684066153673e-13
1.0170000000000001	1.163454533734896e-13
1.018	1.1637405085095388e-13
1.0190000000000001	1.1640263311565104e-13
1.02	1.1643120018925162e-13
1.0210000000000001	1.1645975209337673e-13
1.022	1.1648828884959693e-13
1.0230000000000001	1.1651681047943323e-13
1.024	1.1654531700435696e-13
1.025	1.1657380844578933e-13
1.026	1.1660228482510296e-13
1.027	1.166307461636209e-13
1.028	1.1665919248261692e-13
1.029	1.166876238033165e-13
1.03	1.1671604014689553e-13
1.031	1.1674444153448198e-13
1.032	1.1677282798715506e-13
1.033	1.1680119952594567e-13
1.034	1.16829556171837e-13
1.035	1.1685789794576348e-13
1.036	1.168862248686126e-13
1.037	1.1691453696122327e-13
1.038	1.1694283424438753e-13
1.039	1.1697111673884973e-13
1.04	1.1699938446530734e-13
1.041	1.1702763744441033e-13
1.042	1.1705587569676194e-13
1.043	1.170840992429183e-13
1.044	1.1711230810338956e-13
1.045	1.171405022986389e-13
1.046	1.1716868184908302e-13
1.047	1.1719684677509307e-13
1.048	1.1722499709699352e-13
1.049	1.1725313283506286e-13
1.05	1.172812540095346e-13
1.051	1.1730936064059584e-13
1.052	1.1733745274838852e-13
1.053	1.1736553035300886e-13
1.054	1.1739359347450874e-13
1.055	1.174216421328941e-13
1.056	1.174496763481264e-13
1.057	1.174776961401225e-13
1.058	1.1750570152875378e-13
1.059	1.175336925338482e-13
1.06	1.1756166917518867e-13
1.061	1.1758963147251395e-13
1.062	1.1761757944551865e-13
1.063	1.1764551311385411e-13
1.064	1.1767343249712692e-13
1.065	1.1770133761490044e-13
1.066	1.1772922848669472e-13
1.067	1.177571051319857e-13
1.068	1.177849675702067e-13
1.069	1.1781281582074778e-13
1.07	1.1784064990295562e-13
1.071	1.1786846983613425e-13
1.072	1.1789627563954489e-13
1.073	1.1792406733240665e-13
1.074	1.1795184493389513e-13
1.075	1.1797960846314462e-13
1.076	1.180073579392465e-13
1.077	1.1803509338125023e-13
1.078	1.180628148081635e-13
1.079	1.180905222389517e-13
1.08	1.1811821569253908e-13
1.081	1.1814589518780793e-13
1.082	1.1817356074359918e-13
1.083	1.1820121237871228e-13
1.084	1.1822885011190572e-13
1.085	1.1825647396189674e-13
1.086	1.182840839473618e-13
1.087	1.1831168008693619e-13
1.088	1.1833926239921476e-13
1.089	1.1836683090275175e-13
1.09	1.1839438561606086e-13
1.091	1.184219265576155e-13
1.092	1.1844945374584855e-13
1.093	1.184769671991535e-13
1.094	1.185044669358832e-13
1.095	1.1853195297435073e-13
1.096	1.1855942533282983e-13
1.097	1.1858688402955402e-13
1.098	1.1861432908271777e-13
1.099	1.186417605104763e-13
1.1	1.1866917833094502e-13
1.101	1.186965825622005e-13
1.102	1.1872397322228046e-13
1.103	1.1875135032918332e-13
1.104	1.1877871390086895e-13
1.105	1.188060639552585e-13
1.106	1.188334005102343e-13
1.107	1.188607235836408e-13
1.108	1.1888803319328352e-13
1.109	1.1891532935692994e-13
1.11	1.1894261209231e-13
1.111	1.1896988141711452e-13
1.112	1.189971373489972e-13
1.113	1.190243799055741e-13
1.114	1.1905160910442319e-13
1.115	1.1907882496308498e-13
1.116	1.1910602749906254e-13
1.117	1.1913321672982197e-13
1.118	1.191603926727915e-13
1.119	1.19187555345363e-13
1.12	1.1921470476489053e-13
1.121	1.1924184094869205e-13
1.122	1.1926896391404828e-13
1.123	1.1929607367820326e-13
1.124	1.1932317025836476e-13
1.125	1.1935025367170392e-13
1.1260000000000001	1.193773239353551e-13
1.127	1.1940438106641736e-13
1.1280000000000001	1.1943142508195302e-13
1.129	1.1945845599898814e-13
1.1300000000000001	1.194854738345135e-13
1.131	1.1951247860548344e-13
1.1320000000000001	1.19539470328817e-13
1.133	1.1956644902139774e-13
1.1340000000000001	1.1959341470007303e-13
1.135	1.1962036738165531e-13
1.1360000000000001	1.196473070829221e-13
1.137	1.196742338206147e-13
1.1380000000000001	1.197011476114404e-13
1.139	1.1972804847207056e-13
1.1400000000000001	1.1975493641914244e-13
1.141	1.1978181146925794e-13
1.1420000000000001	1.1980867363898455e-13
1.143	1.19835522944855e-13
1.1440000000000001	1.1986235940336765e-13
1.145	1.198891830309867e-13
1.1460000000000001	1.1991599384414147e-13
1.147	1.1994279185922753e-13
1.1480000000000001	1.1996957709260632e-13
1.149	1.1999634956060494e-13
1.1500000000000001	1.2002310927951737e-13
1.151	1.200498562656027e-13
1.1520000000000001	1.2007659053508723e-13
1.153	1.2010331210416334e-13
1.154	1.2013002098898968e-13
1.155	1.2015671720569168e-13
1.156	1.2018340077036177e-13
1.157	1.2021007169905846e-13
1.158	1.2023673000780762e-13
1.159	1.2026337571260218e-13
1.16	1.2029000882940147e-13
1.161	1.203166293741329e-13
1.162	1.203432373626905e-13
1.163	1.2036983281093548e-13
1.164	1.2039641573469705e-13
1.165	1.2042298614977188e-13
1.166	1.2044954407192396e-13
1.167	1.2047608951688491e-13
1.168	1.205026225003545e-13
1.169	1.2052914303799997e-13
1.17	1.2055565114545737e-13
1.171	1.2058214683832966e-13
1.172	1.2060863013218902e-13
1.173	1.2063510104257508e-13
1.174	1.2066155958499642e-13
1.175	1.206880057749297e-13
1.176	1.2071443962782035e-13
1.177	1.2074086115908188e-13
1.178	1.2076727038409733e-13
1.179	1.2079366731821792e-13
1.18	1.2082005197676384e-13
1.181	1.2084642437502424e-13
1.182	1.2087278452825756e-13
1.183	1.2089913245169115e-13
1.184	1.2092546816052159e-13
1.185	1.2095179166991504e-13
1.186	1.2097810299500645e-13
1.187	1.2100440215090106e-13
1.188	1.2103068915267297e-13
1.189	1.2105696401536629e-13
1.19	1.2108322675399468e-13
1.191	1.211094773835419e-13
1.192	1.211357159189614e-13
1.193	1.211619423751765e-13
1.194	1.2118815676708086e-13
1.195	1.21214359109538e-13
1.196	1.2124054941738238e-13
1.197	1.2126672770541776e-13
1.198	1.2129289398841887e-13
1.199	1.2131904828113107e-13
1.2	1.213451905982698e-13
1.201	1.213713209545215e-13
1.202	1.2139743936454333e-13
1.203	1.214235458429631e-13
1.204	1.2144964040437976e-13
1.205	1.2147572306336264e-13
1.206	1.2150179383445289e-13
1.207	1.2152785273216222e-13
1.208	1.2155389977097402e-13
1.209	1.215799349653425e-13
1.21	1.2160595832969343e-13
1.211	1.2163196987842416e-13
1.212	1.216579696259034e-13
1.213	1.2168395758647146e-13
1.214	1.2170993377444017e-13
1.215	1.2173589820409363e-13
1.216	1.217618508896874e-13
1.217	1.2178779184544882e-13
1.218	1.218137210855776e-13
1.219	1.218396386242453e-13
1.22	1.2186554447559534e-13
1.221	1.2189143865374388e-13
1.222	1.2191732117277932e-13
1.223	1.2194319204676197e-13
1.224	1.2196905128972482e-13
1.225	1.2199489891567352e-13
1.226	1.2202073493858623e-13
1.227	1.2204655937241375e-13
1.228	1.2207237223107938e-13
1.229	1.2209817352847968e-13
1.23	1.2212396327848402e-13
1.231	1.2214974149493432e-13
1.232	1.2217550819164568e-13
1.233	1.2220126338240665e-13
1.234	1.2222700708097882e-13
1.235	1.2225273930109682e-13
1.236	1.2227846005646872e-13
1.237	1.2230416936077592e-13
1.238	1.2232986722767349e-13
1.239	1.2235555367078964e-13
1.24	1.2238122870372664e-13
1.241	1.2240689234006033e-13
1.242	1.2243254459333994e-13
1.243	1.2245818547708885e-13
1.244	1.2248381500480463e-13
1.245	1.225094331899577e-13
1.246	1.22535040045994e-13
1.247	1.225606355863324e-13
1.248	1.2258621982436653e-13
1.249	1.2261179277346386e-13
1.25	1.2263735444696668e-13
1.2510000000000001	1.2266290485819109e-13
1.252	1.226884440204281e-13
1.2530000000000001	1.2271397194694266e-13
1.254	1.2273948865097504e-13
1.2550000000000001	1.2276499414573956e-13
1.256	1.2279048844442574e-13
1.2570000000000001	1.2281597156019716e-13
1.258	1.2284144350619304e-13
1.2590000000000001	1.2286690429552695e-13
1.26	1.2289235394128773e-13
1.2610000000000001	1.2291779245653921e-13
1.262	1.2294321985432012e-13
1.2630000000000001	1.229686361476448e-13
1.264	1.229940413495023e-13
1.2650000000000001	1.2301943547285736e-13
1.266	1.2304481853065005e-13
1.2670000000000001	1.2307019053579574e-13
1.268	1.2309555150118535e-13
1.2690000000000001	1.2312090143968526e-13
1.27	1.2314624036413792e-13
1.2710000000000001	1.231715682873608e-13
1.272	1.2319688522214762e-13
1.2730000000000001	1.2322219118126776e-13
1.274	1.2324748617746633e-13
1.2750000000000001	1.232727702234649e-13
1.276	1.2329804333196041e-13
1.2770000000000001	1.233233055156262e-13
1.278	1.2334855678711179e-13
1.2790000000000001	1.2337379715904282e-13
1.28	1.2339902664402122e-13
1.281	1.2342424525462497e-13
1.282	1.2344945300340875e-13
1.283	1.2347464990290358e-13
1.284	1.2349983596561728e-13
1.285	1.2352501120403364e-13
1.286	1.2355017563061333e-13
1.287	1.2357532925779406e-13
1.288	1.2360047209798974e-13
1.289	1.2362560416359138e-13
1.29	1.23650725466967e-13
1.291	1.2367583602046098e-13
1.292	1.2370093583639553e-13
1.293	1.2372602492706909e-13
1.294	1.2375110330475778e-13
1.295	1.237761709817145e-13
1.296	1.2380122797016974e-13
1.297	1.2382627428233096e-13
1.298	1.2385130993038286e-13
1.299	1.2387633492648797e-13
1.3	1.2390134928278597e-13
1.301	1.2392635301139433e-13
1.302	1.239513461244075e-13
1.303	1.2397632863389835e-13
1.304	1.240013005519169e-13
1.305	1.240262618904911e-13
1.306	1.2405121266162637e-13
1.307	1.2407615287730665e-13
1.308	1.2410108254949323e-13
1.309	1.2412600169012577e-13
1.31	1.2415091031112137e-13
1.311	1.2417580842437592e-13
1.312	1.2420069604176297e-13
1.313	1.2422557317513457e-13
1.314	1.2425043983632035e-13
1.315	1.2427529603712934e-13
1.316	1.243001417893482e-13
1.317	1.24324977104742e-13
1.318	1.2434980199505453e-13
1.319	1.2437461647200805e-13
1.32	1.243994205473033e-13
1.321	1.2442421423261948e-13
1.322	1.24448997539615e-13
1.323	1.2447377047992666e-13
1.324	1.2449853306516989e-13
1.325	1.2452328530693943e-13
1.326	1.2454802721680863e-13
1.327	1.2457275880632948e-13
1.328	1.2459748008703394e-13
1.329	1.2462219107043192e-13
1.33	1.246468917680132e-13
1.331	1.2467158219124636e-13
1.332	1.2469626235157945e-13
1.333	1.2472093226043967e-13
1.334	1.2474559192923308e-13
1.335	1.247702413693461e-13
1.336	1.2479488059214373e-13
1.337	1.2481950960897058e-13
1.338	1.248441284311514e-13
1.339	1.2486873706998975e-13
1.34	1.2489333553676913e-13
1.341	1.24917923842753e-13
1.342	1.2494250199918396e-13
1.343	1.2496707001728482e-13
1.344	1.249916279082583e-13
1.345	1.250161756832865e-13
1.346	1.2504071335353192e-13
1.347	1.2506524093013692e-13
1.348	1.2508975842422388e-13
1.349	1.2511426584689496e-13
1.35	1.2513876320923334e-13
1.351	1.2516325052230107e-13
1.352	1.251877277971416e-13
1.353	1.252121950447779e-13
1.354	1.2523665227621408e-13
1.355	1.2526109950243333e-13
1.356	1.2528553673440053e-13
1.357	1.253099639830607e-13
1.358	1.253343812593386e-13
1.359	1.253587885741408e-13
1.36	1.2538318593835342e-13
1.361	1.2540757336284408e-13
1.362	1.2543195085846037e-13
1.363	1.2545631843603104e-13
1.364	1.2548067610636598e-13
1.365	1.255050238802548e-13
1.366	1.2552936176846947e-13
1.367	1.255536897817619e-13
1.368	1.255780079308653e-13
1.369	1.2560231622649396e-13
1.37	1.2562661467934334e-13
1.371	1.256509033000894e-13
1.372	1.2567518209939019e-13
1.373	1.2569945108788465e-13
1.374	1.257237102761926e-13
1.375	1.2574795967491555e-13
1.3760000000000001	1.2577219929463656e-13
1.377	1.257964291459196e-13
1.3780000000000001	1.258206492393105e-13
1.379	1.2584485958533624e-13
1.3800000000000001	1.2586906019450568e-13
1.381	1.2589325107730883e-13
1.3820000000000001	1.259174322442182e-13
1.383	1.2594160370568686e-13
1.3840000000000001	1.2596576547215048e-13
1.385	1.259899175540258e-13
1.3860000000000001	1.2601405996171204e-13
1.387	1.260381927055898e-13
1.3880000000000001	1.2606231579602158e-13
1.389	1.2608642924335228e-13
1.3900000000000001	1.261105330579084e-13
1.391	1.2613462724999852e-13
1.3920000000000001	1.2615871182991295e-13
1.393	1.261827868079252e-13
1.3940000000000001	1.262068521942895e-13
1.395	1.2623090799924335e-13
1.3960000000000001	1.2625495423300613e-13
1.397	1.2627899090577957e-13
1.3980000000000001	1.263030180277475e-13
1.399	1.263270356090763e-13
1.4000000000000001	1.26351043659915e-13
1.401	1.263750421903944e-13
1.4020000000000001	1.2639903121062851e-13
1.403	1.2642301073071373e-13
1.4040000000000001	1.2644698076072878e-13
1.405	1.2647094131073513e-13
1.4060000000000001	1.2649489239077668e-13
1.407	1.265188340108809e-13
1.408	1.265427661810566e-13
1.409	1.2656668891129674e-13
1.41	1.2659060221157638e-13
1.411	1.2661450609185354e-13
1.412	1.2663840056206906e-13
1.413	1.266622856321471e-13
1.414	1.2668616131199458e-13
1.415	1.2671002761150145e-13
1.416	1.267338845405406e-13
1.417	1.2675773210896816e-13
1.418	1.2678157032662373e-13
1.419	1.268053992033293e-13
1.42	1.2682921874889126e-13
1.421	1.26853028973098e-13
1.422	1.2687682988572196e-13
1.423	1.2690062149651898e-13
1.424	1.269244038152279e-13
1.425	1.2694817685157126e-13
1.426	1.269719406152549e-13
1.427	1.269956951159684e-13
1.428	1.2701944036338485e-13
1.429	1.2704317636716054e-13
1.43	1.2706690313693554e-13
1.431	1.270906206823343e-13
1.432	1.271143290129638e-13
1.433	1.2713802813841548e-13
1.434	1.271617180682646e-13
1.435	1.2718539881206982e-13
1.436	1.272090703793737e-13
1.437	1.2723273277970345e-13
1.438	1.2725638602256908e-13
1.439	1.2728003011746522e-13
1.44	1.2730366507387046e-13
1.441	1.2732729090124722e-13
1.442	1.2735090760904237e-13
1.443	1.2737451520668635e-13
1.444	1.2739811370359413e-13
1.445	1.2742170310916492e-13
1.446	1.27445283432782e-13
1.447	1.2746885468381276e-13
1.448	1.2749241687160927e-13
1.449	1.275159700055075e-13
1.45	1.2753951409482805e-13
1.451	1.2756304914887622e-13
1.452	1.275865751769408e-13
1.453	1.276100921882964e-13
1.454	1.2763360019220091e-13
1.455	1.2765709919789741e-13
1.456	1.2768058921461334e-13
1.457	1.277040702515612e-13
1.458	1.277275423179373e-13
1.459	1.2775100542292368e-13
1.46	1.277744595756861e-13
1.461	1.2779790478537603e-13
1.462	1.2782134106112888e-13
1.463	1.2784476841206523e-13
1.464	1.2786818684729104e-13
1.465	1.2789159637589632e-13
1.466	1.279149970069566e-13
1.467	1.2793838874953203e-13
1.468	1.2796177161266793e-13
1.469	1.279851456053947e-13
1.47	1.280085107367278e-13
1.471	1.2803186701566787e-13
1.472	1.2805521445120032e-13
1.473	1.280785530522963e-13
1.474	1.281018828279119e-13
1.475	1.2812520378698795e-13
1.476	1.2814851593845126e-13
1.477	1.2817181929121423e-13
1.478	1.281951138541734e-13
1.479	1.2821839963621198e-13
1.48	1.2824167664619756e-13
1.481	1.2826494489298372e-13
1.482	1.2828820438540954e-13
1.483	1.2831145513229943e-13
1.484	1.2833469714246353e-13
1.485	1.2835793042469722e-13
1.486	1.2838115498778185e-13
1.487	1.2840437084048426e-13
1.488	1.2842757799155675e-13
1.489	1.284507764497378e-13
1.49	1.284739662237514e-13
1.491	1.2849714732230703e-13
1.492	1.2852031975410045e-13
1.493	1.2854348352781286e-13
1.494	1.2856663865211167e-13
1.495	1.2858978513565001e-13
1.496	1.2861292298706675e-13
1.497	1.2863605221498716e-13
1.498	1.286591728280221e-13
1.499	1.286822848347689e-13
1.5	1.287053882438104e-13