0.	2.0926836150666614e-13
0.001	2.0926836150666614e-13
0.002	2.0926836150666614e-13
0.003	2.0926836150666614e-13
0.004	2.0926836150666614e-13
0.005	2.0926836150666614e-13
0.006	2.0926836150666614e-13
0.007	2.0926836150666614e-13
0.008	2.0926836150666614e-13
0.009000000000000001	2.0926836150666614e-13
0.01	2.0926836150666614e-13
0.011	2.0926836150666614e-13
0.012	2.0926836150666614e-13
0.013000000000000001	2.0926836150666614e-13
0.014	2.0926836150666614e-13
0.015	2.0926836150666614e-13
0.016	2.0926836150666614e-13
0.017	2.0926836150666614e-13
0.018000000000000002	2.0926836150666614e-13
0.019	2.0926836150666614e-13
0.02	2.0926836150666614e-13
0.021	2.0926836150666614e-13
0.022	2.0926836150666614e-13
0.023	2.0926836150666614e-13
0.024	2.0926836150666614e-13
0.025	2.0926836150666614e-13
0.026000000000000002	2.093149669091108e-13
0.027	2.0962899959350514e-13
0.028	2.0994153369399795e-13
0.029	2.10252588451572e-13
0.03	2.1056218270565303e-13
0.031	2.108703349056787e-13
0.032	2.1117706312224246e-13
0.033	2.1148238505783377e-13
0.034	2.117863180571899e-13
0.035	2.1208887911727856e-13
0.036000000000000004	2.1239008489692503e-13
0.037	2.1268995172610144e-13
0.038	2.1298849561489012e-13
0.039	2.1328573226213732e-13
0.04	2.1358167706380827e-13
0.041	2.1387634512105727e-13
0.042	2.1416975124802424e-13
0.043000000000000003	2.144619099793682e-13
0.044	2.1475283557755016e-13
0.045	2.1504254203987385e-13
0.046	2.1533104310529445e-13
0.047	2.156183522610059e-13
0.048	2.1590448274881258e-13
0.049	2.1618944757129808e-13
0.05	2.1647325949779454e-13
0.051000000000000004	2.1675593107016337e-13
0.052000000000000005	2.1703747460839355e-13
0.053	2.1731790221602433e-13
0.054	2.1759722578539915e-13
0.055	2.1787545700275769e-13
0.056	2.1815260735317078e-13
0.057	2.1842868812532576e-13
0.058	2.187037104161662e-13
0.059000000000000004	2.1897768513539249e-13
0.06	2.1925062300982759e-13
0.061	2.1952253458765353e-13
0.062	2.1979343024252254e-13
0.063	2.2006332017754803e-13
0.064	2.2033221442917895e-13
0.065	2.206001228709628e-13
0.066	2.2086705521719923e-13
0.067	2.211330210264909e-13
0.068	2.213980297051912e-13
0.069	2.2166209051075785e-13
0.07	2.2192521255500908e-13
0.07100000000000001	2.2218740480729162e-13
0.07200000000000001	2.2244867609755972e-13
0.073	2.2270903511936957e-13
0.074	2.2296849043279185e-13
0.075	2.2322705046724528e-13
0.076	2.2348472352425304e-13
0.077	2.2374151778012574e-13
0.078	2.2399744128857201e-13
0.079	2.242525019832402e-13
0.08	2.2450670768019267e-13
0.081	2.247600660803155e-13
0.082	2.2501258477166506e-13
0.083	2.252642712317531e-13
0.084	2.2551513282977408e-13
0.085	2.2576517682877408e-13
0.08600000000000001	2.2601441038776524e-13
0.08700000000000001	2.2626284056378642e-13
0.088	2.2651047431391084e-13
0.089	2.2675731849720494e-13
0.09	2.270033798766372e-13
0.091	2.2724866512093987e-13
0.092	2.2749318080642484e-13
0.093	2.277369334187549e-13
0.094	2.279799293546717e-13
0.095	2.282221749236811e-13
0.096	2.2846367634969943e-13
0.097	2.2870443977265845e-13
0.098	2.289444712500727e-13
0.099	2.2918377675856987e-13
0.1	2.2942236219538387e-13
0.101	2.2966023337981427e-13
0.10200000000000001	2.298973960546501e-13
0.10300000000000001	2.301338558875616e-13
0.10400000000000001	2.3036961847245893e-13
0.105	2.3060468933081987e-13
0.106	2.3083907391298736e-13
0.107	2.3107277759943646e-13
0.108	2.3130580570201395e-13
0.109	2.3153816346514846e-13
0.11	2.317698560670344e-13
0.111	2.3200088862078866e-13
0.112	2.322312661755825e-13
0.113	2.324609937177471e-13
0.114	2.3269007617185596e-13
0.115	2.3291851840178254e-13
0.116	2.3314632521173554e-13
0.117	2.3337350134727107e-13
0.11800000000000001	2.3360005149628366e-13
0.11900000000000001	2.338259802899748e-13
0.12	2.340512923038018e-13
0.121	2.342759920584065e-13
0.122	2.3450008402052267e-13
0.123	2.34723572603866e-13
0.124	2.34946462170005e-13
0.125	2.351687570292124e-13
0.126	2.3539046144130084e-13
0.127	2.3561157961643915e-13
0.128	2.358321157159536e-13
0.129	2.360520738531112e-13
0.13	2.362714580938882e-13
0.131	2.3649027245772167e-13
0.132	2.36708520918247e-13
0.133	2.369262074040196e-13
0.134	2.371433357992231e-13
0.135	2.3735990994436205e-13
0.136	2.375759336369421e-13
0.137	2.377914106321355e-13
0.138	2.3800634464343465e-13
0.139	2.38220739343292e-13
0.14	2.3843459836374754e-13
0.14100000000000001	2.386479252970439e-13
0.14200000000000002	2.3886072369623024e-13
0.14300000000000002	2.3907299707575364e-13
0.14400000000000002	2.392847489120395e-13
0.145	2.394959826440606e-13
0.146	2.397067016738954e-13
0.147	2.3991690936727617e-13
0.148	2.401266090541256e-13
0.149	2.4033580402908454e-13
0.15	2.4054449755202923e-13
0.151	2.407526928485785e-13
0.152	2.4096039311059276e-13
0.153	2.4116760149666174e-13
0.154	2.413743211325856e-13
0.155	2.4158055511184505e-13
0.156	2.4178630649606453e-13
0.157	2.4199157831546527e-13
0.158	2.421963735693119e-13
0.159	2.4240069522634983e-13
0.16	2.4260454622523483e-13
0.161	2.4280792947495504e-13
0.162	2.4301084785524576e-13
0.163	2.432133042169966e-13
0.164	2.4341530138265047e-13
0.165	2.43616842146598e-13
0.166	2.4381792927556176e-13
0.167	2.440185655089762e-13
0.168	2.442187535593605e-13
0.169	2.4441849611268347e-13
0.17	2.446177958287239e-13
0.171	2.448166553414244e-13
0.17200000000000001	2.450150772592378e-13
0.17300000000000001	2.452130641654689e-13
0.17400000000000002	2.454106186186103e-13
0.17500000000000002	2.4560774315267206e-13
0.176	2.458044402775057e-13
0.177	2.4600071247912335e-13
0.178	2.4619656222001076e-13
0.179	2.4639199193943585e-13
0.18	2.4658700405375146e-13
0.181	2.4678160095669335e-13
0.182	2.4697578501967285e-13
0.183	2.471695585920656e-13
0.184	2.4736292400149505e-13
0.185	2.4755588355411013e-13
0.186	2.477484395348608e-13
0.187	2.479405942077667e-13
0.188	2.4813234981618346e-13
0.189	2.4832370858306303e-13
0.19	2.485146727112105e-13
0.191	2.4870524438353754e-13
0.192	2.488954257633104e-13
0.193	2.4908521899439503e-13
0.194	2.492746262014975e-13
0.195	2.4946364949040153e-13
0.196	2.4965229094820094e-13
0.197	2.4984055264353044e-13
0.198	2.5002843662679045e-13
0.199	2.5021594493037017e-13
0.2	2.504030795688667e-13
0.201	2.505898425393002e-13
0.202	2.507762358213264e-13
0.203	2.509622613774455e-13
0.20400000000000001	2.5114792115320813e-13
0.20500000000000002	2.5133321707741807e-13
0.20600000000000002	2.515181510623312e-13
0.20700000000000002	2.5170272500385266e-13
0.20800000000000002	2.518869407817303e-13
0.209	2.5207080025974457e-13
0.21	2.5225430528589724e-13
0.211	2.5243745769259585e-13
0.212	2.5262025929683596e-13
0.213	2.5280271190038e-13
0.214	2.529848172899354e-13
0.215	2.531665772373275e-13
0.216	2.5334799349967116e-13
0.217	2.5352906781954086e-13
0.218	2.537098019251361e-13
0.219	2.5389019753044653e-13
0.22	2.5407025633541275e-13
0.221	2.542499800260866e-13
0.222	2.544293702747877e-13
0.223	2.5460842874025816e-13
0.224	2.5478715706781555e-13
0.225	2.549655568895035e-13
0.226	2.551436298242392e-13
0.227	2.5532137747796013e-13
0.228	2.5549880144376827e-13
0.229	2.556759033020712e-13
0.23	2.5585268462072323e-13
0.231	2.5602914695516274e-13
0.232	2.562052918485485e-13
0.233	2.5638112083189415e-13
0.234	2.5655663542419974e-13
0.23500000000000001	2.5673183713258293e-13
0.23600000000000002	2.5690672745240805e-13
0.23700000000000002	2.570813078674116e-13
0.23800000000000002	2.572555798498283e-13
0.23900000000000002	2.5742954486051525e-13
0.24	2.5760320434907197e-13
0.241	2.5777655975396193e-13
0.242	2.579496125026301e-13
0.243	2.5812236401162043e-13
0.244	2.582948156866906e-13
0.245	2.584669689229262e-13
0.246	2.586388251048522e-13
0.247	2.5881038560654436e-13
0.248	2.589816517917381e-13
0.249	2.591526250139358e-13
0.25	2.5932330661651426e-13
0.251	2.5949369793282814e-13
0.252	2.5966380028631455e-13
0.253	2.598336149905947e-13
0.254	2.600031433495748e-13
0.255	2.601723866575455e-13
0.256	2.603413461992799e-13
0.257	2.605100232501309e-13
0.258	2.6067841907612626e-13
0.259	2.608465349340637e-13
0.26	2.61014372071603e-13
0.261	2.6118193172735926e-13
0.262	2.613492151309927e-13
0.263	2.615162235032987e-13
0.264	2.6168295805629583e-13
0.265	2.6184941999331457e-13
0.266	2.6201561050908155e-13
0.267	2.6218153078980614e-13
0.268	2.623471820132641e-13
0.269	2.6251256534888074e-13
0.27	2.6267768195781227e-13
0.271	2.628425329930276e-13
0.272	2.6300711959938783e-13
0.273	2.6317144291372515e-13
0.274	2.6333550406492113e-13
0.275	2.634993041739829e-13
0.276	2.636628443541205e-13
0.277	2.6382612571082076e-13
0.278	2.639891493419218e-13
0.279	2.6415191633768717e-13
0.28	2.6431442778087665e-13
0.281	2.6447668474681895e-13
0.28200000000000003	2.646386883034824e-13
0.28300000000000003	2.6480043951154315e-13
0.28400000000000003	2.6496193942445647e-13
0.28500000000000003	2.651231890885226e-13
0.28600000000000003	2.652841895429555e-13
0.28700000000000003	2.6544494181994853e-13
0.28800000000000003	2.656054469447408e-13
0.289	2.6576570593568114e-13
0.29	2.659257198042928e-13
0.291	2.6608548955533667e-13
0.292	2.6624501618687445e-13
0.293	2.6640430069032894e-13
0.294	2.665633440505468e-13
0.295	2.667221472458582e-13
0.296	2.668807112481367e-13
0.297	2.6703903702285794e-13
0.298	2.671971255291585e-13
0.299	2.6735497771989305e-13
0.3	2.6751259454169174e-13
0.301	2.6766997693501536e-13
0.302	2.678271258342131e-13
0.303	2.679840421675759e-13
0.304	2.6814072685739057e-13
0.305	2.6829718081999524e-13
0.306	2.6845340496583136e-13
0.307	2.686094001994956e-13
0.308	2.687651674197934e-13
0.309	2.68920707519789e-13
0.31	2.6907602138685734e-13
0.311	2.6923110990273284e-13
0.312	2.693859739435602e-13
0.313	2.6954061437994306e-13
0.314	2.696950320769925e-13
0.315	2.698492278943749e-13
0.316	2.700032026863602e-13
0.317	2.7015695730186697e-13
0.318	2.7031049258451097e-13
0.319	2.704638093726498e-13
0.32	2.706169084994283e-13
0.321	2.707697907928239e-13
0.322	2.7092245707569066e-13
0.323	2.7107490816580304e-13
0.324	2.712271448758998e-13
0.325	2.713791680137268e-13
0.326	2.71530978382079e-13
0.327	2.7168257677884265e-13
0.328	2.718339639970376e-13
0.329	2.719851408248572e-13
0.33	2.721361080457101e-13
0.331	2.7228686643825966e-13
0.332	2.724374167764638e-13
0.333	2.725877598296152e-13
0.334	2.7273789636237926e-13
0.335	2.728878271348326e-13
0.336	2.7303755290250277e-13
0.337	2.731870744164035e-13
0.338	2.7333639242307417e-13
0.339	2.7348550766461573e-13
0.34	2.736344208787272e-13
0.341	2.7378313279874197e-13
0.342	2.7393164415366355e-13
0.343	2.7407995566820143e-13
0.34400000000000003	2.7422806806280545e-13
0.34500000000000003	2.7437598205370067e-13
0.34600000000000003	2.745236983529218e-13
0.34700000000000003	2.7467121766834697e-13
0.34800000000000003	2.748185407037316e-13
0.34900000000000003	2.749656681587413e-13
0.35000000000000003	2.7511260072898524e-13
0.35100000000000003	2.7525933910604765e-13
0.352	2.754058839775217e-13
0.353	2.7555223602704033e-13
0.354	2.7569839593430794e-13
0.355	2.758443643751314e-13
0.356	2.759901420214519e-13
0.357	2.7613572954137477e-13
0.358	2.762811275992001e-13
0.359	2.764263368554525e-13
0.36	2.765713579669113e-13
0.361	2.7671619158663904e-13
0.362	2.7686083836401234e-13
0.363	2.770052989447483e-13
0.364	2.7714957397093516e-13
0.365	2.7729366408105953e-13
0.366	2.774375699100343e-13
0.367	2.775812920892268e-13
0.368	2.77724831246486e-13
0.369	2.7786818800616953e-13
0.37	2.780113629891711e-13
0.371	2.7815435681294575e-13
0.372	2.7829717009153813e-13
0.373	2.7843980343560734e-13
0.374	2.785822574524529e-13
0.375	2.7872453274604044e-13
0.376	2.7886662991702745e-13
0.377	2.790085495627874e-13
0.378	2.791502922774361e-13
0.379	2.7929185865185485e-13
0.38	2.7943324927371534e-13
0.381	2.7957446472750423e-13
0.382	2.797155055945462e-13
0.383	2.7985637245302836e-13
0.384	2.7999706587802345e-13
0.385	2.801375864415131e-13
0.386	2.8027793471241094e-13
0.387	2.8041811125658477e-13
0.388	2.805581166368799e-13
0.389	2.806979514131413e-13
0.39	2.8083761614223565e-13
0.391	2.8097711137807306e-13
0.392	2.8111643767162905e-13
0.393	2.812555955709666e-13
0.394	2.8139458562125654e-13
0.395	2.815334083647986e-13
0.396	2.81672064341044e-13
0.397	2.8181055408661377e-13
0.398	2.819488781353213e-13
0.399	2.820870370181919e-13
0.4	2.8222503126348244e-13
0.401	2.8236286139670243e-13
0.402	2.825005279406331e-13
0.403	2.8263803141534683e-13
0.404	2.827753723382274e-13
0.405	2.829125512239886e-13
0.406	2.8304956858469337e-13
0.40700000000000003	2.831864249297728e-13
0.40800000000000003	2.8332312076604497e-13
0.40900000000000003	2.8345965659773356e-13
0.41000000000000003	2.8359603292648543e-13
0.41100000000000003	2.8373225025139044e-13
0.41200000000000003	2.8386830906899736e-13
0.41300000000000003	2.840042098733345e-13
0.41400000000000003	2.8413995315592467e-13
0.41500000000000004	2.842755394058046e-13
0.41600000000000004	2.844109691095414e-13
0.417	2.845462427512507e-13
0.418	2.846813608126128e-13
0.419	2.848163237728905e-13
0.42	2.8495113210894503e-13
0.421	2.850857862952535e-13
0.422	2.852202868039246e-13
0.423	2.853546341047166e-13
0.424	2.85488828665051e-13
0.425	2.856228709500307e-13
0.426	2.8575676142245547e-13
0.427	2.858905005428372e-13
0.428	2.8602408876941565e-13
0.429	2.8615752655817487e-13
0.43	2.862908143628574e-13
0.431	2.8642395263498007e-13
0.432	2.8655694182384915e-13
0.433	2.8668978237657565e-13
0.434	2.868224747380894e-13
0.435	2.8695501935115444e-13
0.436	2.8708741665638256e-13
0.437	2.872196670922498e-13
0.438	2.873517710951088e-13
0.439	2.874837290992041e-13
0.44	2.876155415366858e-13
0.441	2.8774720883762357e-13
0.442	2.8787873143002114e-13
0.443	2.880101097398293e-13
0.444	2.8814134419095955e-13
0.445	2.8827243520529823e-13
0.446	2.8840338320271927e-13
0.447	2.885341886010978e-13
0.448	2.8866485181632356e-13
0.449	2.8879537326231335e-13
0.45	2.889257533510244e-13
0.451	2.890559924924675e-13
0.452	2.8918609109471885e-13
0.453	2.893160495639335e-13
0.454	2.8944586830435764e-13
0.455	2.8957554771834074e-13
0.456	2.8970508820634866e-13
0.457	2.898344901669744e-13
0.458	2.8996375399695227e-13
0.459	2.900928800911675e-13
0.46	2.90221868842671e-13
0.461	2.903507206426879e-13
0.462	2.904794358806325e-13
0.463	2.9060801494411754e-13
0.464	2.9073645821896643e-13
0.465	2.908647660892254e-13
0.466	2.9099293893717404e-13
0.467	2.911209771433368e-13
0.468	2.9124888108649375e-13
0.46900000000000003	2.9137665114369286e-13
0.47000000000000003	2.91504287690259e-13
0.47100000000000003	2.9163179109980734e-13
0.47200000000000003	2.9175916174425144e-13
0.47300000000000003	2.918863999938165e-13
0.47400000000000003	2.9201350621704787e-13
0.47500000000000003	2.9214048078082287e-13
0.47600000000000003	2.9226732405036126e-13
0.47700000000000004	2.923940363892346e-13
0.47800000000000004	2.925206181593775e-13
0.47900000000000004	2.926470697210979e-13
0.48	2.927733914330863e-13
0.481	2.9289958365242624e-13
0.482	2.9302564673460495e-13
0.483	2.931515810335223e-13
0.484	2.9327738690150105e-13
0.485	2.9340306468929595e-13
0.486	2.935286147461049e-13
0.487	2.9365403741957696e-13
0.488	2.937793330558227e-13
0.489	2.9390450199942303e-13
0.49	2.9402954459343963e-13
0.491	2.941544611794225e-13
0.492	2.9427925209742136e-13
0.493	2.944039176859925e-13
0.494	2.9452845828221033e-13
0.495	2.946528742216732e-13
0.496	2.947771658385163e-13
0.497	2.9490133346541626e-13
0.498	2.950253774336038e-13
0.499	2.9514929807286946e-13
0.5	2.952730957115743e-13
0.501	2.9539677067665716e-13
0.502	2.955203232936445e-13
0.503	2.9564375388665663e-13
0.504	2.9576706277841936e-13
0.505	2.9589025029026906e-13
0.506	2.9601331674216307e-13
0.507	2.9613626245268703e-13
0.508	2.9625908773906355e-13
0.509	2.96381792917159e-13
0.51	2.96504378301494e-13
0.511	2.966268442052482e-13
0.512	2.967491909402712e-13
0.513	2.968714188170881e-13
0.514	2.9699352814490893e-13
0.515	2.971155192316346e-13
0.516	2.9723739238386696e-13
0.517	2.9735914790691364e-13
0.518	2.974807861047984e-13
0.519	2.9760230728026606e-13
0.52	2.977237117347916e-13
0.521	2.9784499976858717e-13
0.522	2.9796617168060923e-13
0.523	2.9808722776856534e-13
0.524	2.982081683289228e-13
0.525	2.9832899365691434e-13
0.526	2.9844970404654623e-13
0.527	2.985702997906043e-13
0.528	2.9869078118066264e-13
0.529	2.9881114850708816e-13
0.53	2.9893140205904997e-13
0.531	2.9905154212452427e-13
0.532	2.9917156899030306e-13
0.533	2.9929148294199853e-13
0.534	2.9941128426405225e-13
0.535	2.995309732397393e-13
0.536	2.99650550151178e-13
0.537	2.997700152793329e-13
0.538	2.9988936890402395e-13
0.539	3.0000861130393254e-13
0.54	3.001277427566066e-13
0.541	3.0024676353846817e-13
0.542	3.0036567392481943e-13
0.543	3.004844741898492e-13
0.544	3.006031646066386e-13
0.545	3.007217454471673e-13
0.546	3.008402169823213e-13
0.547	3.0095857948189584e-13
0.548	3.01076833214605e-13
0.549	3.0119497844808436e-13
0.55	3.013130154489005e-13
0.551	3.014309444825533e-13
0.552	3.01548765813485e-13
0.553	3.016664797050834e-13
0.554	3.0178408641969035e-13
0.555	3.01901586218605e-13
0.556	3.0201897936209074e-13
0.557	3.0213626610938107e-13
0.558	3.022534467186854e-13
0.559	3.0237052144719263e-13
0.56	3.0248749055108035e-13
0.561	3.026043542855166e-13
0.562	3.027211129046681e-13
0.5630000000000001	3.0283776666170386e-13
0.5640000000000001	3.0295431580880263e-13
0.5650000000000001	3.030707605971552e-13
0.5660000000000001	3.0318710127697364e-13
0.5670000000000001	3.0330333809749273e-13
0.5680000000000001	3.0341947130697883e-13
0.5690000000000001	3.035355011527315e-13
0.5700000000000001	3.0365142788109187e-13
0.5710000000000001	3.037672517374458e-13
0.5720000000000001	3.0388297296623017e-13
0.5730000000000001	3.0399859181093674e-13
0.5740000000000001	3.0411410851411855e-13
0.5750000000000001	3.042295233173938e-13
0.5760000000000001	3.043448364614521e-13
0.577	3.044600481860575e-13
0.578	3.045751587300555e-13
0.579	3.0469016833137707e-13
0.58	3.048050772270421e-13
0.581	3.049198856531675e-13
0.582	3.0503459384496824e-13
0.583	3.051492020367654e-13
0.584	3.05263710461988e-13
0.585	3.053781193531801e-13
0.586	3.0549242894200366e-13
0.587	3.0560663945924486e-13
0.588	3.057207511348169e-13
0.589	3.058347641977658e-13
0.59	3.0594867887627394e-13
0.591	3.060624953976668e-13
0.592	3.061762139884136e-13
0.593	3.062898348741362e-13
0.594	3.064033582796094e-13
0.595	3.0651678442876816e-13
0.596	3.0663011354471083e-13
0.597	3.0674334584970375e-13
0.598	3.0685648156518505e-13
0.599	3.069695209117698e-13
0.6	3.070824641092532e-13
0.601	3.071953113766161e-13
0.602	3.0730806293202756e-13
0.603	3.0742071899285054e-13
0.604	3.075332797756448e-13
0.605	3.0764574549617264e-13
0.606	3.077581163694005e-13
0.607	3.078703926095056e-13
0.608	3.07982574429878e-13
0.609	3.0809466204312606e-13
0.61	3.0820665566107875e-13
0.611	3.08318555494792e-13
0.612	3.084303617545494e-13
0.613	3.085420746498703e-13
0.614	3.086536943895088e-13
0.615	3.0876522118146184e-13
0.616	3.088766552329701e-13
0.617	3.089879967505242e-13
0.618	3.0909924593986564e-13
0.619	3.0921040300599397e-13
0.62	3.0932146815316635e-13
0.621	3.094324415849062e-13
0.622	3.095433235040025e-13
0.623	3.096541141125153e-13
0.624	3.097648136117804e-13
0.625	3.098754222024102e-13
0.626	3.099859400843006e-13
0.627	3.100963674566312e-13
0.628	3.1020670451787144e-13
0.629	3.103169514657831e-13
0.63	3.1042710849742354e-13
0.631	3.1053717580915005e-13
0.632	3.1064715359662146e-13
0.633	3.107570420548048e-13
0.634	3.10866841377975e-13
0.635	3.1097655175972066e-13
0.636	3.110861733929467e-13
0.637	3.1119570646987845e-13
0.638	3.1130515118206335e-13
0.639	3.114145077203755e-13
0.64	3.115237762750188e-13
0.641	3.116329570355304e-13
0.642	3.117420501907822e-13
0.643	3.1185105592898736e-13
0.644	3.119599744377e-13
0.645	3.1206880590382145e-13
0.646	3.121775505136002e-13
0.647	3.1228620845263844e-13
0.648	3.1239477990589217e-13
0.649	3.125032650576769e-13
0.65	3.126116640916683e-13
0.651	3.127199771909077e-13
0.652	3.1282820453780284e-13
0.653	3.1293634631413246e-13
0.654	3.1304440270104824e-13
0.655	3.1315237387907954e-13
0.656	3.1326026002813343e-13
0.657	3.133680613275014e-13
0.658	3.1347577795585866e-13
0.659	3.135834100912694e-13
0.66	3.136909579111889e-13
0.661	3.1379842159246636e-13
0.662	3.1390580131134797e-13
0.663	3.1401309724347974e-13
0.664	3.141203095639101e-13
0.665	3.1422743844709323e-13
0.666	3.1433448406689097e-13
0.667	3.144414465965769e-13
0.668	3.1454832620883727e-13
0.669	3.1465512307577605e-13
0.67	3.1476183736891526e-13
0.671	3.1486846925920007e-13
0.672	3.149750189169988e-13
0.673	3.1508148651210897e-13
0.674	3.151878722137559e-13
0.675	3.152941761905996e-13
0.676	3.1540039861073383e-13
0.677	3.155065396416911e-13
0.678	3.1561259945044394e-13
0.679	3.157185782034084e-13
0.68	3.1582447606644555e-13
0.681	3.1593029320486527e-13
0.682	3.1603602978342797e-13
0.683	3.1614168596634723e-13
0.684	3.1624726191729213e-13
0.685	3.16352757799391e-13
0.686	3.164581737752318e-13
0.687	3.165635100068664e-13
0.6880000000000001	3.1666876665581234e-13
0.6890000000000001	3.1677394388305514e-13
0.6900000000000001	3.1687904184905046e-13
0.6910000000000001	3.16984060713728e-13
0.6920000000000001	3.1708900063649154e-13
0.6930000000000001	3.1719386177622357e-13
0.6940000000000001	3.172986442912859e-13
0.6950000000000001	3.17403348339524e-13
0.6960000000000001	3.1750797407826646e-13
0.6970000000000001	3.17612521664331e-13
0.6980000000000001	3.1771699125402275e-13
0.6990000000000001	3.1782138300314023e-13
0.7000000000000001	3.1792569706697485e-13
0.7010000000000001	3.1802993360031514e-13
0.7020000000000001	3.1813409275744786e-13
0.7030000000000001	3.182381746921606e-13
0.704	3.1834217955774425e-13
0.705	3.184461075069944e-13
0.706	3.185499586922152e-13
0.707	3.186537332652191e-13
0.708	3.1875743137733187e-13
0.709	3.188610531793917e-13
0.71	3.189645988217551e-13
0.711	3.1906806845429476e-13
0.712	3.1917146222640565e-13
0.713	3.192747802870042e-13
0.714	3.19378022784532e-13
0.715	3.1948118986695773e-13
0.716	3.1958428168177867e-13
0.717	3.196872983760232e-13
0.718	3.1979024009625244e-13
0.719	3.198931069885633e-13
0.72	3.199958991985892e-13
0.721	3.200986168715034e-13
0.722	3.2020126015201977e-13
0.723	3.203038291843955e-13
0.724	3.20406324112434e-13
0.725	3.205087450794839e-13
0.726	3.2061109222844494e-13
0.727	3.207133657017669e-13
0.728	3.2081556564145304e-13
0.729	3.209176921890615e-13
0.73	3.210197454857076e-13
0.731	3.211217256720652e-13
0.732	3.2122363288836953e-13
0.733	3.2132546727441784e-13
0.734	3.214272289695726e-13
0.735	3.215289181127618e-13
0.736	3.2163053484248303e-13
0.737	3.2173207929680324e-13
0.738	3.218335516133613e-13
0.739	3.2193495192937046e-13
0.74	3.2203628038161953e-13
0.741	3.221375371064744e-13
0.742	3.2223872223988093e-13
0.743	3.223398359173658e-13
0.744	3.2244087827403826e-13
0.745	3.2254184944459286e-13
0.746	3.2264274956331023e-13
0.747	3.227435787640591e-13
0.748	3.228443371802987e-13
0.749	3.2294502494507934e-13
0.75	3.23045642191045e-13
0.751	3.2314618905043466e-13
0.752	3.2324666565508496e-13
0.753	3.2334707213642957e-13
0.754	3.2344740862550406e-13
0.755	3.2354767525294444e-13
0.756	3.2364787214899194e-13
0.757	3.237479994434911e-13
0.758	3.2384805726589544e-13
0.759	3.239480457452655e-13
0.76	3.240479650102731e-13
0.761	3.2414781518920076e-13
0.762	3.242475964099455e-13
0.763	3.243473088000193e-13
0.764	3.244469524865505e-13
0.765	3.245465275962854e-13
0.766	3.24646034255591e-13
0.767	3.24745472590455e-13
0.768	3.2484484272648887e-13
0.769	3.2494414478892794e-13
0.77	3.2504337890263427e-13
0.771	3.2514254519209667e-13
0.772	3.252416437814346e-13
0.773	3.253406747943966e-13
0.774	3.2543963835436495e-13
0.775	3.2553853458435496e-13
0.776	3.256373636070174e-13
0.777	3.257361255446394e-13
0.778	3.258348205191475e-13
0.779	3.259334486521063e-13
0.78	3.260320100647236e-13
0.781	3.2613050487784785e-13
0.782	3.2622893321197336e-13
0.783	3.263272951872388e-13
0.784	3.2642559092343114e-13
0.785	3.2652382053998435e-13
0.786	3.266219841559837e-13
0.787	3.267200818901647e-13
0.788	3.2681811386091647e-13
0.789	3.269160801862814e-13
0.79	3.270139809839585e-13
0.791	3.271118163713028e-13
0.792	3.272095864653282e-13
0.793	3.273072913827076e-13
0.794	3.274049312397762e-13
0.795	3.2750250615253047e-13
0.796	3.2760001623663104e-13
0.797	3.2769746160740407e-13
0.798	3.277948423798418e-13
0.799	3.2789215866860403e-13
0.8	3.2798941058802085e-13
0.801	3.280865982520911e-13
0.802	3.2818372177448705e-13
0.803	3.2828078126855294e-13
0.804	3.2837777684730806e-13
0.805	3.2847470862344725e-13
0.806	3.285715767093421e-13
0.807	3.2866838121704235e-13
0.808	3.2876512225827834e-13
0.809	3.288617999444594e-13
0.81	3.2895841438667855e-13
0.811	3.2905496569571126e-13
0.812	3.2915145398201803e-13
0.8130000000000001	3.292478793557451e-13
0.8140000000000001	3.2934424192672537e-13
0.8150000000000001	3.294405418044806e-13
0.8160000000000001	3.2953677909822175e-13
0.8170000000000001	3.296329539168502e-13
0.8180000000000001	3.297290663689601e-13
0.8190000000000001	3.298251165628381e-13
0.8200000000000001	3.2992110460646523e-13
0.8210000000000001	3.300170306075185e-13
0.8220000000000001	3.3011289467337105e-13
0.8230000000000001	3.302086969110944e-13
0.8240000000000001	3.303044374274593e-13
0.8250000000000001	3.30400116328936e-13
0.8260000000000001	3.304957337216972e-13
0.8270000000000001	3.305912897116173e-13
0.8280000000000001	3.3068678440427524e-13
0.8290000000000001	3.3078221790495377e-13
0.8300000000000001	3.30877590318643e-13
0.8310000000000001	3.3097290175003893e-13
0.8320000000000001	3.3106815230354696e-13
0.833	3.3116334208328113e-13
0.834	3.312584711930663e-13
0.835	3.3135353973643947e-13
0.836	3.3144854781664944e-13
0.837	3.3154349553666006e-13
0.838	3.3163838299914864e-13
0.839	3.317332103065099e-13
0.84	3.3182797756085505e-13
0.841	3.3192268486401414e-13
0.842	3.320173323175356e-13
0.843	3.32111920022689e-13
0.844	3.322064480804646e-13
0.845	3.3230091659157663e-13
0.846	3.32395325656461e-13
0.847	3.3248967537527983e-13
0.848	3.325839658479196e-13
0.849	3.326781971739946e-13
0.85	3.327723694528458e-13
0.851	3.328664827835444e-13
0.852	3.329605372648896e-13
0.853	3.3305453299541316e-13
0.854	3.331484700733769e-13
0.855	3.3324234859677715e-13
0.856	3.3333616866334287e-13
0.857	3.334299303705385e-13
0.858	3.335236338155643e-13
0.859	3.336172790953571e-13
0.86	3.3371086630659157e-13
0.861	3.338043955456813e-13
0.862	3.338978669087797e-13
0.863	3.339912804917808e-13
0.864	3.340846363903206e-13
0.865	3.3417793469977736e-13
0.866	3.342711755152731e-13
0.867	3.3436435893167496e-13
0.868	3.344574850435951e-13
0.869	3.34550553945392e-13
0.87	3.3464356573117226e-13
0.871	3.3473652049479e-13
0.872	3.3482941832984937e-13
0.873	3.3492225932970474e-13
0.874	3.3501504358746097e-13
0.875	3.351077711959753e-13
0.876	3.352004422478582e-13
0.877	3.3529305683547386e-13
0.878	3.353856150509408e-13
0.879	3.354781169861343e-13
0.88	3.355705627326854e-13
0.881	3.356629523819832e-13
0.882	3.3575528602517406e-13
0.883	3.3584756375316513e-13
0.884	3.359397856566222e-13
0.885	3.3603195182597373e-13
0.886	3.3612406235140825e-13
0.887	3.3621611732287856e-13
0.888	3.363081168301004e-13
0.889	3.3640006096255397e-13
0.89	3.364919498094849e-13
0.891	3.3658378345990477e-13
0.892	3.366755620025933e-13
0.893	3.3676728552609643e-13
0.894	3.3685895411872977e-13
0.895	3.3695056786857884e-13
0.896	3.370421268634985e-13
0.897	3.3713363119111596e-13
0.898	3.372250809388293e-13
0.899	3.3731647619381065e-13
0.9	3.3740781704300494e-13
0.901	3.374991035731321e-13
0.902	3.3759033587068706e-13
0.903	3.3768151402194124e-13
0.904	3.3777263811294234e-13
0.905	3.3786370822951657e-13
0.906	3.379547244572682e-13
0.907	3.3804568688158055e-13
0.908	3.3813659558761714e-13
0.909	3.3822745066032374e-13
0.91	3.3831825218442553e-13
0.911	3.384090002444311e-13
0.912	3.384996949246332e-13
0.913	3.3859033630910727e-13
0.914	3.3868092448171324e-13
0.915	3.3877145952609815e-13
0.916	3.3886194152569376e-13
0.917	3.389523705637201e-13
0.918	3.39042746723184e-13
0.919	3.391330700868812e-13
0.92	3.3922334073739605e-13
0.921	3.3931355875710475e-13
0.922	3.3940372422817195e-13
0.923	3.3949383723255545e-13
0.924	3.3958389785200454e-13
0.925	3.396739061680614e-13
0.926	3.3976386226206245e-13
0.927	3.3985376621513795e-13
0.928	3.39943618108213e-13
0.929	3.400334180220104e-13
0.93	3.401231660370466e-13
0.931	3.4021286223363796e-13
0.932	3.4030250669189656e-13
0.933	3.4039209949173515e-13
0.934	3.404816407128646e-13
0.935	3.405711304347963e-13
0.936	3.4066056873684206e-13
0.937	3.4074995569811575e-13
0.9380000000000001	3.408392913975328e-13
0.9390000000000001	3.4092857591381216e-13
0.9400000000000001	3.410178093254745e-13
0.9410000000000001	3.411069917108479e-13
0.9420000000000001	3.411961231480617e-13
0.9430000000000001	3.412852037150534e-13
0.9440000000000001	3.4137423348956546e-13
0.9450000000000001	3.414632125491476e-13
0.9460000000000001	3.415521409711567e-13
0.9470000000000001	3.4164101883275873e-13
0.9480000000000001	3.417298462109274e-13
0.9490000000000001	3.4181862318244667e-13
0.9500000000000001	3.419073498239109e-13
0.9510000000000001	3.4199602621172426e-13
0.9520000000000001	3.4208465242210277e-13
0.9530000000000001	3.4217322853107595e-13
0.9540000000000001	3.422617546144829e-13
0.9550000000000001	3.4235023074797986e-13
0.9560000000000001	3.4243865700703453e-13
0.9570000000000001	3.4252703346692993e-13
0.9580000000000001	3.4261536020276485e-13
0.9590000000000001	3.427036372894538e-13
0.96	3.4279186480172655e-13
0.961	3.428800428141322e-13
0.962	3.429681714010363e-13
0.963	3.43056250636623e-13
0.964	3.4314428059489576e-13
0.965	3.432322613496766e-13
0.966	3.433201929746097e-13
0.967	3.4340807554315797e-13
0.968	3.4349590912860747e-13
0.969	3.435836938040654e-13
0.97	3.4367142964246163e-13
0.971	3.4375911671654937e-13
0.972	3.438467550989065e-13
0.973	3.4393434486193336e-13
0.974	3.440218860778575e-13
0.975	3.4410937881872996e-13
0.976	3.441968231564303e-13
0.977	3.442842191626622e-13
0.978	3.4437156690895977e-13
0.979	3.4445886646668185e-13
0.98	3.4454611790701795e-13
0.981	3.446333213009856e-13
0.982	3.4472047671943237e-13
0.983	3.448075842330356e-13
0.984	3.4489464391230487e-13
0.985	3.449816558275781e-13
0.986	3.450686200490285e-13
0.987	3.451555366466594e-13
0.988	3.452424056903078e-13
0.989	3.453292272496445e-13
0.99	3.45416001394174e-13
0.991	3.455027281932352e-13
0.992	3.455894077160034e-13
0.993	3.456760400314876e-13
0.994	3.4576262520853563e-13
0.995	3.4584916331582955e-13
0.996	3.459356544218903e-13
0.997	3.460220985950766e-13
0.998	3.4610849590358524e-13
0.999	3.461948464154514e-13
1.	3.462811501985506e-13
1.0010000000000001	3.4636740732059874e-13
1.002	3.4645361784915005e-13
1.0030000000000001	3.4653978185160207e-13
1.004	3.466258993951937e-13
1.0050000000000001	3.467119705470039e-13
1.006	3.467979953739564e-13
1.0070000000000001	3.468839739428166e-13
1.008	3.4696990632019497e-13
1.0090000000000001	3.4705579257254433e-13
1.01	3.471416327661631e-13
1.0110000000000001	3.4722742696719443e-13
1.012	3.4731317524162774e-13
1.0130000000000001	3.4739887765529795e-13
1.014	3.474845342738868e-13
1.0150000000000001	3.4757014516292257e-13
1.016	3.4765571038778174e-13
1.0170000000000001	3.4774123001368916e-13
1.018	3.4782670410571734e-13
1.0190000000000001	3.4791213272878926e-13
1.02	3.479975159476751e-13
1.0210000000000001	3.480828538269974e-13
1.022	3.481681464312281e-13
1.0230000000000001	3.4825339382469025e-13
1.024	3.483385960715591e-13
1.025	3.484237532358597e-13
1.026	3.4850886538147205e-13
1.027	3.485939325721279e-13
1.028	3.486789548714118e-13
1.029	3.4876393234276377e-13
1.03	3.4884886504947604e-13
1.031	3.489337530546969e-13
1.032	3.490185964214298e-13
1.033	3.491033952125329e-13
1.034	3.4918814949072265e-13
1.035	3.4927285931856887e-13
1.036	3.4935752475850176e-13
1.037	3.494421458728059e-13
1.038	3.495267227236262e-13
1.039	3.4961125537296467e-13
1.04	3.496957438826832e-13
1.041	3.4978018831450205e-13
1.042	3.498645887300014e-13
1.043	3.4994894519062095e-13
1.044	3.500332577576627e-13
1.045	3.5011752649228846e-13
1.046	3.502017514555213e-13
1.047	3.502859327082474e-13
1.048	3.503700703112144e-13
1.049	3.5045416432503176e-13
1.05	3.505382148101747e-13
1.051	3.506222218269801e-13
1.052	3.507061854356494e-13
1.053	3.507901056962476e-13
1.054	3.508739826687071e-13
1.055	3.5095781641282294e-13
1.056	3.5104160698825744e-13
1.057	3.5112535445453934e-13
1.058	3.512090588710616e-13
1.059	3.5129272029708757e-13
1.06	3.513763387917455e-13
1.061	3.51459914414032e-13
1.062	3.5154344722281173e-13
1.063	3.516269372768201e-13
1.064	3.517103846346583e-13
1.065	3.517937893547988e-13
1.066	3.5187715149558453e-13
1.067	3.519604711152265e-13
1.068	3.5204374827180814e-13
1.069	3.521269830232839e-13
1.07	3.522101754274786e-13
1.071	3.522933255420892e-13
1.072	3.5237643342468526e-13
1.073	3.5245949913270977e-13
1.074	3.525425227234763e-13
1.075	3.5262550425417475e-13
1.076	3.5270844378186683e-13
1.077	3.5279134136348853e-13
1.078	3.5287419705585164e-13
1.079	3.52957010915641e-13
1.08	3.530397829994189e-13
1.081	3.531225133636219e-13
1.082	3.532052020645629e-13
1.083	3.532878491584314e-13
1.084	3.5337045470129373e-13
1.085	3.5345301874909325e-13
1.086	3.5353554135765153e-13
1.087	3.536180225826671e-13
1.088	3.5370046247971727e-13
1.089	3.5378286110425835e-13
1.09	3.538652185116254e-13
1.091	3.539475347570329e-13
1.092	3.5402980989557453e-13
1.093	3.541120439822257e-13
1.094	3.541942370718408e-13
1.095	3.5427638921915527e-13
1.096	3.543585004787868e-13
1.097	3.54440570905233e-13
1.098	3.545226005528748e-13
1.099	3.5460458947597575e-13
1.1	3.5468653772868035e-13
1.101	3.5476844536501726e-13
1.102	3.5485031243889867e-13
1.103	3.549321390041195e-13
1.104	3.550139251143595e-13
1.105	3.550956708231826e-13
1.106	3.551773761840368e-13
1.107	3.5525904125025675e-13
1.108	3.553406660750607e-13
1.109	3.554222507115534e-13
1.11	3.555037952127274e-13
1.111	3.555852996314581e-13
1.112	3.556667640205101e-13
1.113	3.557481884325356e-13
1.114	3.5582957292007264e-13
1.115	3.5591091753554767e-13
1.116	3.559922223312749e-13
1.117	3.5607348735945837e-13
1.118	3.5615471267218857e-13
1.119	3.562358983214477e-13
1.12	3.563170443591046e-13
1.121	3.5639815083692055e-13
1.122	3.5647921780654524e-13
1.123	3.5656024531951875e-13
1.124	3.5664123342727295e-13
1.125	3.567221821811301e-13
1.1260000000000001	3.5680309163230265e-13
1.127	3.5688396183189707e-13
1.1280000000000001	3.5696479283091077e-13
1.129	3.570455846802323e-13
1.1300000000000001	3.571263374306447e-13
1.131	3.5720705113282255e-13
1.1320000000000001	3.5728772583733436e-13
1.133	3.5736836159464303e-13
1.1340000000000001	3.5744895845510297e-13
1.135	3.5752951646896456e-13
1.1360000000000001	3.5761003568637334e-13
1.137	3.5769051615736717e-13
1.1380000000000001	3.5777095793188164e-13
1.139	3.578513610597455e-13
1.1400000000000001	3.5793172559068517e-13
1.141	3.580120515743215e-13
1.1420000000000001	3.5809233906017257e-13
1.143	3.5817258809765264e-13
1.1440000000000001	3.5825279873607314e-13
1.145	3.5833297102464313e-13
1.1460000000000001	3.58413105012468e-13
1.147	3.5849320074855185e-13
1.1480000000000001	3.585732582817967e-13
1.149	3.5865327766100233e-13
1.1500000000000001	3.587332589348692e-13
1.151	3.588132021519936e-13
1.1520000000000001	3.588931073608737e-13
1.153	3.5897297460990663e-13
1.154	3.5905280394738825e-13
1.155	3.591325954215154e-13
1.156	3.592123490803863e-13
1.157	3.5929206497199776e-13
1.158	3.593717431442487e-13
1.159	3.5945138364494015e-13
1.16	3.5953098652177254e-13
1.161	3.596105518223504e-13
1.162	3.5969007959417924e-13
1.163	3.5976956988466607e-13
1.164	3.598490227411222e-13
1.165	3.5992843821076183e-13
1.166	3.600078163407015e-13
1.167	3.6008715717796095e-13
1.168	3.601664607694646e-13
1.169	3.6024572716204006e-13
1.17	3.6032495640242116e-13
1.171	3.604041485372431e-13
1.172	3.6048330361304907e-13
1.173	3.6056242167628527e-13
1.174	3.6064150277330423e-13
1.175	3.6072054695036433e-13
1.176	3.607995542536293e-13
1.177	3.6087852472916856e-13
1.178	3.6095745842295975e-13
1.179	3.6103635538088567e-13
1.18	3.611152156487365e-13
1.181	3.6119403927220923e-13
1.182	3.6127282629690944e-13
1.183	3.613515767683498e-13
1.184	3.614302907319509e-13
1.185	3.615089682330421e-13
1.186	3.615876093168601e-13
1.187	3.6166621402855207e-13
1.188	3.61744782413173e-13
1.189	3.6182331451568745e-13
1.19	3.619018103809693e-13
1.191	3.6198027005380314e-13
1.192	3.620586935788827e-13
1.193	3.621370810008119e-13
1.194	3.6221543236410614e-13
1.195	3.622937477131901e-13
1.196	3.623720270924024e-13
1.197	3.624502705459893e-13
1.198	3.625284781181105e-13
1.199	3.6260664985283813e-13
1.2	3.626847857941547e-13
1.201	3.6276288598595586e-13
1.202	3.6284095047205006e-13
1.203	3.629189792961578e-13
1.204	3.629969725019134e-13
1.205	3.630749301328629e-13
1.206	3.6315285223246753e-13
1.207	3.6323073884410123e-13
1.208	3.633085900110528e-13
1.209	3.633864057765238e-13
1.21	3.634641861836313e-13
1.211	3.6354193127540676e-13
1.212	3.6361964109479665e-13
1.213	3.636973156846619e-13
1.214	3.6377495508777904e-13
1.215	3.638525593468412e-13
1.216	3.639301285044563e-13
1.217	3.6400766260314816e-13
1.218	3.640851616853577e-13
1.219	3.6416262579344194e-13
1.22	3.6424005496967365e-13
1.221	3.643174492562443e-13
1.222	3.6439480869526193e-13
1.223	3.6447213332875126e-13
1.224	3.6454942319865505e-13
1.225	3.6462667834683413e-13
1.226	3.647038988150675e-13
1.227	3.647810846450523e-13
1.228	3.648582358784034e-13
1.229	3.6493535255665573e-13
1.23	3.650124347212631e-13
1.231	3.650894824135971e-13
1.232	3.651664956749495e-13
1.233	3.6524347454653206e-13
1.234	3.653204190694765e-13
1.235	3.6539732928483405e-13
1.236	3.6547420523357603e-13
1.237	3.655510469565945e-13
1.238	3.656278544947025e-13
1.239	3.6570462788863323e-13
1.24	3.657813671790419e-13
1.241	3.6585807240650496e-13
1.242	3.6593474361151914e-13
1.243	3.660113808345042e-13
1.244	3.6608798411580263e-13
1.245	3.661645534956756e-13
1.246	3.662410890143113e-13
1.247	3.66317590711817e-13
1.248	3.6639405862822447e-13
1.249	3.664704928034872e-13
1.25	3.6654689327748374e-13
1.2510000000000001	3.6662326009001415e-13
1.252	3.666995932808033e-13
1.2530000000000001	3.6677589288949874e-13
1.254	3.6685215895567343e-13
1.2550000000000001	3.669283915188235e-13
1.256	3.6700459061837067e-13
1.2570000000000001	3.6708075629365914e-13
1.258	3.6715688858396026e-13
1.2590000000000001	3.672329875284689e-13
1.26	3.6730905316630565e-13
1.2610000000000001	3.673850855365168e-13
1.262	3.674610846780733e-13
1.2630000000000001	3.675370506298732e-13
1.264	3.676129834307392e-13
1.2650000000000001	3.6768888311942115e-13
1.266	3.6776474973459514e-13
1.2670000000000001	3.6784058331486375e-13
1.268	3.67916383898756e-13
1.2690000000000001	3.679921515247278e-13
1.27	3.6806788623116377e-13
1.2710000000000001	3.681435880563733e-13
1.272	3.682192570385955e-13
1.2730000000000001	3.682948932159961e-13
1.274	3.6837049662666867e-13
1.2750000000000001	3.6844606730863623e-13
1.276	3.6852160529984836e-13
1.2770000000000001	3.6859711063818397e-13
1.278	3.686725833614508e-13
1.2790000000000001	3.6874802350738524e-13
1.28	3.688234311136528e-13
1.281	3.688988062178472e-13
1.282	3.68974148857493e-13
1.283	3.6904945907004376e-13
1.284	3.6912473689288346e-13
1.285	3.691999823633248e-13
1.286	3.6927519551861087e-13
1.287	3.6935037639591646e-13
1.288	3.6942552503234503e-13
1.289	3.6950064146493174e-13
1.29	3.69575725730643e-13
1.291	3.696507778663744e-13
1.292	3.697257979089554e-13
1.293	3.6980078589514466e-13
1.294	3.698757418616337e-13
1.295	3.6995066584504487e-13
1.296	3.700255578819334e-13
1.297	3.701004180087859e-13
1.298	3.7017524626202077e-13
1.299	3.702500426779902e-13
1.3	3.703248072929781e-13
1.301	3.7039954014320213e-13
1.302	3.704742412648108e-13
1.303	3.705489106938885e-13
1.304	3.7062354846645094e-13
1.305	3.7069815461844826e-13
1.306	3.70772729185763e-13
1.307	3.7084727220421376e-13
1.308	3.709217837095509e-13
1.309	3.7099626373746073e-13
1.31	3.710707123235619e-13
1.311	3.711451295034096e-13
1.312	3.712195153124923e-13
1.313	3.712938697862343e-13
1.314	3.7136819295999266e-13
1.315	3.714424848690631e-13
1.316	3.7151674554867446e-13
1.317	3.7159097503399083e-13
1.318	3.7166517336011303e-13
1.319	3.7173934056207713e-13
1.32	3.718134766748553e-13
1.321	3.718875817333551e-13
1.322	3.7196165577242185e-13
1.323	3.720356988268365e-13
1.324	3.7210971093131604e-13
1.325	3.721836921205157e-13
1.326	3.722576424290265e-13
1.327	3.72331561891376e-13
1.328	3.7240545054203153e-13
1.329	3.724793084153949e-13
1.33	3.725531355458074e-13
1.331	3.7262693196754727e-13
1.332	3.72700697714831e-13
1.333	3.727744328218132e-13
1.334	3.728481373225848e-13
1.335	3.7292181125117864e-13
1.336	3.7299545464156303e-13
1.337	3.730690675276454e-13
1.338	3.731426499432742e-13
1.339	3.732162019222342e-13
1.34	3.732897234982501e-13
1.341	3.7336321470498717e-13
1.342	3.734366755760479e-13
1.343	3.7351010614497573e-13
1.344	3.7358350644525437e-13
1.345	3.7365687651030534e-13
1.346	3.737302163734921e-13
1.347	3.738035260681177e-13
1.348	3.738768056274253e-13
1.349	3.7395005508459786e-13
1.35	3.7402327447276155e-13
1.351	3.7409646382497953e-13
1.352	3.7416962317425895e-13
1.353	3.742427525535463e-13
1.354	3.743158519957311e-13
1.355	3.743889215336409e-13
1.356	3.744619612000482e-13
1.357	3.745349710276661e-13
1.358	3.746079510491476e-13
1.359	3.7468090129709063e-13
1.36	3.747538218040327e-13
1.361	3.748267126024554e-13
1.362	3.7489957372478083e-13
1.363	3.7497240520337484e-13
1.364	3.750452070705466e-13
1.365	3.75117979358545e-13
1.366	3.751907220995659e-13
1.367	3.7526343532574533e-13
1.368	3.753361190691636e-13
1.369	3.754087733618441e-13
1.37	3.7548139823575414e-13
1.371	3.7555399372280314e-13
1.372	3.7562655985484616e-13
1.373	3.7569909666368185e-13
1.374	3.757716041810514e-13
1.375	3.7584408243864125e-13
1.3760000000000001	3.759165314680827e-13
1.377	3.759889513009504e-13
1.3780000000000001	3.76061341968764e-13
1.379	3.7613370350298776e-13
1.3800000000000001	3.762060359350308e-13
1.381	3.7627833929624667e-13
1.3820000000000001	3.763506136179362e-13
1.383	3.764228589313423e-13
1.3840000000000001	3.764950752676558e-13
1.385	3.7656726265801085e-13
1.3860000000000001	3.7663942113348945e-13
1.387	3.767115507251179e-13
1.3880000000000001	3.7678365146386833e-13
1.389	3.7685572338066024e-13
1.3900000000000001	3.7692776650635813e-13
1.391	3.769997808717731e-13
1.3920000000000001	3.7707176650766143e-13
1.393	3.771437234447293e-13
1.3940000000000001	3.772156517136254e-13
1.395	3.77287551344948e-13
1.3960000000000001	3.7735942236924177e-13
1.397	3.774312648169981e-13
1.3980000000000001	3.775030787186553e-13
1.399	3.775748641045991e-13
1.4000000000000001	3.7764662100516373e-13
1.401	3.777183494506289e-13
1.4020000000000001	3.7779004947122416e-13
1.403	3.77861721097126e-13
1.4040000000000001	3.7793336435845866e-13
1.405	3.780049792852944e-13
1.4060000000000001	3.7807656590765316e-13
1.407	3.7814812425550563e-13
1.408	3.782196543587671e-13
1.409	3.782911562473049e-13
1.41	3.783626299509332e-13
1.411	3.784340754994155e-13
1.412	3.785054929224633e-13
1.413	3.7857688224973885e-13
1.414	3.7864824351085257e-13
1.415	3.78719576735364e-13
1.416	3.787908819527824e-13
1.417	3.7886215919256603e-13
1.418	3.7893340848412424e-13
1.419	3.790046298568137e-13
1.42	3.7907582333994444e-13
1.421	3.791469889627726e-13
1.422	3.7921812675450683e-13
1.423	3.7928923674430604e-13
1.424	3.7936031896127805e-13
1.425	3.7943137343448275e-13
1.426	3.7950240019292914e-13
1.427	3.7957339926557843e-13
1.428	3.79644370681342e-13
1.429	3.7971531446908143e-13
1.43	3.797862306576093e-13
1.431	3.798571192756922e-13
1.432	3.7992798035204397e-13
1.433	3.799988139153321e-13
1.434	3.8006961999417577e-13
1.435	3.801403986171446e-13
1.436	3.802111498127603e-13
1.437	3.802818736094978e-13
1.438	3.80352570035782e-13
1.439	3.804232391199906e-13
1.44	3.80493880890454e-13
1.441	3.805644953754543e-13
1.442	3.8063508260322676e-13
1.443	3.807056426019577e-13
1.444	3.8077617539978727e-13
1.445	3.808466810248085e-13
1.446	3.809171595050667e-13
1.447	3.809876108685601e-13
1.448	3.8105803514324033e-13
1.449	3.811284323570115e-13
1.45	3.811988025377319e-13
1.451	3.8126914571321353e-13
1.452	3.813394619112196e-13
1.453	3.814097511594706e-13
1.454	3.8148001348563706e-13
1.455	3.8155024891734555e-13
1.456	3.816204574821754e-13
1.457	3.816906392076618e-13
1.458	3.817607941212911e-13
1.459	3.8183092225050746e-13
1.46	3.8190102362270596e-13
1.461	3.819710982652391e-13
1.462	3.8204114620541144e-13
1.463	3.8211116747048326e-13
1.464	3.8218116208767107e-13
1.465	3.822511300841437e-13
1.466	3.823210714870267e-13
1.467	3.8239098632339966e-13
1.468	3.8246087462029786e-13
1.469	3.82530736404712e-13
1.47	3.8260057170358806e-13
1.471	3.826703805438276e-13
1.472	3.8274016295228714e-13
1.473	3.8280991895578013e-13
1.474	3.828796485810752e-13
1.475	3.8294935185489515e-13
1.476	3.8301902880392127e-13
1.477	3.830886794547913e-13
1.478	3.83158303834096e-13
1.479	3.83227901968386e-13
1.48	3.832974738841655e-13
1.481	3.833670196078966e-13
1.482	3.8343653916599815e-13
1.483	3.8350603258484517e-13
1.484	3.8357549989077e-13
1.485	3.8364494111006074e-13
1.486	3.837143562689639e-13
1.487	3.8378374539368244e-13
1.488	3.838531085103755e-13
1.489	3.8392244564516145e-13
1.49	3.8399175682411526e-13
1.491	3.8406104207326827e-13
1.492	3.841303014186111e-13
1.493	3.841995348860905e-13
1.494	3.8426874250161226e-13
1.495	3.8433792429103964e-13
1.496	3.844070802801929e-13
1.497	3.844762104948519e-13
1.498	3.845453149607535e-13
1.499	3.8461439370359375e-13
1.5	3.8468344674902566e-13