-1.4999999999999998	1.2494513211159732
-1.4989999999999999	1.2490347542112983
-1.4979999999999998	1.2486180483214442
-1.4969999999999999	1.2482012033071856
-1.4959999999999998	1.2477842190290171
-1.4949999999999999	1.247367095347327
-1.4939999999999998	1.246949832122205
-1.4929999999999999	1.246532429213433
-1.4919999999999998	1.2461148864807166
-1.4909999999999999	1.2456972037833403
-1.4899999999999998	1.2452793809805127
-1.4889999999999999	1.2448614179310855
-1.4879999999999998	1.2444433144938023
-1.4869999999999999	1.2440250705270413
-1.4859999999999998	1.243606685888997
-1.4849999999999999	1.2431881604376382
-1.4839999999999998	1.2427694940307032
-1.4829999999999999	1.2423506865256353
-1.4819999999999998	1.2419317377796941
-1.4809999999999999	1.2415126476498548
-1.4799999999999998	1.2410934159928577
-1.4789999999999999	1.2406740426652594
-1.4779999999999998	1.2402545275233063
-1.4769999999999999	1.2398348704230404
-1.4759999999999998	1.2394150712201835
-1.4749999999999999	1.238995129770355
-1.4739999999999998	1.2385750459288285
-1.4729999999999999	1.23815481955059
-1.4719999999999998	1.237734450490509
-1.4709999999999999	1.2373139386031033
-1.4699999999999998	1.2368932837426865
-1.4689999999999999	1.236472485763343
-1.4679999999999997	1.2360515445188551
-1.4669999999999999	1.2356304598628094
-1.4659999999999997	1.2352092316484684
-1.4649999999999999	1.2347878597289612
-1.4639999999999997	1.2343663439570418
-1.4629999999999999	1.2339446841852972
-1.4619999999999997	1.2335228802660285
-1.4609999999999999	1.2331009320513124
-1.4599999999999997	1.2326788393929087
-1.4589999999999999	1.2322566021423969
-1.4579999999999997	1.2318342201510728
-1.4569999999999999	1.2314116932699775
-1.456	1.2309890213498516
-1.455	1.2305662042412187
-1.454	1.230143241794423
-1.453	1.2297201338594248
-1.452	1.2292968802859883
-1.451	1.2288734809235815
-1.45	1.2284499356214795
-1.449	1.2280262442286503
-1.448	1.2276024065937632
-1.447	1.2271784225653335
-1.446	1.2267542919915018
-1.445	1.226330014720237
-1.444	1.2259055905991783
-1.443	1.2254810194757508
-1.442	1.2250563011970712
-1.441	1.224631435610013
-1.44	1.2242064225611804
-1.439	1.2237812618969355
-1.438	1.2233559534633298
-1.437	1.2229304971061743
-1.436	1.2225048926709992
-1.435	1.222079140003094
-1.434	1.2216532389474326
-1.433	1.221227189348738
-1.432	1.2208009910515032
-1.431	1.2203746438998728
-1.43	1.219948147737785
-1.429	1.2195215024088908
-1.428	1.2190947077564973
-1.427	1.218667763623744
-1.426	1.2182406698534571
-1.425	1.217813426288151
-1.424	1.2173860327701196
-1.423	1.2169584891413041
-1.422	1.2165307952434319
-1.421	1.2161029509179504
-1.42	1.2156749560060083
-1.419	1.2152468103484728
-1.418	1.2148185137859433
-1.417	1.2143900661587121
-1.416	1.2139614673068246
-1.415	1.2135327170700025
-1.414	1.2131038152877507
-1.413	1.2126747617992357
-1.412	1.2122455564433328
-1.411	1.2118161990586382
-1.41	1.2113866894835397
-1.409	1.210957027556031
-1.408	1.2105272131138314
-1.407	1.2100972459944288
-1.406	1.2096671260350018
-1.405	1.2092368530724544
-1.404	1.2088064269433596
-1.403	1.2083758474839628
-1.402	1.2079451145303615
-1.401	1.2075142279182334
-1.4	1.2070831874829704
-1.399	1.2066519930597615
-1.398	1.2062206444833699
-1.397	1.2057891415883972
-1.396	1.2053574842090597
-1.395	1.204925672179328
-1.394	1.2044937053328137
-1.393	1.2040615835028803
-1.392	1.2036293065225614
-1.391	1.2031968742246395
-1.39	1.202764286441538
-1.389	1.202331543005428
-1.388	1.201898643748132
-1.387	1.2014655885012013
-1.386	1.201032377095887
-1.385	1.2005990093630732
-1.384	1.2001654851335093
-1.383	1.1997318042373684
-1.382	1.199297966504743
-1.381	1.1988639717653515
-1.38	1.1984298198485581
-1.379	1.1979955105834548
-1.378	1.197561043798875
-1.377	1.1971264193232378
-1.376	1.1966916369847165
-1.375	1.1962566966111756
-1.3739999999999999	1.1958215980300888
-1.373	1.1953863410687224
-1.3719999999999999	1.1949509255539992
-1.371	1.1945153513124762
-1.3699999999999999	1.194079618170439
-1.369	1.1936437259538204
-1.3679999999999999	1.1932076744882814
-1.367	1.1927714635991122
-1.3659999999999999	1.1923350931113756
-1.365	1.1918985628496597
-1.3639999999999999	1.191461872638376
-1.363	1.1910250223015462
-1.3619999999999999	1.190588011662912
-1.361	1.190150840545835
-1.3599999999999999	1.1897135087733846
-1.359	1.1892760161682585
-1.3579999999999999	1.1888383625529426
-1.357	1.1884005477494812
-1.3559999999999999	1.1879625715796067
-1.355	1.1875244338648003
-1.3539999999999999	1.1870861344261332
-1.353	1.1866476730843962
-1.3519999999999999	1.186209049659979
-1.351	1.185770263973029
-1.3499999999999999	1.1853313158432939
-1.349	1.1848922050902326
-1.3479999999999999	1.184452931532952
-1.347	1.1840134949901757
-1.3459999999999999	1.1835738952803574
-1.345	1.1831341322216182
-1.3439999999999999	1.1826942056316976
-1.343	1.1822541153279917
-1.3419999999999999	1.1818138611275968
-1.341	1.1813734428472549
-1.3399999999999999	1.1809328603033142
-1.339	1.1804921133118809
-1.3379999999999999	1.1800512016886393
-1.337	1.1796101252489508
-1.3359999999999999	1.1791688838077965
-1.335	1.1787274771799379
-1.3339999999999999	1.178285905179621
-1.333	1.1778441676208402
-1.3319999999999999	1.177402264317239
-1.331	1.1769601950820607
-1.3299999999999998	1.1765179597282478
-1.329	1.1760755580683904
-1.3279999999999998	1.1756329899146862
-1.327	1.1751902550790163
-1.3259999999999998	1.174747353372905
-1.325	1.1743042846074585
-1.3239999999999998	1.1738610485935361
-1.323	1.1734176451415503
-1.3219999999999998	1.1729740740616006
-1.321	1.1725303351633887
-1.3199999999999998	1.1720864282563095
-1.319	1.1716423531493407
-1.3179999999999998	1.171198109651147
-1.317	1.1707536975699957
-1.3159999999999998	1.1703091167137927
-1.315	1.1698643668900799
-1.3139999999999998	1.1694194479061144
-1.313	1.1689743595686
-1.3119999999999998	1.1685291016840613
-1.311	1.1680836740585603
-1.3099999999999998	1.1676380764978003
-1.309	1.167192308807118
-1.3079999999999998	1.1667463707914854
-1.307	1.1663002622554823
-1.3059999999999998	1.1658539830033603
-1.305	1.165407532838942
-1.3039999999999998	1.1649609115657023
-1.303	1.1645141189867072
-1.302	1.1640671549047201
-1.301	1.1636200191220212
-1.3	1.163172711440604
-1.299	1.1627252316620358
-1.298	1.162277579587483
-1.297	1.1618297550177876
-1.296	1.1613817577533554
-1.295	1.1609335875942377
-1.294	1.1604852443400635
-1.293	1.1600367277901347
-1.292	1.159588037743282
-1.291	1.159139173998052
-1.29	1.1586901363524797
-1.289	1.158240924604314
-1.288	1.1577915385508415
-1.287	1.1573419779890208
-1.286	1.1568922427153325
-1.285	1.1564423325259288
-1.284	1.155992247216543
-1.283	1.1555419865825078
-1.282	1.155091550418734
-1.281	1.1546409385198122
-1.28	1.1541901506798338
-1.279	1.1537391866925235
-1.2779999999999998	1.1532880463512485
-1.277	1.1528367294489132
-1.2759999999999998	1.1523852357780318
-1.275	1.151933565130719
-1.2739999999999998	1.1514817172986813
-1.273	1.1510296920731875
-1.2719999999999998	1.1505774892451655
-1.271	1.1501251086050832
-1.2699999999999998	1.1496725499429947
-1.269	1.14921981304852
-1.2679999999999998	1.1487668977109293
-1.267	1.1483138037190312
-1.2659999999999998	1.1478605308612095
-1.265	1.147407078925442
-1.2639999999999998	1.1469534476993364
-1.263	1.146499636970011
-1.2619999999999998	1.1460456465241555
-1.261	1.1455914761481407
-1.2599999999999998	1.145137125627776
-1.259	1.1446825947485146
-1.2579999999999998	1.1442278832954236
-1.257	1.1437729910530772
-1.256	1.143317917805615
-1.255	1.142862663336809
-1.254	1.1424072274299608
-1.253	1.1419516098679534
-1.252	1.1414958104332218
-1.251	1.141039828907725
-1.25	1.1405836650730965
-1.2489999999999999	1.1401273187104397
-1.248	1.1396707896004556
-1.2469999999999999	1.1392140775234103
-1.246	1.138757182259087
-1.2449999999999999	1.1383001035869116
-1.244	1.1378428412857695
-1.2429999999999999	1.1373853951341542
-1.242	1.1369277649100986
-1.2409999999999999	1.1364699503911981
-1.24	1.136011951354627
-1.2389999999999999	1.1355537675770508
-1.238	1.1350953988347041
-1.2369999999999999	1.134636844903404
-1.236	1.134178105558457
-1.2349999999999999	1.1337191805747828
-1.234	1.1332600697267836
-1.2329999999999999	1.132800772788431
-1.2319999999999998	1.1323412895332337
-1.2309999999999999	1.1318816197342625
-1.2299999999999998	1.1314217631641128
-1.2289999999999999	1.1309617195948871
-1.2279999999999998	1.1305014887982683
-1.2269999999999999	1.130041070545411
-1.2259999999999998	1.1295804646071241
-1.2249999999999999	1.1291196707536137
-1.2239999999999998	1.1286586887546852
-1.2229999999999999	1.128197518379688
-1.2219999999999998	1.1277361593974649
-1.2209999999999999	1.1272746115763836
-1.2199999999999998	1.1268128746843298
-1.2189999999999999	1.1263509484887966
-1.2179999999999997	1.1258888327566838
-1.2169999999999999	1.125426527254501
-1.2159999999999997	1.1249640317482148
-1.2149999999999999	1.1245013460033773
-1.2139999999999997	1.1240384697849404
-1.2129999999999999	1.12357540285753
-1.2119999999999997	1.1231121449851622
-1.2109999999999999	1.122648695931426
-1.21	1.1221850554594213
-1.2089999999999999	1.1217212233317
-1.208	1.1212571993104248
-1.2069999999999999	1.1207929831571626
-1.206	1.1203285746330542
-1.2049999999999998	1.1198639734986966
-1.204	1.119399179514226
-1.2029999999999998	1.118934192439285
-1.202	1.1184690120329706
-1.2009999999999998	1.1180036380539755
-1.2	1.1175380702603315
-1.1989999999999998	1.117072308409698
-1.198	1.1166063522591874
-1.1969999999999998	1.1161402015654538
-1.196	1.1156738560844919
-1.1949999999999998	1.1152073155719862
-1.194	1.11474057978295
-1.1929999999999998	1.1142736484719835
-1.192	1.1138065213931085
-1.1909999999999998	1.1133391982998662
-1.19	1.1128716789452573
-1.1889999999999998	1.1124039630818106
-1.188	1.1119360504614675
-1.187	1.1114679408357038
-1.186	1.1109996339554362
-1.185	1.110531129571057
-1.184	1.1100624274324666
-1.183	1.1095935272889788
-1.182	1.1091244288894553
-1.181	1.108655131982148
-1.18	1.1081856363148297
-1.179	1.1077159416346982
-1.178	1.107246047688438
-1.177	1.1067759542221958
-1.176	1.106305660981591
-1.175	1.1058351677116642
-1.174	1.1053644741569595
-1.173	1.104893580061452
-1.172	1.1044224851685522
-1.171	1.1039511892211344
-1.17	1.1034796919615726
-1.169	1.1030079931315964
-1.168	1.102536092472485
-1.167	1.1020639897248723
-1.166	1.10159168462892
-1.165	1.1011191769241497
-1.164	1.1006464663496225
-1.1629999999999998	1.1001735526436935
-1.162	1.099700435544326
-1.1609999999999998	1.0992271147887587
-1.16	1.0987535901138066
-1.1589999999999998	1.0982798612556188
-1.158	1.0978059279498145
-1.1569999999999998	1.09733178993145
-1.156	1.096857446934943
-1.1549999999999998	1.0963828986942457
-1.154	1.0959081449426513
-1.1529999999999998	1.0954331854128783
-1.152	1.0949580198371356
-1.1509999999999998	1.0944826479469454
-1.15	1.094007069473346
-1.1489999999999998	1.0935312841467097
-1.148	1.093055291696882
-1.1469999999999998	1.092579091853113
-1.146	1.0921026843440165
-1.1449999999999998	1.0916260688976298
-1.144	1.0911492452414344
-1.1429999999999998	1.0906722131022863
-1.142	1.0901949722064812
-1.141	1.089717522279593
-1.14	1.089239863046782
-1.139	1.0887619942324578
-1.138	1.0882839155604422
-1.137	1.0878056267540868
-1.136	1.0873271275359029
-1.135	1.0868484176279969
-1.134	1.086369496751746
-1.133	1.0858903646279783
-1.132	1.0854110209768604
-1.131	1.0849314655179507
-1.13	1.084451697970201
-1.129	1.0839717180519495
-1.128	1.0834915254808577
-1.127	1.083011119974005
-1.126	1.0825305012478854
-1.125	1.0820496690182615
-1.1239999999999999	1.0815686230003003
-1.123	1.081087362908608
-1.1219999999999999	1.0806058884570535
-1.121	1.080124199358925
-1.1199999999999999	1.0796422953268605
-1.119	1.0791601760728327
-1.1179999999999999	1.0786778413082032
-1.1169999999999998	1.078195290743699
-1.1159999999999999	1.0777125240893424
-1.1149999999999998	1.0772295410545614
-1.1139999999999999	1.0767463413480438
-1.1129999999999998	1.076262924677985
-1.1119999999999999	1.0757792907517738
-1.1109999999999998	1.0752954392762117
-1.1099999999999999	1.074811369957412
-1.1089999999999998	1.0743270825008264
-1.1079999999999999	1.0738425766112718
-1.1069999999999998	1.0733578519929035
-1.1059999999999999	1.0728729083491153
-1.1049999999999998	1.0723877453827708
-1.1039999999999999	1.0719023627959097
-1.1029999999999998	1.071416760290073
-1.1019999999999999	1.0709309375659581
-1.1009999999999998	1.0704448943236728
-1.0999999999999999	1.0699586302626356
-1.0989999999999998	1.0694721450815419
-1.0979999999999999	1.0689854384784363
-1.0969999999999998	1.0684985101506814
-1.0959999999999999	1.0680113597949124
-1.095	1.067523987107146
-1.0939999999999999	1.0670363917826005
-1.093	1.0665485735158822
-1.0919999999999999	1.0660605320008383
-1.091	1.0655722669306582
-1.0899999999999999	1.065083777997821
-1.089	1.0645950648941036
-1.0879999999999999	1.0641061273105241
-1.087	1.0636169649374259
-1.0859999999999999	1.063127577464516
-1.085	1.0626379645806152
-1.0839999999999999	1.0621481259740058
-1.083	1.0616580613321212
-1.0819999999999999	1.061167770341747
-1.081	1.0606772526889197
-1.0799999999999998	1.0601865080589208
-1.079	1.0596955361363496
-1.0779999999999998	1.0592043366050594
-1.077	1.058712909148164
-1.0759999999999998	1.0582212534480369
-1.075	1.057729369186327
-1.0739999999999998	1.0572372560439207
-1.073	1.0567449137009923
-1.072	1.0562523418369474
-1.071	1.0557595401304383
-1.07	1.055266508259398
-1.069	1.054773245900947
-1.068	1.0542797527315366
-1.067	1.053786028426762
-1.066	1.053292072661564
-1.065	1.0527978851100277
-1.064	1.0523034654455383
-1.063	1.0518088133406218
-1.062	1.0513139284671735
-1.061	1.050818810496217
-1.06	1.0503234590979773
-1.059	1.0498278739419926
-1.058	1.0493320546969738
-1.057	1.048836001030808
-1.056	1.0483397126106757
-1.055	1.0478431891029325
-1.054	1.047346430173092
-1.053	1.0468494354859672
-1.052	1.0463522047055087
-1.051	1.045854737494907
-1.05	1.045357033516489
-1.049	1.044859092431873
-1.0479999999999998	1.0443609139018037
-1.047	1.0438624975861899
-1.0459999999999998	1.0433638431442243
-1.045	1.0428649502341891
-1.0439999999999998	1.0423658185136213
-1.043	1.0418664476391908
-1.0419999999999998	1.0413668372666955
-1.041	1.0408669870512377
-1.0399999999999998	1.0403668966470276
-1.039	1.0398665657073862
-1.0379999999999998	1.0393659938849074
-1.037	1.0388651808312364
-1.0359999999999998	1.0383641261972556
-1.035	1.0378628296329726
-1.0339999999999998	1.0373612907876002
-1.033	1.0368595093093955
-1.0319999999999998	1.036357484845864
-1.031	1.035855217043602
-1.0299999999999998	1.035352705548397
-1.029	1.0348499500051227
-1.0279999999999998	1.0343469500578004
-1.027	1.0338437053496345
-1.026	1.03334021552289
-1.025	1.0328364802189975
-1.024	1.03233249907853
-1.023	1.031828271741136
-1.022	1.031323797845614
-1.021	1.030819077029868
-1.02	1.0303141089309253
-1.019	1.029808893184891
-1.018	1.0293034294270573
-1.017	1.0287977172917002
-1.016	1.0282917564122998
-1.015	1.0277855464213566
-1.014	1.0272790869505433
-1.013	1.026772377630581
-1.012	1.026265418091199
-1.011	1.0257582079614127
-1.01	1.0252507468691283
-1.009	1.0247430344414084
-1.008	1.0242350703043972
-1.007	1.0237268540832747
-1.006	1.0232183854023134
-1.005	1.0227096638849222
-1.004	1.0222006891533568
-1.003	1.021691460829234
-1.002	1.0211819785329583
-1.001	1.0206722418841419
-1.	1.0201622505013876
-0.999	1.0196520040023676
-0.998	1.0191415020037735
-0.997	1.0186307441213673
-0.996	1.0181197299698868
-0.995	1.0176084591631884
-0.994	1.0170969313140872
-0.993	1.0165851460344497
-0.992	1.0160731029351673
-0.991	1.0155608016261601
-0.99	1.0150482417163316
-0.989	1.0145354228136096
-0.988	1.0140223445249683
-0.987	1.013509006456321
-0.986	1.0129954082125998
-0.985	1.0124815493977786
-0.984	1.0119674296148102
-0.983	1.0114530484656012
-0.982	1.0109384055510575
-0.981	1.0104235004710926
-0.9800000000000001	1.0099083328245937
-0.9790000000000001	1.0093929022093797
-0.9780000000000001	1.0088772082223219
-0.9770000000000001	1.008361250459184
-0.9760000000000001	1.0078450285147393
-0.9750000000000001	1.0073285419826956
-0.9740000000000001	1.0068117904557456
-0.9730000000000001	1.0062947735255012
-0.9720000000000001	1.0057774907825907
-0.9710000000000001	1.005259941816486
-0.9700000000000001	1.0047421262157057
-0.9690000000000001	1.0042240435676297
-0.9680000000000001	1.0037056934585864
-0.9670000000000001	1.0031870754738959
-0.9660000000000001	1.0026681891977276
-0.9650000000000001	1.0021490342132104
-0.9640000000000001	1.0016296101023734
-0.9630000000000001	1.0011099164462394
-0.9620000000000001	1.0005899528246043
-0.9610000000000001	1.0000697188162608
-0.9600000000000001	0.999549213998902
-0.9590000000000001	0.9990284379491498
-0.9580000000000001	0.9985073902423889
-0.957	0.9979860704530485
-0.956	0.9974644781543819
-0.955	0.9969426129185054
-0.954	0.9964204743164253
-0.953	0.9958980619180395
-0.952	0.9953753752921498
-0.951	0.9948524140063351
-0.95	0.9943291776271056
-0.949	0.99380566571979
-0.948	0.9932818778486298
-0.947	0.9927578135766277
-0.946	0.9922334724657209
-0.945	0.9917088540766443
-0.944	0.9911839579689576
-0.943	0.9906587837010803
-0.942	0.9901333308302679
-0.941	0.989607598912513
-0.94	0.9890815875027806
-0.939	0.98855529615471
-0.938	0.9880287244208131
-0.9369999999999999	0.9875018718524637
-0.9359999999999999	0.9869747379996794
-0.9349999999999999	0.9864473224114316
-0.934	0.9859196246354421
-0.933	0.9853916442181452
-0.932	0.9848633807048517
-0.931	0.9843348336396223
-0.93	0.9838060025652969
-0.929	0.9832768870234093
-0.928	0.9827474865544242
-0.927	0.9822178006974024
-0.926	0.9816878289902077
-0.925	0.9811575709695401
-0.924	0.9806270261707679
-0.923	0.9800961941279609
-0.922	0.979565074374035
-0.921	0.9790336664405197
-0.92	0.9785019698577919
-0.919	0.9779699841548869
-0.918	0.9774377088595283
-0.917	0.9769051434982323
-0.916	0.976372287596132
-0.915	0.9758391406771411
-0.914	0.975305702263837
-0.913	0.9747719718774667
-0.912	0.9742379490380444
-0.911	0.9737036332641845
-0.91	0.9731690240731763
-0.909	0.9726341209810836
-0.908	0.9720989235025229
-0.907	0.9715634311508095
-0.906	0.9710276434379502
-0.905	0.9704915598745996
-0.904	0.9699551799699825
-0.903	0.9694185032320799
-0.902	0.9688815291674081
-0.901	0.9683442572812031
-0.9	0.9678066870772303
-0.899	0.9672688180579488
-0.898	0.9667306497244321
-0.897	0.9661921815763147
-0.896	0.9656534131118674
-0.895	0.9651143438279646
-0.894	0.9645749732200535
-0.893	0.9640353007821629
-0.892	0.9634953260069856
-0.891	0.9629550483856681
-0.89	0.9624144674079796
-0.889	0.9618735825622975
-0.888	0.9613323933355051
-0.887	0.9607908992130719
-0.886	0.9602490996789929
-0.885	0.9597069942158017
-0.884	0.9591645823045887
-0.883	0.9586218634249692
-0.882	0.9580788370550719
-0.881	0.9575355026716023
-0.88	0.956991859749687
-0.879	0.9564479077630247
-0.878	0.9559036461837744
-0.877	0.9553590744826023
-0.876	0.9548141921287555
-0.875	0.9542689985897785
-0.874	0.9537234933318716
-0.873	0.9531776758196358
-0.872	0.9526315455160804
-0.871	0.9520851018827893
-0.87	0.9515383443797117
-0.869	0.9509912724652424
-0.868	0.9504438855963082
-0.867	0.9498961832281502
-0.866	0.9493481648145068
-0.8650000000000001	0.9487998298075473
-0.8640000000000001	0.9482511776578375
-0.8630000000000001	0.9477022078142847
-0.8620000000000001	0.9471529197243455
-0.8610000000000001	0.9466033128337565
-0.8600000000000001	0.9460533865866625
-0.8590000000000001	0.9455031404256149
-0.8580000000000001	0.9449525737915255
-0.8570000000000001	0.9444016861236895
-0.8560000000000001	0.9438504768597477
-0.8550000000000001	0.9432989454356674
-0.8540000000000001	0.9427470912858772
-0.8530000000000001	0.9421949138430432
-0.8520000000000001	0.9416424125381498
-0.8510000000000001	0.9410895868006283
-0.8500000000000001	0.9405364360581172
-0.8490000000000001	0.9399829597366577
-0.8480000000000001	0.9394291572604748
-0.8470000000000001	0.9388750280522549
-0.8460000000000001	0.9383205715328591
-0.8450000000000001	0.937765787121456
-0.8440000000000001	0.9372106742356001
-0.8430000000000001	0.9366552322909512
-0.8420000000000001	0.9360994607015144
-0.8410000000000001	0.9355433588795596
-0.8400000000000001	0.934986926235649
-0.8390000000000001	0.9344301621785007
-0.8380000000000001	0.9338730661151027
-0.8370000000000001	0.9333156374507184
-0.8360000000000001	0.9327578755887529
-0.8350000000000001	0.9321997799308823
-0.8340000000000001	0.931641349876966
-0.8330000000000001	0.9310825848250948
-0.8320000000000001	0.930523484171489
-0.8310000000000001	0.9299640473106308
-0.8300000000000001	0.9294042736350916
-0.8290000000000001	0.9288441625356985
-0.8280000000000001	0.928283713401383
-0.8270000000000001	0.9277229256192321
-0.8260000000000001	0.92716179857449
-0.8250000000000001	0.9266003316505862
-0.8240000000000001	0.9260385242289799
-0.8230000000000001	0.9254763756893305
-0.8220000000000001	0.9249138854093808
-0.8210000000000001	0.9243510527649685
-0.8200000000000001	0.9237878771300573
-0.8190000000000001	0.9232243578766993
-0.8180000000000001	0.9226604943749989
-0.8170000000000001	0.9220962859931483
-0.8160000000000001	0.9215317320974069
-0.8150000000000001	0.9209668320521088
-0.8140000000000001	0.920401585219578
-0.8130000000000001	0.9198359909602394
-0.812	0.9192700486325092
-0.811	0.9187037575928625
-0.81	0.9181371171957565
-0.809	0.9175701267936799
-0.808	0.9170027857370997
-0.807	0.9164350933744541
-0.806	0.9158670490521921
-0.805	0.9152986521147601
-0.804	0.9147299019044566
-0.803	0.9141607977616626
-0.802	0.9135913390246457
-0.801	0.9130215250295622
-0.8	0.912451355110593
-0.799	0.911880828599747
-0.798	0.9113099448270109
-0.797	0.9107387031201866
-0.796	0.91016710280507
-0.795	0.9095951432052407
-0.794	0.9090228236422023
-0.793	0.9084501434353428
-0.792	0.907877101901803
-0.791	0.9073036983566569
-0.79	0.9067299321128034
-0.789	0.9061558024809254
-0.788	0.9055813087695265
-0.787	0.9050064502849521
-0.786	0.9044312263312956
-0.785	0.9038556362104837
-0.784	0.9032796792221389
-0.783	0.9027033546637567
-0.782	0.9021266618304673
-0.781	0.9015496000152472
-0.78	0.9009721685087408
-0.779	0.9003943665993333
-0.778	0.8998161935731641
-0.777	0.8992376487140095
-0.776	0.8986587313033892
-0.775	0.8980794406204735
-0.774	0.8974997759421287
-0.773	0.8969197365428703
-0.772	0.896339321694863
-0.771	0.8957585306679131
-0.77	0.8951773627294719
-0.769	0.8945958171445718
-0.768	0.8940138931758949
-0.767	0.8934315900837064
-0.766	0.8928489071258517
-0.765	0.8922658435577345
-0.764	0.8916823986323386
-0.763	0.8910985716002369
-0.762	0.8905143617094861
-0.761	0.8899297682056891
-0.76	0.8893447903320137
-0.759	0.8887594273290322
-0.758	0.8881736784349371
-0.757	0.8875875428852841
-0.756	0.8870010199132404
-0.755	0.8864141087492584
-0.754	0.8858268086214234
-0.753	0.8852391187550919
-0.752	0.8846510383731985
-0.751	0.8840625666959887
-0.7500000000000001	0.8834737029411199
-0.7490000000000001	0.8828844463236287
-0.7480000000000001	0.8822947960560392
-0.7470000000000001	0.8817047513480882
-0.7460000000000001	0.8811143114069652
-0.7450000000000001	0.8805234754371557
-0.7440000000000001	0.8799322426404551
-0.7430000000000001	0.8793406122160468
-0.7420000000000001	0.8787485833603315
-0.7410000000000001	0.8781561552670787
-0.7400000000000001	0.8775633271272717
-0.7390000000000001	0.8769700981291559
-0.7380000000000001	0.8763764674582646
-0.7370000000000001	0.8757824342973997
-0.7360000000000001	0.8751879978264683
-0.7350000000000001	0.8745931572227343
-0.7340000000000001	0.8739979116605158
-0.7330000000000001	0.8734022603114204
-0.7320000000000001	0.8728062023442181
-0.7310000000000001	0.8722097369247405
-0.7300000000000001	0.8716128632160904
-0.7290000000000001	0.8710155803784295
-0.7280000000000001	0.8704178875690688
-0.7270000000000001	0.8698197839423263
-0.7260000000000001	0.8692212686497645
-0.7250000000000001	0.8686223408399151
-0.7240000000000001	0.8680229996583799
-0.7230000000000001	0.8674232442478247
-0.7220000000000001	0.8668230737479522
-0.7210000000000001	0.8662224872954513
-0.7200000000000001	0.8656214840240747
-0.7190000000000001	0.865020063064458
-0.7180000000000001	0.8644182235443472
-0.7170000000000001	0.8638159645883347
-0.7160000000000001	0.8632132853179919
-0.7150000000000001	0.8626101848518423
-0.7140000000000001	0.8620066623053002
-0.7130000000000001	0.8614027167906668
-0.7120000000000001	0.8607983474171506
-0.7110000000000001	0.8601935532908513
-0.7100000000000001	0.8595883335146401
-0.7090000000000001	0.8589826871882873
-0.7080000000000001	0.8583766134083947
-0.7070000000000001	0.8577701112683147
-0.7060000000000001	0.8571631798582383
-0.7050000000000001	0.856555818265102
-0.7040000000000001	0.8559480255726187
-0.7030000000000001	0.8553398008612627
-0.7020000000000001	0.8547311432081408
-0.7010000000000001	0.8541220516871786
-0.7000000000000001	0.8535125253689538
-0.6990000000000001	0.8529025633206813
-0.6980000000000001	0.8522921646063014
-0.6970000000000001	0.8516813282863221
-0.6960000000000001	0.8510700534179941
-0.6950000000000001	0.8504583390550287
-0.6940000000000001	0.8498461842478461
-0.6930000000000001	0.8492335880433661
-0.6920000000000001	0.8486205494851106
-0.6910000000000001	0.8480070676131318
-0.6900000000000001	0.847393141463973
-0.6890000000000001	0.8467787700707331
-0.6880000000000001	0.8461639524629563
-0.687	0.8455486876666904
-0.686	0.8449329747044035
-0.685	0.8443168125949903
-0.684	0.8437002003537947
-0.683	0.8430831369925142
-0.682	0.8424656215192714
-0.681	0.8418476529385006
-0.68	0.8412292302510096
-0.679	0.8406103524539249
-0.678	0.8399910185406403
-0.677	0.8393712275008437
-0.676	0.838750978320565
-0.675	0.8381302699819587
-0.674	0.8375091014634688
-0.673	0.8368874717397431
-0.672	0.836265379781595
-0.671	0.8356428245560323
-0.67	0.8350198050261636
-0.669	0.8343963201512661
-0.668	0.8337723688866817
-0.667	0.8331479501838961
-0.666	0.8325230629903869
-0.665	0.8318977062497553
-0.664	0.831271878901526
-0.663	0.8306455798813118
-0.662	0.8300188081206468
-0.661	0.8293915625470771
-0.66	0.8287638420840496
-0.659	0.8281356456509369
-0.658	0.8275069721629719
-0.657	0.8268778205313237
-0.656	0.8262481896629912
-0.655	0.8256180784607553
-0.654	0.8249874858232371
-0.653	0.824356410644871
-0.652	0.8237248518158121
-0.651	0.8230928082219382
-0.65	0.8224602787448981
-0.649	0.821827262262002
-0.648	0.8211937576461917
-0.647	0.8205597637660942
-0.646	0.8199252794859725
-0.645	0.819290303665654
-0.644	0.8186548351605349
-0.643	0.8180188728216334
-0.642	0.8173824154953748
-0.641	0.8167454620237674
-0.64	0.8161080112442805
-0.639	0.8154700619898457
-0.638	0.8148316130887701
-0.637	0.8141926633648343
-0.636	0.8135532116370993
-0.635	0.8129132567201057
-0.634	0.8122727974236109
-0.633	0.8116318325526939
-0.632	0.8109903609077498
-0.631	0.8103483812843733
-0.63	0.8097058924734033
-0.629	0.8090628932608461
-0.628	0.808419382427914
-0.627	0.8077753587509293
-0.626	0.8071308210013513
-0.625	0.8064857679456788
-0.624	0.8058401983455197
-0.623	0.8051941109574982
-0.622	0.8045475045331963
-0.621	0.8039003778192743
-0.62	0.8032527295571906
-0.619	0.8026045584834199
-0.618	0.8019558633293404
-0.617	0.8013066428210947
-0.616	0.8006568956797941
-0.615	0.8000066206211992
-0.614	0.7993558163559364
-0.613	0.7987044815893111
-0.6120000000000001	0.7980526150214341
-0.6110000000000001	0.7974002153469713
-0.6100000000000001	0.7967472812553696
-0.6090000000000001	0.7960938114305823
-0.6080000000000001	0.7954398045512013
-0.6070000000000001	0.7947852592903697
-0.6060000000000001	0.7941301743157989
-0.6050000000000001	0.793474548289604
-0.6040000000000001	0.7928183798684111
-0.6030000000000001	0.7921616677032856
-0.6020000000000001	0.7915044104396951
-0.6010000000000001	0.790846606717423
-0.6000000000000001	0.7901882551706282
-0.5990000000000001	0.7895293544277686
-0.5980000000000001	0.7888699031115266
-0.5970000000000001	0.7882098998388697
-0.5960000000000001	0.7875493432209071
-0.5950000000000001	0.7868882318629696
-0.5940000000000001	0.7862265643644573
-0.5930000000000001	0.7855643393188994
-0.5920000000000001	0.7849015553139045
-0.5910000000000001	0.7842382109310632
-0.5900000000000001	0.7835743047459648
-0.5890000000000001	0.7829098353281568
-0.5880000000000001	0.7822448012411297
-0.5870000000000001	0.7815792010421819
-0.5860000000000001	0.7809130332825461
-0.5850000000000001	0.7802462965071881
-0.5840000000000001	0.7795789892548943
-0.5830000000000001	0.7789111100581407
-0.5820000000000001	0.778242657443141
-0.5810000000000001	0.7775736299297367
-0.5800000000000001	0.7769040260314127
-0.5790000000000001	0.7762338442551803
-0.5780000000000001	0.7755630831016426
-0.5770000000000001	0.7748917410648962
-0.5760000000000001	0.7742198166325062
-0.5750000000000001	0.7735473082854313
-0.5740000000000001	0.7728742144980235
-0.5730000000000001	0.7722005337379607
-0.5720000000000001	0.7715262644662813
-0.5710000000000001	0.7708514051372505
-0.5700000000000001	0.7701759541983081
-0.5690000000000001	0.769499910090105
-0.5680000000000001	0.7688232712465018
-0.5670000000000001	0.7681460360942869
-0.5660000000000001	0.7674682030534474
-0.5650000000000001	0.7667897705369086
-0.5640000000000001	0.766110736950553
-0.5630000000000001	0.7654311006932124
-0.562	0.7647508601566035
-0.561	0.7640700137251994
-0.56	0.7633885597763502
-0.559	0.7627064966800984
-0.558	0.7620238227991601
-0.557	0.7613405364889798
-0.556	0.7606566360975124
-0.555	0.7599721199653277
-0.554	0.7592869864254991
-0.553	0.7586012338035303
-0.552	0.7579148604173624
-0.551	0.7572278645773086
-0.55	0.7565402445859647
-0.549	0.7558519987382373
-0.548	0.755163125321208
-0.547	0.7544736226142037
-0.546	0.7537834888885514
-0.545	0.7530927224077333
-0.544	0.7524013214272568
-0.543	0.7517092841944808
-0.542	0.7510166089488577
-0.541	0.7503232939215423
-0.54	0.7496293373355618
-0.539	0.7489347374057044
-0.538	0.7482394923384319
-0.537	0.7475436003318885
-0.536	0.7468470595757896
-0.535	0.7461498682513572
-0.534	0.7454520245313541
-0.533	0.7447535265799409
-0.532	0.7440543725526306
-0.531	0.7433545605962708
-0.53	0.7426540888489735
-0.529	0.7419529554399956
-0.528	0.7412511584898093
-0.527	0.7405486961099055
-0.526	0.7398455664028285
-0.525	0.7391417674620214
-0.524	0.7384372973719336
-0.523	0.7377321542077693
-0.522	0.7370263360355325
-0.521	0.736319840911957
-0.52	0.7356126668844293
-0.519	0.7349048119908741
-0.518	0.734196274259806
-0.517	0.7334870517101791
-0.516	0.7327771423513313
-0.515	0.7320665441829461
-0.514	0.731355255194986
-0.513	0.7306432733675694
-0.512	0.7299305966710047
-0.511	0.7292172230655891
-0.51	0.7285031505017087
-0.509	0.7277883769196003
-0.508	0.7270729002493748
-0.507	0.7263567184110014
-0.506	0.7256398293140456
-0.505	0.724922230857815
-0.504	0.7242039209311377
-0.503	0.7234848974123884
-0.502	0.722765158169312
-0.501	0.7220447010590411
-0.5	0.7213235239280236
-0.499	0.7206016246118476
-0.498	0.7198790009352332
-0.4970000000000001	0.7191556507120115
-0.4960000000000001	0.7184315717449214
-0.4950000000000001	0.7177067618256393
-0.4940000000000001	0.71698121873464
-0.4930000000000001	0.7162549402411331
-0.4920000000000001	0.7155279241029983
-0.4910000000000001	0.7148001680667028
-0.4900000000000001	0.7140716698671664
-0.4890000000000001	0.713342427227763
-0.4880000000000001	0.7126124378601779
-0.4870000000000001	0.7118816994643385
-0.4860000000000001	0.7111502097283493
-0.4850000000000001	0.7104179663283575
-0.4840000000000001	0.7096849669285423
-0.4830000000000001	0.708951209180927
-0.4820000000000001	0.7082166907254235
-0.4810000000000001	0.7074814091895965
-0.4800000000000001	0.7067453621886874
-0.4790000000000001	0.7060085473254725
-0.4780000000000001	0.7052709621901614
-0.4770000000000001	0.7045326043603726
-0.4760000000000001	0.7037934714009424
-0.4750000000000001	0.7030535608638885
-0.4740000000000001	0.7023128702883292
-0.4730000000000001	0.7015713972003711
-0.4720000000000001	0.7008291391129798
-0.4710000000000001	0.7000860935259159
-0.4700000000000001	0.6993422579256529
-0.4690000000000001	0.6985976297852153
-0.4680000000000001	0.6978522065641736
-0.4670000000000001	0.6971059857084363
-0.4660000000000001	0.6963589646502293
-0.4650000000000001	0.6956111408079267
-0.4640000000000001	0.6948625115860454
-0.4630000000000001	0.6941130743750121
-0.4620000000000001	0.6933628265511455
-0.4610000000000001	0.6926117654765177
-0.4600000000000001	0.6918598884988809
-0.4590000000000001	0.6911071929514717
-0.4580000000000001	0.6903536761530356
-0.4570000000000001	0.6895993354075581
-0.45600000000000007	0.6888441680042817
-0.45500000000000007	0.6880881712175231
-0.45400000000000007	0.687331342306596
-0.45300000000000007	0.6865736785156232
-0.45200000000000007	0.6858151770735171
-0.45100000000000007	0.6850558351938315
-0.45000000000000007	0.6842956500745674
-0.44900000000000007	0.6835346188981705
-0.44800000000000006	0.6827727388312784
-0.44700000000000006	0.6820100070247411
-0.44600000000000006	0.6812464206133622
-0.44500000000000006	0.6804819767158928
-0.44400000000000006	0.6797166724347817
-0.44300000000000006	0.6789505048561603
-0.44200000000000006	0.6781834710496225
-0.44100000000000006	0.6774155680681649
-0.44000000000000006	0.6766467929480067
-0.43900000000000006	0.6758771427084886
-0.43800000000000006	0.6751066143518836
-0.43700000000000006	0.6743352048633388
-0.43600000000000005	0.6735629112106782
-0.43500000000000005	0.6727897303442696
-0.43400000000000005	0.6720156591969143
-0.43300000000000005	0.6712406946836766
-0.43200000000000005	0.6704648337017574
-0.43100000000000005	0.6696880731303179
-0.43000000000000005	0.6689104098304065
-0.42900000000000005	0.6681318406446756
-0.42800000000000005	0.6673523623973828
-0.42700000000000005	0.6665719718941611
-0.42600000000000005	0.6657906659218483
-0.42500000000000004	0.6650084412483761
-0.42400000000000004	0.6642252946226086
-0.42300000000000004	0.6634412227741452
-0.42200000000000004	0.66265622241321
-0.42100000000000004	0.6618702902304865
-0.42000000000000004	0.6610834228968593
-0.41900000000000004	0.6602956170634252
-0.41800000000000004	0.659506869361156
-0.41700000000000004	0.6587171764008443
-0.41600000000000004	0.6579265347728425
-0.41500000000000004	0.6571349410469809
-0.41400000000000003	0.6563423917723349
-0.41300000000000003	0.6555488834770491
-0.41200000000000003	0.654754412668197
-0.41100000000000003	0.653958975831574
-0.41000000000000003	0.6531625694315022
-0.40900000000000003	0.6523651899106823
-0.40800000000000003	0.6515668336899824
-0.40700000000000003	0.6507674971682444
-0.406	0.649967176722113
-0.405	0.649165868705872
-0.404	0.6483635694511486
-0.403	0.6475602752668274
-0.402	0.6467559824387848
-0.401	0.6459506872297425
-0.4	0.6451443858789655
-0.399	0.6443370746021825
-0.398	0.6435287495913169
-0.397	0.6427194070142274
-0.396	0.6419090430145992
-0.395	0.6410976537116315
-0.394	0.6402852351998796
-0.393	0.6394717835490099
-0.392	0.6386572948036044
-0.391	0.6378417649829109
-0.39	0.6370251900806007
-0.389	0.636207566064564
-0.388	0.6353888888766893
-0.387	0.6345691544325831
-0.386	0.6337483586213654
-0.385	0.6329264973054477
-0.384	0.6321035663202003
-0.383	0.6312795614738042
-0.382	0.6304544785469641
-0.381	0.6296283132926372
-0.38	0.6288010614358103
-0.379	0.6279727186731905
-0.378	0.6271432806730114
-0.377	0.6263127430747283
-0.376	0.6254811014887118
-0.375	0.624648351496068
-0.374	0.623814488648269
-0.373	0.6229795084669696
-0.372	0.6221434064436174
-0.371	0.6213061780392487
-0.37	0.6204678186841968
-0.369	0.6196283237777496
-0.368	0.6187876886878725
-0.367	0.6179459087509478
-0.366	0.6171029792714444
-0.365	0.6162588955215612
-0.364	0.61541365274101
-0.363	0.6145672461366428
-0.362	0.6137196708821251
-0.361	0.6128709221176792
-0.36	0.6120209949496335
-0.359	0.6111698844502642
-0.358	0.6103175856572788
-0.357	0.6094640935736234
-0.356	0.6086094031670708
-0.355	0.6077535093698293
-0.354	0.60689640707832
-0.353	0.6060380911526911
-0.352	0.6051785564165167
-0.351	0.6043177976564386
-0.35	0.6034558096217593
-0.349	0.6025925870241019
-0.348	0.6017281245369814
-0.347	0.6008624167955193
-0.346	0.5999954583959074
-0.345	0.5991272438951358
-0.344	0.5982577678105419
-0.34299999999999997	0.5973870246194105
-0.34199999999999997	0.5965150087585552
-0.34099999999999997	0.5956417146238681
-0.33999999999999997	0.5947671365700202
-0.33899999999999997	0.5938912689098957
-0.33799999999999997	0.5930141059142217
-0.33699999999999997	0.5921356418111021
-0.3360000000000001	0.5912558707856331
-0.3350000000000001	0.5903747869793644
-0.3340000000000001	0.5894923844898993
-0.3330000000000001	0.5886086573704271
-0.3320000000000001	0.5877235996292433
-0.33100000000000007	0.5868372052292558
-0.33000000000000007	0.5859494680875088
-0.32900000000000007	0.585060382074748
-0.32800000000000007	0.5841699410148284
-0.32700000000000007	0.5832781386842879
-0.32600000000000007	0.5823849688118
-0.32500000000000007	0.5814904250776622
-0.32400000000000007	0.5805945011133039
-0.32300000000000006	0.5796971905006781
-0.32200000000000006	0.5787984867718198
-0.32100000000000006	0.5778983834081965
-0.32000000000000006	0.5769968738402494
-0.31900000000000006	0.5760939514467565
-0.31800000000000006	0.5751896095542952
-0.31700000000000006	0.5742838414366832
-0.31600000000000006	0.5733766403143378
-0.31500000000000006	0.57246799935373
-0.31400000000000006	0.5715579116667533
-0.31300000000000006	0.5706463703101031
-0.31200000000000006	0.5697333682846996
-0.31100000000000005	0.5688188985349907
-0.31000000000000005	0.5679029539483901
-0.30900000000000005	0.5669855273545316
-0.30800000000000005	0.5660666115247031
-0.30700000000000005	0.5651461991711372
-0.30600000000000005	0.5642242829463241
-0.30500000000000005	0.5633008554423234
-0.30400000000000005	0.5623759091900558
-0.30300000000000005	0.5614494366586689
-0.30200000000000005	0.5605214302547115
-0.30100000000000005	0.5595918823214759
-0.30000000000000004	0.5586607851382014
-0.29900000000000004	0.5577281309193717
-0.29800000000000004	0.5567939118139359
-0.29700000000000004	0.555858119904475
-0.29600000000000004	0.5549207472065415
-0.29500000000000004	0.5539817856677132
-0.29400000000000004	0.5530412271668802
-0.29300000000000004	0.5520990635133708
-0.29200000000000004	0.5511552864461228
-0.29100000000000004	0.5502098876328735
-0.29000000000000004	0.5492628586692173
-0.28900000000000003	0.548314191077815
-0.28800000000000003	0.5473638763073823
-0.28700000000000003	0.5464119057319662
-0.28600000000000003	0.5454582706498152
-0.28500000000000003	0.5445029622826165
-0.28400000000000003	0.5435459717744351
-0.28300000000000003	0.5425872901907949
-0.28200000000000003	0.5416269085177213
-0.281	0.5406648176606554
-0.28	0.5397010084435676
-0.279	0.5387354716078183
-0.278	0.5377681978111601
-0.277	0.5367991776266845
-0.276	0.5358284015417312
-0.275	0.5348558599567483
-0.274	0.5338815431842587
-0.273	0.5329054414476485
-0.272	0.5319275448800399
-0.271	0.5309478435231378
-0.27	0.5299663273260176
-0.269	0.5289829861439033
-0.268	0.5279978097369317
-0.267	0.5270107877689567
-0.266	0.5260219098061761
-0.265	0.5250311653158939
-0.264	0.5240385436651898
-0.263	0.5230440341195985
-0.262	0.5220476258417013
-0.261	0.521049307889722
-0.26	0.520049069216203
-0.259	0.5190468986664557
-0.258	0.5180427849771712
-0.257	0.5170367167749093
-0.256	0.516028682574538
-0.255	0.5150186707777796
-0.254	0.5140066696715336
-0.253	0.5129926674263801
-0.252	0.5119766520948523
-0.251	0.5109586116098485
-0.25	0.5099385337829263
-0.24900000000000003	0.5089164063025449
-0.24800000000000003	0.5078922167323761
-0.24700000000000003	0.5068659525094747
-0.24600000000000002	0.5058376009424842
-0.24500000000000002	0.5048071492097519
-0.244	0.503774584357502
-0.243	0.5027398932978812
-0.242	0.5017030628069907
-0.241	0.500664079522903
-0.24	0.4996229299436505
-0.239	0.49857960042514876
-0.238	0.49753407717904835
-0.237	0.496486346270647
-0.23600000000000002	0.495436393616638
-0.23500000000000001	0.4943842049829212
-0.234	0.4933297659823239
-0.233	0.4922730620722255
-0.232	0.4912140785522581
-0.231	0.4901528005618672
-0.23	0.48908921307781283
-0.229	0.4880233009117277
-0.228	0.48695504870750045
-0.227	0.4858844409386646
-0.226	0.48481146190579244
-0.225	0.48373609573368676
-0.224	0.4826583263686796
-0.223	0.48157813757575
-0.222	0.4804955129357023
-0.22099999999999997	0.47941043584210685
-0.21999999999999997	0.4783228894983911
-0.21899999999999997	0.4772328569147148
-0.21799999999999997	0.4761403209048494
-0.21699999999999997	0.4750452640829609
-0.21599999999999997	0.47394766886035355
-0.21499999999999997	0.47284751744210607
-0.21399999999999997	0.47174479182369206
-0.213	0.4706394737874416
-0.212	0.4695315448990353
-0.211	0.4684209865038815
-0.21	0.4673077797232511
-0.209	0.46619190545069616
-0.208	0.46507334434799424
-0.207	0.463952076841259
-0.206	0.4628280831169
-0.205	0.46170134311736283
-0.204	0.46057183653705314
-0.20299999999999999	0.4594395428178762
-0.20199999999999999	0.4583044411448322
-0.20099999999999998	0.45716651044152623
-0.19999999999999998	0.4560257293654378
-0.19899999999999998	0.45488207630327304
-0.198	0.45373552936608513
-0.197	0.4525860663842149
-0.196	0.45143366490231923
-0.195	0.45027830217411585
-0.194	0.4491199551570551
-0.193	0.4479586005068897
-0.192	0.44679421457203183
-0.191	0.4456267733879074
-0.19000000000000003	0.44445625267105027
-0.18900000000000003	0.4432826278130846
-0.18800000000000003	0.44210587387464895
-0.18700000000000003	0.44092596557902286
-0.18600000000000003	0.4397428773057223
-0.18500000000000003	0.43855658308386647
-0.18400000000000002	0.43736705658538794
-0.18300000000000002	0.43617427111809454
-0.18200000000000002	0.4349781996185604
-0.18100000000000002	0.43377881464475404
-0.18000000000000002	0.43257608836863026
-0.17900000000000002	0.4313699925684125
-0.17800000000000002	0.4301604986206404
-0.17700000000000002	0.4289475774921799
-0.17600000000000002	0.42773119973184076
-0.175	0.42651133546191367
-0.174	0.42528795436936145
-0.173	0.42406102569691084
-0.172	0.42283051823370693
-0.17099999999999999	0.4215964003060004
-0.16999999999999998	0.42035863976730053
-0.16899999999999998	0.4191172039883913
-0.16799999999999998	0.41787205984710946
-0.167	0.4166231737177488
-0.166	0.41537051146023374
-0.165	0.41411403840890854
-0.164	0.41285371936115195
-0.163	0.41158951856552484
-0.162	0.41032139970961795
-0.161	0.4090493259076337
-0.16	0.40777325968747524
-0.159	0.4064931629775746
-0.158	0.40520899709324504
-0.157	0.4039207227226904
-0.156	0.40262829991256394
-0.155	0.4013316880531004
-0.154	0.4000308458628261
-0.153	0.3987257313727623
-0.152	0.3974163019101451
-0.151	0.3961025140817123
-0.15	0.39478432375634476
-0.149	0.39346168604732445
-0.14800000000000002	0.39213455529385866
-0.14700000000000002	0.39080288504216065
-0.14600000000000002	0.38946662802584536
-0.14500000000000002	0.3881257361457308
-0.14400000000000002	0.3867801604489468
-0.14300000000000002	0.3854298511073791
-0.14200000000000002	0.3840747573954319
-0.14100000000000001	0.38271482766697196
-0.14	0.38135000933159524
-0.139	0.37998024883001247
-0.138	0.3786054916086233
-0.137	0.37722568209327445
-0.136	0.37584076366197705
-0.135	0.37445067861680353
-0.134	0.37305536815473156
-0.133	0.3716547723374435
-0.132	0.3702488300601035
-0.131	0.3688374790189078
-0.13	0.3674206556775898
-0.129	0.3659982952325396
-0.128	0.3645703315767623
-0.127	0.3631366972624347
-0.126	0.36169732346201144
-0.125	0.36025213992790095
-0.12400000000000001	0.35880107495063523
-0.12300000000000001	0.3573440553152559
-0.12200000000000001	0.35588100625621516
-0.12100000000000001	0.3544118514102908
-0.12000000000000001	0.3529365127677527
-0.11900000000000001	0.3514549106214977
-0.11800000000000001	0.3499669635141595
-0.117	0.3484725881830048
-0.11600000000000002	0.34697169950254936
-0.11500000000000002	0.3454642104247952
-0.11400000000000002	0.34395003191693774
-0.11300000000000002	0.34242907289633867
-0.11200000000000002	0.34090124016276685
-0.11100000000000002	0.33936643832763413
-0.11000000000000001	0.3378245697401081
-0.10900000000000001	0.33627553440992736
-0.10800000000000001	0.33471922992674846
-0.10700000000000001	0.33315555137572556
-0.10599999999999998	0.3315843912493195
-0.105	0.3300056393548343
-0.104	0.3284191827176881
-0.103	0.32682490547999016
-0.102	0.32522268879421845
-0.10099999999999999	0.3236124107116556
-0.09999999999999999	0.32199394606531717
-0.09899999999999999	0.32036716634690016
-0.09799999999999999	0.3187319395775474
-0.09699999999999999	0.3170881301718257
-0.09599999999999999	0.3154355987946421
-0.09499999999999999	0.313774202210504
-0.09399999999999999	0.3121037931246517
-0.093	0.31042422001548
-0.092	0.3087353269576508
-0.091	0.3070369534352434
-0.09	0.30532893414412016
-0.089	0.30361109878282055
-0.088	0.3018832718310643
-0.087	0.300145272314847
-0.086	0.29839691355715586
-0.08499999999999999	0.29663800291308523
-0.08399999999999999	0.29486834148807417
-0.08299999999999999	0.29308772383780396
-0.082	0.29129593764819617
-0.081	0.28949276339367364
-0.08	0.28767797397173134
-0.079	0.28585133431149173
-0.078	0.28401260095367054
-0.077	0.2821615215990622
-0.076	0.2802978346220555
-0.075	0.27842126854527294
-0.074	0.2765315414706993
-0.073	0.2746283604616024
-0.072	0.27271142086864203
-0.071	0.27078040559154265
-0.07	0.2688349842656819
-0.069	0.2668748123591534
-0.068	0.26489953016058
-0.067	0.2629087616282055
-0.066	0.26090211305407907
-0.065	0.25887917146203643
-0.064	0.25683950257819305
-0.063	0.2547826479906944
-0.062	0.25270812030852025
-0.061	0.250615390292574
-0.060000000000000005	0.24850379504114395
-0.05900000000000001	0.246373170538198
-0.05800000000000001	0.24422246191588348
-0.05700000000000001	0.24205115673674193
-0.05600000000000001	0.23985944513969337
-0.05500000000000001	0.2376459348310851
-0.054000000000000006	0.23540911833891295
-0.053000000000000005	0.23314981267536136
-0.052000000000000005	0.2308663481443462
-0.051000000000000004	0.22855877433625812
-0.05	0.22622574358200273
-0.049	0.22386645989146534
-0.04800000000000001	0.2214782936424769
-0.04700000000000001	0.21906080301129927
-0.046000000000000006	0.21661206255136167
-0.045000000000000005	0.21413318968128034
-0.044000000000000004	0.2116225159337467
-0.043000000000000003	0.20907780158175984
-0.04200000000000001	0.20649641659251514
-0.04100000000000001	0.20387731140176735
-0.04000000000000001	0.20121903056138565
-0.03900000000000001	0.19851756974156437
-0.038000000000000006	0.19577240880940744
-0.037	0.1929836850701657
-0.036000000000000004	0.1901418084046425
-0.035	0.18724789792015023
-0.034	0.18430024505779152
-0.033	0.18129446303871186
-0.032	0.17822764685901288
-0.031	0.17509136062801103
-0.03	0.17188894613375616
-0.028999999999999998	0.16862899187687921
-0.028	0.16529831630212471
-0.027	0.16189421230802234
-0.026	0.15841972351113232
-0.025	0.1548662921562859
-0.024	0.1512372500402037
-0.023	0.14752840187100916
-0.022	0.14372433109005486
-0.020999999999999998	0.1398368260347587
-0.02	0.13586662452602052
-0.019	0.1317990807362865
-0.018	0.1276587519746354
-0.017	0.12344008413337416
-0.016	0.11915469633410428
-0.015	0.11482697006428612
-0.013999999999999992	0.11044392502753948
-0.012999999999999994	0.10602009566582916
-0.011999999999999993	0.10153424380714177
-0.010999999999999992	0.09702971954261727
-0.009999999999999995	0.09249095961598228
-0.008999999999999994	0.08790187763447456
-0.007999999999999993	0.0833209276876548
-0.006999999999999992	0.0787484908542747
-0.005999999999999993	0.07419146214595107
-0.004999999999999994	0.06965320645557084
-0.003999999999999993	0.06516106237816381
-0.0029999999999999923	0.06071712129789103
-0.001999999999999993	0.056300246952587646
-0.000999999999999994	0.0519782983942259
0.0000000000000000000	0.04777605005417145
0.001000000000000007	0.043704886678090686
0.002000000000000007	0.039781257788167664
0.003000000000000007	0.03600734957825298
0.004000000000000007	0.03242691788369791
0.005000000000000007	0.02902703147206907
0.006000000000000007	0.025815681722648077
0.007000000000000007	0.022812017755144985
0.008000000000000007	0.020033648631374298
0.009000000000000001	0.017484619041828894
0.009999999999999998	0.01514624822908382
0.011	0.013013520561057436
0.012	0.011082800260048454
0.012999999999999998	0.009347400851195375
0.013999999999999999	0.007792210793052934
0.015	0.006416867893922852
0.016	0.0052332719441443
0.017	0.004222039726658403
0.018	0.0033765476844053064
0.019	0.002667217970251149
0.02	0.0020980750695324714
0.020999999999999998	0.0016286281927576877
0.022	0.001257694023873617
0.023	0.0009545699261273344
0.024	0.0007101094845516975
0.025	0.0005168949834536288
0.026	0.00036928356402638374
0.027	0.00024996898365041247
0.028	0.0001636396102827618
0.028999999999999998	0.00010485055321042918
0.03	0.00006430790710706235
0.031	0.000036738611985269576
0.03200000000000001	0.000017273677237222545
0.033	6.42375078492943e-6
0.034	2.3875950048441144e-6
0.035	5.718365849498583e-7
0.036	0
4.015	0
4.016	1.4200425601073467e-7
4.017	6.405580263922931e-7
4.018	1.395938139948361e-6
4.019	2.7900477875179537e-6
4.0200000000000005	4.98427834808037e-6
4.021	8.582036825699976e-6
4.022	0.000013983993126206941
4.023	0.000021645315063023715
4.024	0.000032173287453953434
4.025	0.00004682359217130347
4.026	0.00006634660935777926
4.027	0.00009199531526136637
4.0280000000000005	0.00012469213569934483
4.029	0.00016576532830616238
4.03	0.00021700892608492316
4.031	0.0002812909519385759
4.032	0.00035860802778159403
4.033	0.0004482261117660009
4.034	0.0005517397500123779
4.035	0.0006692714233845182
4.036	0.0008004725895303338
4.037	0.0009436241616640388
4.038	0.0010982248664717748
4.039	0.0012614920423754746
4.04	0.0014332019148728115
4.041	0.001611697837794327
4.042	0.0017947003594888584
4.043	0.0019809640270219567
4.044	0.0021690943899350477
4.045	0.0023575846523247613
4.046	0.0025461868221737507
4.047	0.0027345268498554266
4.048	0.002921660920642397
4.049	0.0031076023957070653
4.05	0.003292452437164553
4.051	0.0034748673108424832
4.052	0.00365368812823726
4.053	0.003828869722548266
4.054	0.004000304840948088
4.055	0.004168218868708278
4.056	0.0043317500847875855
4.057	0.0044901912762547996
4.058	0.004643599882723461
4.059	0.004792528713504772
4.06	0.00493657844295482
4.061	0.005076426992517839
4.062	0.005212117447996677
4.063	0.005343685819621594
4.064	0.005471026017875483
4.065	0.005594571509431046
4.066	0.005714732047852757
4.067	0.005832002501673721
4.068	0.005946544975705439
4.069	0.006058496342611543
4.07	0.0061681356449312325
4.071	0.006275590157936323
4.072	0.006381012357553276
4.073	0.006484500845242165
4.074	0.006586153987743749
4.075	0.006686102543542243
4.076	0.006784409270950834
4.077	0.0068811911972783656
4.078	0.006976507719259844
4.079	0.0070704316431898775
4.08	0.007163032939318989
4.081	0.007254372201200447
4.082	0.007344504440868247
4.083	0.00743348015735694
4.084	0.007521345993748885
4.085	0.007608145221555074
4.086	0.007693918125152143
4.087	0.007778702318692234
4.088	0.007862533013386118
4.089	0.007945443246433988
4.09	0.008027464079326922
4.091	0.008108624771130992
4.092	0.008188952930989086
4.093	0.008268474653132506
4.094	0.008347214637026227
4.095	0.008425196294762214
4.096	0.008502441847438496
4.097	0.008578972411968469
4.098	0.008654808079521358
4.099	0.008729967986617956
4.1	0.008804470379744958
4.101	0.008878332674230284
4.102	0.008951571508017276
4.103	0.009024202790889873
4.104	0.009096241749628314
4.105	0.00916770296951398
4.106	0.009238600432548979
4.107	0.009308947552715146
4.108	0.009378757208553344
4.109	0.00944804177331884
4.11	0.009516813142931372
4.111	0.009585082761923273
4.112	0.009652861647558878
4.113	0.009720160412286362
4.114	0.009786989284663207
4.115	0.009853358128882965
4.116	0.009919276463018817
4.117	0.009984753476087148
4.118	0.010049798044023723
4.119	0.010114418744661721
4.12	0.01017862387178166
4.121	0.010242421448310323
4.122	0.010305819238728203
4.123	0.010368824760742667
4.124	0.010431445296285875
4.125	0.010493687901875595
4.126	0.010555559418396284
4.127	0.010617066480328305
4.128	0.010678215524471566
4.1290000000000004	0.01073901279819425
4.13	0.010799464367238946
4.131	0.010859576123113815
4.132	0.010919353790098476
4.133	0.010978802931886283
4.134	0.011037928957889164
4.135	0.011096737129222174
4.136	0.011155232564391616
4.1370000000000005	0.011213420244700997
4.138	0.01127130501939634
4.139	0.011328891610559647
4.14	0.011386184617773437
4.141	0.011443188522563857
4.142	0.01149990769263496
4.143	0.011556346385911428
4.144	0.01161250875439629
4.1450000000000005	0.011668398847849551
4.146	0.011724020617311535
4.147	0.011779377918462725
4.148	0.011834474514840812
4.149	0.011889314080917276
4.15	0.011943900205042404
4.151	0.011998236392264978
4.152	0.012052326067033452
4.1530000000000005	0.012106172575786701
4.154	0.01215977918943375
4.155	0.012213149105736678
4.156	0.012266285451594932
4.157	0.012319191285238104
4.158	0.012371869598332043
4.159	0.012424323318002826
4.16	0.012476555308780364
4.1610000000000005	0.012528568374468209
4.162	0.012580365259939788
4.163	0.012631948652870113
4.164	0.012683321185398291
4.165	0.012734485435730235
4.166	0.012785443929681674
4.167	0.012836199142164407
4.168	0.012886753498619221
4.1690000000000005	0.012937109376394682
4.17	0.01298726910608053
4.171	0.013037234972790152
4.172	0.013087009217399453
4.173	0.013136594037742987
4.174	0.013185991589767607
4.175	0.013235203988646742
4.176	0.013284233309857035
4.177	0.013333081590217741
4.178	0.01338175082889659
4.179	0.0134302429883809
4.18	0.01347855999541671
4.181	0.013526703741917565
4.182	0.013574676085843413
4.183	0.0136224788520514
4.184	0.013670113833118095
4.1850000000000005	0.01371758279013775
4.186	0.01376488745349343
4.187	0.013812029523604314
4.188	0.013859010671650405
4.189	0.013905832540273173
4.19	0.013952496744256599
4.191	0.013999004871187395
4.192	0.014045358482091527
4.193	0.014091559112058063
4.194	0.014137608270837392
4.195	0.01418350744342646
4.196	0.014229258090635327
4.197	0.014274861649636613
4.198	0.014320319534499113
4.199	0.01436563313670665
4.2	0.014410803825660365
4.201	0.014455832949170055
4.202	0.014500721833926315
4.203	0.014545471785964681
4.204	0.014590084091114201
4.205	0.014634560015431959
4.206	0.014678900805629391
4.207	0.01472310768948397
4.208	0.014767181876240156
4.209	0.014811124557001292
4.21	0.014854936905106498
4.211	0.01489862007650453
4.212	0.014942175210109546
4.213	0.014985603428153887
4.214	0.015028905836528508
4.215	0.015072083525114412
4.216	0.015115137568106517
4.217	0.015158069024329666
4.218	0.015200878937544102
4.219	0.015243568336744912
4.22	0.015286138236454572
4.221	0.015328589637005372
4.222	0.015370923524818475
4.223	0.0154131408726719
4.224	0.015455242639964862
4.225	0.015497229772974576
4.226	0.015539103205106597
4.227	0.015580863857139682
4.228	0.015622512637462466
4.229	0.015664050442308203
4.23	0.015705478155981493
4.231	0.015746796651077623
4.232	0.01578800678870233
4.233	0.01582910941868104
4.234	0.01587010537976427
4.235	0.01591099549983126
4.236	0.015951780596085027
4.237	0.015992461475244395
4.238	0.016033038933734155
4.239	0.016073513757864564
4.24	0.016113886724014325
4.241	0.016154158598802374
4.242	0.016194330139262206
4.243	0.016234402093006757
4.244	0.016274375198393566
4.245	0.01631425018468347
4.246	0.016354027772198694
4.247	0.01639370867247326
4.248	0.016433293588405368
4.249	0.01647278321440227
4.25	0.016512178236522918
4.251	0.016551479332619367
4.252	0.01659068717247332
4.253	0.016629802417929482
4.254	0.016668825723028156
4.255	0.016707757734132352
4.256	0.016746599090054815
4.257	0.016785350422180413
4.258	0.016824012354586845
4.259	0.016862585504162458
4.26	0.016901070480722324
4.261	0.016939467887120856
4.2620000000000005	0.016977778319363302
4.263	0.017016002366714734
4.264	0.017054140611805126
4.265	0.017092193630734217
4.266	0.01713016199317437
4.267	0.01716804626246991
4.268	0.01720584699573491
4.269	0.017243564743951324
4.2700000000000005	0.017281200052060526
4.271	0.017318753459056934
4.272	0.01735622549808017
4.273	0.017393616696501902
4.274	0.017430927576011262
4.275	0.01746815865270594
4.276	0.017505310437169942
4.277	0.01754238343455908
4.2780000000000005	0.017579378144681527
4.279	0.017616295062074006
4.28	0.017653134676084058
4.281	0.01768989747094142
4.282	0.017726583925835822
4.283	0.01776319451498889
4.284	0.0177997297077264
4.285	0.0178361899685486
4.2860000000000005	0.017872575757199784
4.287	0.01790888752873667
4.288	0.017945125733593754
4.289	0.017981290817650725
4.29	0.018017383222294462
4.291	0.018053403384484884
4.292	0.018089351736814356
4.293	0.01812522870757144
4.2940000000000005	0.018161034720797106
4.295	0.018196770196347717
4.296	0.018232435549948453
4.297	0.018268031193254056
4.298	0.018303557533901015
4.299	0.018339014975564633
4.3	0.018374403918012313
4.301	0.01840972475715449
4.302	0.018444977885100283
4.303	0.018480163690204547
4.304	0.018515282557121825
4.305	0.01855033486685152
4.306	0.018585320996789317
4.307	0.01862024132077416
4.308	0.018655096209135028
4.309	0.018689886028735767
4.3100000000000005	0.01872461114302217
4.311	0.018759271912065608
4.312	0.018793868692606654
4.313	0.018828401838097125
4.314	0.01886287169874559
4.315	0.018897278621555567
4.316	0.01893162295036828
4.317	0.018965905025901033
4.318	0.019000125185790126
4.319	0.01903428376462685
4.32	0.019068381093997066
4.321	0.01910241750251832
4.322	0.019136393315877766
4.323	0.019170308856867678
4.324	0.01920416444542186
4.325	0.01923796039865178
4.3260000000000005	0.019271697030879657
4.327	0.019305374653673473
4.328	0.019338993575882393
4.329	0.019372554103666294
4.33	0.019406056540532256
4.331	0.019439501187363126
4.332	0.019472888342453098
4.333	0.019506218301534234
4.334	0.01953949135781165
4.335	0.019572707801991447
4.336	0.01960586792230965
4.337	0.019638972004563365
4.338	0.0196720203321379
4.339	0.019705013186037675
4.34	0.019737950844910934
4.341	0.01977083358507952
4.3420000000000005	0.019803661680566353
4.343	0.01983643540311951
4.344	0.01986915502224133
4.345	0.019901820805213754
4.346	0.019934433017122513
4.347	0.019966991920883585
4.348	0.019999497777267082
4.349	0.020031950844923704
4.35	0.020064351380406298
4.351	0.020096699638194864
4.352	0.02012899587072038
4.353	0.020161240328385645
4.354	0.020193433259591952
4.355	0.0202255749107568
4.356	0.020257665526340264
4.357	0.02028970534886375
4.3580000000000005	0.020321694618932646
4.359	0.02035363357525748
4.36	0.020385522454674548
4.361	0.020417361492166393
4.362	0.020449150920882578
4.363	0.020480890972158602
4.364	0.020512581875537214
4.365	0.02054422385878586
4.366	0.02057581714791818
4.367	0.020607361967210552
4.368	0.020638858539221684
4.369	0.020670307084811684
4.37	0.02070170782315923
4.371	0.020733060971779908
4.372	0.020764366746543722
4.373	0.020795625361692802
4.3740000000000006	0.020826837029857805
4.375	0.020858001962074733
4.376	0.020889120367803184
4.377	0.020920192454941467
4.378	0.020951218429842645
4.379	0.020982198497331808
4.38	0.021013132860720655
4.381	0.02104402172182412
4.382	0.021074865280975078
4.383	0.021105663737039846
4.384	0.021136417287431878
4.385	0.021167126128129873
4.386	0.02119779045368856
4.3870000000000005	0.021228410457255955
4.388	0.021258986330586427
4.389	0.021289518264053214
4.39	0.021320006446665977
4.391	0.021350451066080037
4.392	0.02138085230861523
4.393	0.021411210359264268
4.394	0.021441525401707236
4.395	0.02147179761832756
4.396	0.021502027190219625
4.397	0.021532214297206836
4.398	0.021562359117849834
4.399	0.02159246182946204
4.4	0.021622522608119754
4.401	0.021652541628674082
4.402	0.02168251906476575
4.4030000000000005	0.021712455088832083
4.404	0.021742349872123683
4.405	0.02177220358471182
4.406	0.021802016395502406
4.407	0.021831788472244585
4.408	0.02186151998154565
4.409	0.021891211088877573
4.41	0.021920861958591255
4.411	0.021950472753924758
4.412	0.021980043637014963
4.413	0.02200957476890814
4.414	0.022039066309569776
4.415	0.02206851841789462
4.416	0.02209793125171711
4.417	0.0221273049678201
4.418	0.022156639721947268
4.4190000000000005	0.02218593566880896
4.42	0.022215192962095134
4.421	0.022244411754483488
4.422	0.022273592197647765
4.423	0.0223027344422685
4.424	0.02233183863804159
4.425	0.022360904933688187
4.426	0.022389933476960767
4.427	0.022418924414655074
4.428	0.022447877892616423
4.429	0.02247679405575104
4.43	0.02250567304803182
4.431	0.022534515012507056
4.432	0.022563320091310464
4.433	0.022592088425668563
4.434	0.022620820155907377
4.4350000000000005	0.022649515421462613
4.436	0.022678174360886465
4.437	0.022706797111853427
4.438	0.022735383811174476
4.439	0.022763934594795966
4.44	0.022792449597813604
4.441	0.022820928954478112
4.442	0.022849372798201886
4.443	0.022877781261566404
4.444	0.02290615447633055
4.445	0.022934492573437295
4.446	0.022962795683018847
4.447	0.02299106393440786
4.448	0.02301929745613935
4.449	0.02304749637596155
4.45	0.02307566082084066
4.4510000000000005	0.02310379091696807
4.452	0.023131886789766153
4.453	0.023159948563896252
4.454	0.023187976363263873
4.455	0.02321597031102719
4.456	0.023243930529598666
4.457	0.023271857140657583
4.458	0.02329975026515096
4.459	0.023327610023303167
4.46	0.023355436534619738
4.461	0.023383229917894467
4.462	0.023410990291215295
4.463	0.023438717771969694
4.464	0.02346641247685104
4.465	0.023494074521863265
4.466	0.02352170402232857
4.4670000000000005	0.023549301092891026
4.468	0.023576865847523082
4.469	0.02360439839953066
4.47	0.02363189886155922
4.471	0.023659367345598578
4.472	0.023686803962988737
4.473	0.02371420882442332
4.474	0.023741582039958877
4.475	0.023768923719015598
4.476	0.023796233970384793
4.477	0.023823512902233585
4.478	0.02385076062210901
4.479	0.023877977236944983
4.48	0.023905162853066
4.481	0.023932317576191246
4.482	0.023959441511439538
4.4830000000000005	0.023986534763335156
4.484	0.02401359743581366
4.485	0.024040629632223042
4.486	0.024067631455330873
4.487	0.02409460300732674
4.488	0.02412154438983167
4.489	0.024148455703895944
4.49	0.0241753370500088
4.491	0.024202188528099765
4.492	0.024229010237543747
4.493	0.024255802277166883
4.494	0.024282564745248886
4.495	0.02430929773952663
4.496	0.024336001357201636
4.497	0.02436267569494137
4.498	0.02438932084888334
4.4990000000000006	0.02441593691464063
4.5	0.024442523987306057
4.501	0.024469082161453246
4.502	0.02449561153114394
4.503	0.024522112189930834
4.5040000000000004	0.024548584230859625
4.505	0.02457502774647649
4.506	0.024601442828827175
4.507	0.024627829569466023
4.508	0.024654188059453956
4.509	0.024680518389368643
4.51	0.02470682064930069
4.511	0.024733094928864708
4.5120000000000005	0.024759341317196447
4.513	0.024785559902961843
4.514	0.024811750774356316
4.515000000000001	0.024837914019109137
4.516	0.02486404972449045
4.517	0.024890157977308217
4.518	0.024916238863917563
4.519	0.024942292470220694
4.5200000000000005	0.024968318881671038
4.521	0.02499431818327781
4.522	0.0250202904596072
4.523	0.025046235794786344
4.524	0.02507215427250741
4.525	0.025098045976029444
4.526	0.02512391098818152
4.527	0.02514974939136853
4.5280000000000005	0.025175561267569764
4.529	0.025201346698344795
4.53	0.025227105764836763
4.531000000000001	0.025252838547774884
4.532	0.025278545127475696
4.533	0.025304225583848202
4.534	0.025329879996395112
4.535	0.02535550844421825
4.5360000000000005	0.025381111006018316
4.537	0.025406687760099418
4.538	0.025432238784372188
4.539	0.025457764156355027
4.54	0.02548326395317862
4.541	0.02550873825158709
4.542	0.02553418712794072
4.543	0.025559610658221227
4.5440000000000005	0.025585008918031418
4.545	0.025610381982597977
4.546	0.025635729926777304
4.547	0.025661052825053477
4.548	0.025686350751543793
4.549	0.02571162378000215
4.55	0.02573687198381693
4.551	0.025762095436019143
4.552	0.025787294209281834
4.553	0.025812468375922337
4.554	0.025837618007905766
4.555	0.025862743176847072
4.556	0.025887843954013813
4.557	0.02591292041032614
4.558	0.025937972616363943
4.559	0.02596300064236406
4.5600000000000005	0.025988004558226956
4.561	0.026012984433514286
4.562	0.02603794033745544
4.563	0.026062872338947773
4.564	0.026087780506558654
4.565	0.026112664908529322
4.566	0.0261375256127752
4.567	0.026162362686888357
4.568	0.026187176198140667
4.569	0.02621196621348477
4.57	0.02623673279955708
4.571	0.02626147602268065
4.572	0.026286195948863347
4.573	0.02631089264380566
4.574	0.026335566172898447
4.575	0.026360216601225655
4.5760000000000005	0.026384843993568236
4.577	0.02640944841440399
4.578	0.02643402992791166
4.579	0.026458588597968968
4.58	0.02648312448816088
4.581	0.026507637661774337
4.582	0.02653212818180596
4.583	0.026556596110961023
4.584	0.02658104151165573
4.585	0.02660546444602076
4.586	0.026629864975898893
4.587	0.026654243162851123
4.588	0.026678599068158386
4.589	0.026702932752819222
4.59	0.026727244277556978
4.591	0.026751533702816167
4.5920000000000005	0.026775801088769684
4.593	0.02680004649531494
4.594	0.02682426998208171
4.595	0.026848471608427547
4.596	0.02687265143344412
4.597	0.026896809515956223
4.598	0.026920945914527043
4.599	0.026945060687453812
4.6	0.026969153892775568
4.601	0.026993225588270348
4.602	0.027017275831460335
4.603	0.027041304679610315
4.604	0.027065312189731686
4.605	0.027089298418582108
4.606	0.0271132634226684
4.607	0.027137207258248402
4.6080000000000005	0.027161129981331047
4.609	0.027185031647678333
4.61	0.027208912312808045
4.611	0.027232772031993153
4.612	0.027256610860267476
4.613	0.02728042885241977
4.614	0.027304226063003322
4.615	0.027328002546331297
4.616	0.02735175835648314
4.617	0.02737549354730124
4.618	0.02739920817239595
4.619	0.027422902285144667
4.62	0.027446575938694897
4.621	0.02747022918596423
4.622	0.027493862079644292
4.623	0.02751747467219865
4.6240000000000006	0.0275410670158656
4.625	0.027564639162661796
4.626	0.02758819116437866
4.627	0.0276117230725889
4.628	0.02763523493864371
4.6290000000000004	0.02765872681367867
4.63	0.027682198748607955
4.631	0.02770565079413369
4.632	0.0277290830007435
4.633	0.027752495418707477
4.634	0.027775888098089157
4.635	0.027799261088737
4.636	0.027822614440292756
4.6370000000000005	0.02784594820218865
4.638	0.027869262423649406
4.639	0.027892557153695336
4.640000000000001	0.027915832441140855
4.641	0.027939088334597025
4.642	0.027962324882474174
4.643	0.027985542132978124
4.644	0.028008740134119296
4.6450000000000005	0.02803191893370637
4.646	0.028055078579349017
4.647	0.028078219118465433
4.648	0.028101340598274252
4.649	0.028124443065800007
4.65	0.028147526567877543
4.651	0.028170591151145077
4.652	0.028193636862053496
4.6530000000000005	0.02821666374686344
4.654	0.028239671851643687
4.655	0.028262661222280022
4.656	0.028285631904468717
4.657	0.02830858394372002
4.658	0.02833151738536301
4.659	0.028354432274539505
4.66	0.028377328656211797
4.661	0.028400206575159403
4.662	0.028423066075980857
4.663	0.028445907203097424
4.664	0.02846873000075135
4.665	0.02849153451300567
4.666	0.028514320783750567
4.667	0.02853708885669778
4.668	0.02855983877538696
4.6690000000000005	0.028582570583182143
4.67	0.02860528432327659
4.671	0.028627980038692512
4.672	0.02865065777228008
4.673	0.028673317566720972
4.674	0.028695959464526962
4.675	0.028718583508045032
4.676	0.028741189739452274
4.677	0.028763778200761522
4.678	0.028786348933819983
4.679	0.028808901980311465
4.68	0.028831437381756492
4.681	0.028853955179512857
4.682	0.028876455414778672
4.683	0.028898938128588667
4.684	0.028921403361820416
4.6850000000000005	0.028943851155192955
4.686	0.02896628154926376
4.687	0.028988694584439246
4.688	0.029011090300964576
4.689	0.02903346873893178
4.69	0.029055829938278623
4.691	0.029078173938788515
4.692	0.029100500780091965
4.693	0.029122810501669275
4.694	0.029145103142844974
4.695	0.029167378742799323
4.696	0.029189637340558922
4.697	0.029211878975002863
4.698	0.02923410368486236
4.699	0.02925631150872024
4.7	0.0292785024850146
4.7010000000000005	0.029300676652037463
4.702	0.029322834047936137
4.703	0.02934497471071133
4.704	0.029367098678224946
4.705	0.02938920598819214
4.706	0.02941129667818853
4.707	0.029433370785649664
4.708	0.029455428347866276
4.709	0.029477469401994826
4.71	0.029499493985049502
4.711	0.029521502133907453
4.712	0.029543493885309118
4.713	0.02956546927585602
4.714	0.029587428342015554
4.715	0.029609371120120166
4.716	0.02963129764636575
4.7170000000000005	0.029653207956816592
4.718	0.029675102087401487
4.719	0.029696980073919074
4.72	0.02971884195203326
4.721	0.02974068775728037
4.722	0.029762517525062933
4.723	0.029784331290656958
4.724	0.02980612908920552
4.725	0.02982791095572527
4.726	0.02984967692510678
4.727	0.029871427032110043
4.728	0.029893161311370996
4.729	0.029914879797398368
4.73	0.029936582524575466
4.731	0.029958269527162882
4.732	0.029979940839293985
4.7330000000000005	0.030001596494984167
4.734	0.03002323652811922
4.735	0.030044860972468303
4.736	0.03006646986167689
4.737	0.03008806322926983
4.738	0.030109641108650647
4.739	0.030131203533105114
4.74	0.03015275053579942
4.741	0.030174282149780518
4.742	0.030195798407977016
4.743	0.030217299343203097
4.744	0.03023878498815222
4.745	0.030260255375405005
4.746	0.030281710537424532
4.747	0.030303150506560572
4.748	0.03032457531504646
4.7490000000000006	0.030345984995002916
4.75	0.030367379578438426
4.751	0.030388759097246514
4.752	0.030410123583209818
4.753	0.03043147306799902
4.7540000000000004	0.030452807583173754
4.755	0.030474127160184536
4.756	0.030495431830369246
4.757	0.030516721624957416
4.758	0.030537996575071124
4.759	0.030559256711721713
4.76	0.03058050206581509
4.761	0.030601732668146794
4.7620000000000005	0.03062294854940977
4.763	0.030644149740186647
4.764	0.03066533627095581
4.765000000000001	0.030686508172091325
4.766	0.030707665473861345
4.767	0.03072880820643019
4.768	0.030749936399857854
4.769	0.030771050084102015
4.7700000000000005	0.030792149289016885
4.771	0.030813234044353946
4.772	0.030834304379765937
4.773	0.03085536032480082
4.774	0.03087640190890572
4.775	0.030897429161430352
4.776	0.0309184421116225
4.777	0.030939440788631166
4.7780000000000005	0.030960425221504828
4.779	0.030981395439198083
4.78	0.031002351470561604
4.781000000000001	0.031023293344353744
4.782	0.03104422108923138
4.783	0.031065134733758708
4.784	0.0310860343064013
4.785	0.031106919835531155
4.7860000000000005	0.0311277913494216
4.787	0.031148648876255472
4.788	0.03116949244411712
4.789	0.031190322081000876
4.79	0.03121113781480495
4.791	0.03123193967333549
4.792	0.03125272768430708
4.793	0.03127350187533931
4.7940000000000005	0.03129426227396273
4.795	0.03131500890761554
4.796	0.03133574180364534
4.797	0.031356460989309505
4.798	0.031377166491773543
4.799	0.03139785833811718
4.8	0.031418536555326296
4.801	0.031439201170301696
4.802	0.03145985220985414
4.803	0.031480489700707284
4.804	0.03150111366949509
4.805	0.031521724142766765
4.806	0.031542321146984
4.807	0.03156290470852209
4.808	0.031583474853669316
4.809	0.03160403160862971
4.8100000000000005	0.03162457499952287
4.811	0.031645105052380405
4.812	0.031665621793153235
4.813	0.03168612524770546
4.814	0.031706615441818374
4.815	0.0317270924011914
4.816	0.03174755615143859
4.817	0.03176800671809315
4.818	0.03178844412660633
4.819	0.03180886840234515
4.82	0.031829279570598897
4.821	0.03184967765657239
4.822	0.03187006268539344
4.823	0.03189043468210457
4.824	0.03191079367167289
4.825	0.03193113967898253
4.8260000000000005	0.03195147272884263
4.827	0.03197179284597819
4.828	0.031992100055039614
4.829	0.032012394380596734
4.83	0.03203267584714314
4.831	0.032052944479092835
4.832	0.03207320030078653
4.833	0.03209344333648333
4.834	0.03211367361036887
4.835	0.032133891146552664
4.836	0.0321540959690666
4.837	0.03217428810186841
4.838	0.03219446756884039
4.839	0.03221463439378959
4.84	0.03223478860044963
4.841	0.03225493021247898
4.8420000000000005	0.032275059253462315
4.843	0.032295175746911126
4.844	0.032315279716264564
4.845	0.03233537118488605
4.846	0.03235545017606977
4.847	0.03237551671303601
4.848	0.032395570818931956
4.849	0.032415612516836174
4.85	0.03243564182975387
4.851	0.03245565878061928
4.852	0.0324756633922965
4.853	0.03249565568757906
4.854	0.03251563568918969
4.855	0.032535603419782615
4.856	0.03255555890194211
4.857	0.03257550215818218
4.8580000000000005	0.03259543321094942
4.859	0.03261535208262086
4.86	0.0326352587955072
4.861	0.03265515337184599
4.862	0.03267503583381433
4.863	0.032694906203515034
4.864	0.03271476450298912
4.865	0.03273461075420766
4.866	0.03275444497907533
4.867	0.03277426719943116
4.868	0.032794077437048964
4.869	0.03281387571363558
4.87	0.03283366205083205
4.871	0.032853436470215526
4.872	0.03287319899329718
4.873	0.03289294964152418
4.8740000000000006	0.032912688436280056
4.875	0.03293241539888156
4.876	0.0329521305505845
4.877	0.032971833912579705
4.878	0.03299152550599513
4.8790000000000004	0.03301120535189493
4.88	0.033030873471282175
4.881	0.03305052988509534
4.882	0.03307017461421225
4.883	0.0330898076794474
4.884	0.033109429101555274
4.885	0.033129038901226995
4.886	0.03314863709909449
4.8870000000000005	0.033168223715726364
4.888	0.03318779877163219
4.889	0.033207362287260886
4.890000000000001	0.03322691428300146
4.891	0.03324645477918037
4.892	0.03326598379606773
4.893	0.03328550135387292
4.894	0.033305007472745965
4.8950000000000005	0.03332450217277775
4.896	0.03334398547400005
4.897	0.03336345739638719
4.898	0.03338291795985423
4.899	0.033402367184258874
4.9	0.033421805089400965
4.901	0.03344123169502265
4.902	0.03346064702080856
4.9030000000000005	0.0334800510863868
4.904	0.03349944391132652
4.905	0.033518825515143694
4.906	0.0335381959172963
4.907	0.0335575551371852
4.908	0.033576903194155586
4.909	0.033596240107497975
4.91	0.03361556589644758
4.911	0.03363488058018197
4.912	0.033654184177826216
4.913	0.03367347670844974
4.914	0.033692758191066215
4.915	0.03371202864463785
4.916	0.03373128808806942
4.917	0.03375053654021356
4.918	0.03376977401986759
4.9190000000000005	0.03378900054577772
4.92	0.03380821613663516
4.921	0.03382742081107824
4.922	0.033846614587692066
4.923	0.03386579748501031
4.924	0.03388496952151309
4.925	0.033904130715627735
4.926	0.03392328108573229
4.927	0.03394242065014926
4.928	0.03396154942715243
4.929	0.0339806674349619
4.93	0.033999774691748225
4.931	0.03401887121562899
4.932	0.03403795702467429
4.933	0.03405703213690025
4.934	0.03407609657027422
4.9350000000000005	0.034095150342711975
4.936	0.034114193472081784
4.937	0.034133225976198715
4.938	0.03415224787283089
4.939	0.034171259179696115
4.94	0.034190259914461646
4.941	0.034209250094748546
4.942	0.03422822973812592
4.943	0.034247198862115476
4.944	0.034266157484190776
4.945	0.034285105621776835
4.946	0.03430404329225133
4.947	0.03432297051294073
4.948	0.034341887301127
4.949	0.03436079367404447
4.95	0.03437968964887834
4.9510000000000005	0.03439857524276832
4.952	0.03441745047280467
4.953	0.03443631535603361
4.954	0.034455169909453284
4.955	0.03447401415001581
4.956	0.03449284809462483
4.957	0.03451167176014132
4.958	0.03453048516337842
4.959	0.03454928832110257
4.96	0.034568081250037234
4.961	0.034586863966858276
4.962	0.03460563648819713
4.963	0.034624398830638975
4.964	0.034643151010726396
4.965	0.034661893044954796
4.966	0.03468062494977665
4.9670000000000005	0.034699346741599094
4.968	0.034718058436785035
4.969	0.03473676005165466
4.97	0.03475545160248276
4.971	0.03477413310550013
4.972	0.03479280457689422
4.973	0.03481146603281084
4.974	0.03483011748935049
4.975	0.0348487589625711
4.976	0.0348673904684883
4.977	0.034886012023074696
4.978	0.03490462364225838
4.979	0.03492322534192868
4.98	0.03494181713792941
4.981	0.03496039904606287
4.982	0.03497897108209161
4.983	0.034997533261733424
4.984	0.035016085600665936
4.985	0.03503462811452513
4.986	0.03505316081890512
4.987	0.035071683729360516
4.9879999999999995	0.03509019686140142
4.989	0.035108700230499244
4.99	0.03512719385208735
4.991	0.03514567774155221
4.992	0.03516415191424577
4.993	0.03518261638547525
4.994	0.03520107117051146
4.995	0.03521951628458108
4.996	0.035237951742876764
4.997	0.03525637756054416
4.998	0.03527479375269484
4.9990000000000006	0.03529320033439924
5.	0.035311597320688254
5.001	0.035329984726554
5.002	0.035348362566949336
5.003	0.035366730856788105
5.0040000000000004	0.03538508961094539
5.005	0.03540343884425943
5.006	0.035421778571526806
5.007	0.03544010880750854
5.008	0.03545842956692665
5.009	0.03547674086446404
5.01	0.03549504271476782
5.011	0.03551333513244594
5.0120000000000005	0.035531618132068316
5.013	0.03554989172816828
5.014	0.03556815593524259
5.015000000000001	0.03558641076774986
5.016	0.035604656240110145
5.017	0.03562289236670956
5.018	0.035641119161894046
5.019	0.0356593366399769
5.0200000000000005	0.03567754481523097
5.021	0.03569574370189492
5.022	0.03571393331417165
5.023	0.03573211366622537
5.024	0.03575028477218671
5.025	0.0357684466461492
5.026	0.035786599302170014
5.027	0.035804742754272756
5.0280000000000005	0.03582287701644351
5.029	0.03584100210263384
5.03	0.03585911802676079
5.031	0.035877224802703465
5.032	0.03589532244431
5.033	0.035913410965389386
5.034	0.035931490379719926
5.035	0.03594956070104254
5.036	0.035967621943064715
5.037	0.035985674119458765
5.038	0.03600371724386299
5.039	0.03602175132988224
5.04	0.03603977639108643
5.041	0.03605779244101202
5.042	0.036075799493161774
5.043	0.03609379756100423
5.0440000000000005	0.03611178665797509
5.045	0.036129766797476315
5.046	0.0361477379928746
5.047	0.03616570025750796
5.048	0.03618365360467649
5.0489999999999995	0.036201598047650316
5.05	0.036219533599665114
5.051	0.0362374602739253
5.052	0.03625537808360091
5.053	0.036273287041829985
5.054	0.03629118716171973
5.055	0.03630907845634303
5.056	0.03632696093874104
5.057	0.03634483462192348
5.058	0.0363626995188676
5.059	0.03638055564251834
5.0600000000000005	0.03639840300578996
5.061	0.03641624162156497
5.062	0.03643407150269269
5.063	0.03645189266199339
5.064	0.03646970511225432
5.0649999999999995	0.03648750886623103
5.066	0.03650530393665078
5.067	0.03652309033620631
5.068	0.03654086807756151
5.069	0.036558637173349354
5.07	0.03657639763617311
5.071	0.036594149478602095
5.072	0.03661189271317928
5.073	0.03662962735241271
5.074	0.03664735340878484
5.075	0.03666507089474425
5.076	0.03668277982271258
5.077	0.03670048020507837
5.077999999999999	0.036718172054202865
5.079	0.03673585538241555
5.08	0.03675353020201884
5.0809999999999995	0.03677119652528173
5.082	0.03678885436444746
5.083	0.036806503731727835
5.084	0.0368241446393059
5.085	0.03684177709933602
5.086	0.036859401123942426
5.087	0.03687701672522161
5.088	0.036894623915239996
5.089	0.03691222270603569
5.09	0.03692981310961896
5.091	0.03694739513796906
5.0920000000000005	0.03696496880304089
5.093	0.036982534116755894
5.094	0.03700009109101179
5.095	0.037017639737674635
5.096	0.03703518006858468
5.0969999999999995	0.037052712095552394
5.098	0.037070235830361085
5.099	0.0370877512847677
5.1	0.037105258470498
5.101	0.037122757399255024
5.102	0.03714024808270881
5.103	0.03715773053250529
5.104	0.03717520476026157
5.105	0.0371926707775687
5.106	0.03721012859598976
5.107	0.037227578227061055
5.1080000000000005	0.037245019682291276
5.109	0.03726245297316202
5.11	0.03727987811112924
5.111	0.037297295107621656
5.112	0.03731470397404086
5.1129999999999995	0.037332104721761704
5.114	0.0373494973621334
5.115	0.03736688190647802
5.116	0.03738425836609019
5.117	0.037401626752241825
5.118	0.03741898707617517
5.119	0.037436339349108866
5.12	0.03745368358223287
5.121	0.037471019786713376
5.122	0.03748834797369126
5.123	0.037505668154278915
5.124	0.03752298033956611
5.125	0.037540284540614345
5.1259999999999994	0.03755758076846175
5.127	0.03757486903412006
5.128	0.037592149348576055
5.129	0.03760942172279051
5.13	0.03762668616769937
5.131	0.03764394269421529
5.132	0.0376611913132226
5.133	0.03767843203558346
5.134	0.03769566487213416
5.135	0.03771288983368593
5.136	0.03773010693102588
5.137	0.0377473161749159
5.138	0.03776451757609356
5.138999999999999	0.03778171114527386
5.14	0.037798896893143294
5.141	0.037816074830367995
5.1419999999999995	0.037833244967588206
5.143	0.037850407315419825
5.144	0.03786756188445418
5.145	0.03788470868526227
5.146	0.03790184772838593
5.147	0.03791897902434669
5.148	0.03793610258364064
5.149	0.03795321841674208
5.15	0.0379703265340995
5.151	0.037987426946137604
5.152	0.038004519663260954
5.153	0.03802160469584771
5.154	0.038038682054253696
5.154999999999999	0.038055751748811754
5.156	0.03807281378983026
5.157	0.03808986818759651
5.1579999999999995	0.0381069149523725
5.159	0.03812395409439976
5.16	0.03814098562389502
5.161	0.03815800955105395
5.162	0.03817502588604594
5.163	0.038192034639022814
5.164	0.03820903582010999
5.165	0.03822602943941128
5.166	0.038243015507008545
5.167	0.03825999403296161
5.168	0.038276965027306896
5.1690000000000005	0.03829392850005794
5.17	0.038310884461208956
5.171	0.038327832920730436
5.172	0.038344773888569245
5.173	0.03836170737465317
5.1739999999999995	0.038378633388885655
5.175	0.03839555194115058
5.176	0.038412463041307035
5.177	0.038429366699195534
5.178	0.038446262924633386
5.179	0.03846315172741637
5.18	0.038480033117319054
5.181	0.03849690710409434
5.182	0.038513773697474274
5.183	0.03853063290716915
5.184	0.03854748474286747
5.185	0.03856432921423855
5.186	0.03858116633092765
5.186999999999999	0.0385979961025614
5.188	0.03861481853874403
5.189	0.03863163364906023
5.1899999999999995	0.03864844144307251
5.191	0.03866524193032435
5.192	0.038682035120335995
5.193	0.038698821022608514
5.194	0.03871559964662182
5.195	0.038732371001836435
5.196	0.03874913509769124
5.197	0.03876589194360516
5.198	0.038782641548976676
5.199	0.038799383923184584
5.2	0.03881611907558593
5.201	0.03883284701551905
5.202	0.03884956775230158
5.202999999999999	0.03886628129523077
5.204	0.03888298765358537
5.205	0.03889968683662245
5.2059999999999995	0.038916378853579126
5.207	0.038933063713673874
5.208	0.0389497414261064
5.209	0.03896641200005408
5.21	0.03898307544467585
5.211	0.03899973176911211
5.212	0.0390163809824818
5.213	0.0390330230938857
5.214	0.03904965811240476
5.215	0.03906628604710049
5.216	0.03908290690701691
5.2170000000000005	0.03909952070117528
5.218	0.039116127438581394
5.219	0.03913272712821912
5.22	0.03914931977905416
5.221	0.039165905400034395
5.2219999999999995	0.03918248400008728
5.223	0.03919905558812133
5.224	0.03921562017302831
5.225	0.039232177763677836
5.226	0.039248728368925116
5.227	0.03926527199760217
5.228	0.039281808658525055
5.229	0.03929833836049172
5.23	0.03931486111227873
5.231	0.03933137692264831
5.232	0.03934788580033981
5.233	0.03936438775407935
5.234	0.039380882792569634
5.234999999999999	0.039397370924498444
5.236	0.039413852158533345
5.237	0.03943032650332648
5.2379999999999995	0.039446793967509636
5.239	0.03946325455969662
5.24	0.03947970828848453
5.241	0.03949615516245215
5.242	0.03951259519015978
5.243	0.039529028380150294
5.244	0.03954545474094947
5.245	0.03956187428106364
5.246	0.03957828700898369
5.247	0.039594692933180596
5.248	0.039611092062109735
5.249	0.03962748440420954
5.25	0.039643869967897066
5.2509999999999994	0.03966024876157698
5.252	0.03967662079363316
5.253	0.03969298607243322
5.254	0.039709344606328176
5.255	0.03972569640365044
5.256	0.03974204147271711
5.257	0.03975837982182607
5.258	0.03977471145925955
5.259	0.03979103639328323
5.26	0.03980735463214472
5.261	0.039823666184074506
5.262	0.03983997105728777
5.263	0.03985626925998203
5.263999999999999	0.03987256080033657
5.265	0.03988884568651665
5.266	0.03990512392666895
5.2669999999999995	0.039921395528925055
5.268	0.03993766050139752
5.269	0.03995391885218561
5.27	0.03997017058936901
5.271	0.03998641572101405
5.272	0.040002654255168066
5.273	0.0400188861998626
5.274	0.040035111563115205
5.275	0.04005133035292239
5.276	0.04006754257727063
5.277	0.04008374824412488
5.2780000000000005	0.04009994736143776
5.279	0.040116139937142144
5.28	0.04013232597915985
5.281	0.04014850549539149
5.282	0.04016467849372472
5.2829999999999995	0.0401808449820316
5.284	0.040197004968167256
5.285	0.040213158459969846
5.286	0.04022930546526569
5.287	0.040245445991861174
5.288	0.040261580047549414
5.289	0.04027770764010694
5.29	0.04029382877729499
5.291	0.04030994346686134
5.292	0.04032605171653291
5.293	0.04034215353402715
5.2940000000000005	0.04035824892704219
5.295	0.04037433790326394
5.296	0.04039042047035929
5.297	0.04040649663598281
5.298	0.04042256640777226
5.2989999999999995	0.04043862979335213
5.3	0.040454686800329175
5.301	0.040470737436296624
5.302	0.040486781708833235
5.303	0.04050281962550103
5.304	0.04051885119384718
5.305	0.04053487642140617
5.306	0.0405508953156958
5.307	0.04056690788421919
5.308	0.04058291413446412
5.309	0.04059891407390439
5.31	0.04061490771000042
5.311	0.04063089505019525
5.311999999999999	0.04064687610191864
5.313	0.040662850872585546
5.314	0.04067881936959681
5.3149999999999995	0.04069478160033835
5.316	0.04071073757218119
5.317	0.040726687292482765
5.318	0.04074263076858604
5.319	0.04075856800781859
5.32	0.04077449901749421
5.321	0.040790423804913864
5.322	0.04080634237736101
5.323	0.040822254742109154
5.324	0.0408381609064134
5.325	0.04085406087751709
5.3260000000000005	0.04086995466265036
5.327	0.04088584226902631
5.328	0.04090172370384695
5.329	0.04091759897429768
5.33	0.0409334680875523
5.3309999999999995	0.04094933105077034
5.332	0.04096518787109599
5.333	0.040981038555658926
5.334	0.04099688311157998
5.335	0.04101272154596046
5.336	0.04102855386589093
5.337	0.04104438007844865
5.338	0.04106020019069552
5.339	0.041076014209680226
5.34	0.04109182214243871
5.341	0.04110762399599331
5.3420000000000005	0.04112341977735166
5.343	0.0411392094935094
5.343999999999999	0.0411549931514487
5.345	0.04117077075813588
5.346	0.0411865423205285
5.3469999999999995	0.041202307845565986
5.348	0.041218067340177564
5.349	0.0412338208112779
5.35	0.041249568265769046
5.351	0.0412653097105397
5.352	0.0412810451524654
5.353	0.04129677459840831
5.354	0.04131249805521872
5.355	0.04132821552973136
5.356	0.041343927028771106
5.357	0.04135963255914788
5.358	0.041375332127658836
5.359	0.041391025741088716
5.359999999999999	0.04140671340620912
5.361	0.041422395129779174
5.362	0.04143807091854457
5.3629999999999995	0.04145374077923855
5.364	0.04146940471858313
5.365	0.041485062743284354
5.366	0.04150071486003908
5.367	0.04151636107552907
5.368	0.04153200139642296
5.369	0.041547635829380834
5.37	0.04156326438104717
5.371	0.04157888705805277
5.372	0.04159450386701981
5.373	0.041610114814555024
5.374	0.041625719907252515
5.375	0.04164131915169549
5.3759999999999994	0.04165691255445656
5.377	0.04167250012209199
5.378	0.041688081861147495
5.379	0.04170365777815813
5.38	0.04171922787964445
5.381	0.04173479217211718
5.382	0.04175035066207132
5.383	0.04176590335599425
5.384	0.04178145026035734
5.385	0.04179699138162252
5.386	0.04181252672623885
5.3870000000000005	0.04182805630064392
5.388	0.041843580111259764
5.389	0.04185909816450348
5.39	0.04187461046677466
5.391	0.04189011702446247
5.3919999999999995	0.04190561784394453
5.393	0.041921112931586964
5.394	0.04193660229374445
5.395	0.04195208593675809
5.396	0.04196756386695941
5.397	0.041983036090666476
5.398	0.0419985026141876
5.399	0.04201396344381842
5.4	0.04202941858584239
5.401	0.042044868046531965
5.402	0.04206031183214902
5.4030000000000005	0.04207574994894226
5.404	0.04209118240315055
5.405	0.04210660920100057
5.406	0.04212203034870653
5.407	0.04213744585247406
5.4079999999999995	0.04215285571849399
5.409	0.042168259952947804
5.41	0.0421836585620069
5.411	0.04219905155182827
5.412	0.04221443892856048
5.413	0.04222982069833811
5.414	0.04224519686728881
5.415	0.04226056744152453
5.416	0.042275932427148305
5.417	0.04229129183025248
5.418	0.04230664565691742
5.4190000000000005	0.04232199391321262
5.42	0.04233733660519763
5.421	0.042352673738918205
5.422	0.042368005320413134
5.423	0.04238333135570663
5.4239999999999995	0.04239865185081478
5.425	0.04241396681174122
5.426	0.042429276244478224
5.427	0.0424445801550097
5.428	0.04245987854930667
5.429	0.04247517143332879
5.43	0.04249045881302788
5.431	0.0425057406943432
5.432	0.042521017083202335
5.433	0.04253628798552368
5.434	0.04255155340721522
5.4350000000000005	0.04256681335417494
5.436	0.0425820678322863
5.437	0.04259731684742751
5.438	0.042612560405463
5.439	0.04262779851224686
5.4399999999999995	0.042643031173624786
5.441	0.04265825839542996
5.442	0.04267348018348552
5.443	0.042688696543604694
5.444	0.04270390748159031
5.445	0.04271911300323566
5.446	0.04273431311432091
5.447	0.042749507820619814
5.448	0.042764697127891875
5.449	0.042779881041891135
5.45	0.04279505956835617
5.4510000000000005	0.042810232713018925
5.452	0.042825400481600474
5.453	0.042840562879810445
5.454	0.04285571991335154
5.455	0.04287087158791125
5.4559999999999995	0.04288601790917144
5.457	0.04290115888280371
5.458	0.042916294514466755
5.459	0.04293142480981176
5.46	0.04294654977447891
5.461	0.042961669414098846
5.462	0.04297678373429186
5.463	0.04299189274066883
5.464	0.04300699643883149
5.465	0.043022094834369674
5.466	0.04303718793286537
5.4670000000000005	0.04305227573988857
5.468	0.043067358261003504
5.469	0.04308243550176023
5.47	0.04309750746770214
5.471	0.043112574164361255
5.4719999999999995	0.04312763559725973
5.473	0.04314269177191143
5.474	0.043157742693820375
5.475	0.043172788368480534
5.476	0.043187828801375804
5.477	0.04320286399798215
5.478	0.0432178939637635
5.479	0.04323291870417628
5.48	0.04324793822466855
5.481	0.043262952530673526
5.482	0.043277961627622485
5.4830000000000005	0.04329296552093249
5.484	0.04330796421601053
5.485	0.04332295771825952
5.486	0.043337946033065095
5.487	0.04335292916581112
5.4879999999999995	0.043367907121867215
5.489	0.04338287990659764
5.49	0.043397847525353694
5.491	0.04341280998347924
5.492	0.04342776728630862
5.493	0.04344271943916738
5.494	0.043457666447371514
5.495	0.043472608316228165
5.496	0.043487545051034616
5.497	0.04350247665708164
5.497999999999999	0.0435174031396458
5.499	0.043532324503999895
5.5	0.04354724075540463
5.5009999999999994	0.043562151899113534
5.502	0.04357705794036824
5.503	0.04359195888440559
5.504	0.0436068547364499
5.505	0.04362174550171951
5.506	0.0436366311854199
5.507	0.043651511792751445
5.508	0.04366638732890514
5.509	0.043681257799060215
5.51	0.04369612320839092
5.511	0.04371098356205992
5.512	0.04372583886522204
5.513	0.043740689123024555
5.513999999999999	0.043755534340603024
5.515	0.04377037452308729
5.516	0.0437852096755986
5.5169999999999995	0.043800039803246385
5.518	0.043814864911133594
5.519	0.04382968500435455
5.52	0.04384450008799531
5.521	0.0438593101671305
5.522	0.04387411524683225
5.523	0.043888915332156726
5.524	0.04390371042815644
5.525	0.04391850053987471
5.526	0.04393328567234528
5.527	0.04394806583059381
5.528	0.043962841019636274
5.529	0.04397761124448404
5.529999999999999	0.04399237651013568
5.531	0.0440071368215843
5.532	0.04402189218381284
5.5329999999999995	0.04403664260179738
5.534	0.044051388080504225
5.535	0.04406612862489213
5.536	0.04408086423991165
5.537	0.044095594930505015
5.538	0.04411032070160651
5.539	0.04412504155814169
5.54	0.04413975750502695