-1.4999999999999998	1.1915033879360404
-1.4989999999999999	1.1911061473559188
-1.4979999999999998	1.190708774245267
-1.4969999999999999	1.1903112684713109
-1.4959999999999998	1.1899136299010844
-1.4949999999999999	1.189515858401411
-1.4939999999999998	1.1891179538388872
-1.4929999999999999	1.1887199160798612
-1.4919999999999998	1.1883217449905197
-1.4909999999999999	1.187923440436759
-1.4899999999999998	1.1875250022842831
-1.4889999999999999	1.1871264303985343
-1.4879999999999998	1.186727724644785
-1.4869999999999999	1.186328884888044
-1.4859999999999998	1.1859299109931283
-1.4849999999999999	1.1855308028245444
-1.4839999999999998	1.1851315602466823
-1.4829999999999999	1.1847321831236286
-1.4819999999999998	1.1843326713192581
-1.4809999999999999	1.1839330246972335
-1.4799999999999998	1.1835332431209482
-1.4789999999999999	1.1831333264536201
-1.4779999999999998	1.1827332745581771
-1.4769999999999999	1.1823330872973703
-1.4759999999999998	1.1819327645336664
-1.4749999999999999	1.181532306129348
-1.4739999999999998	1.1811317119464095
-1.4729999999999999	1.180730981846647
-1.4719999999999998	1.180330115691651
-1.4709999999999999	1.1799291133427172
-1.4699999999999998	1.179527974660943
-1.4689999999999999	1.1791266995071574
-1.4679999999999997	1.1787252877419763
-1.4669999999999999	1.178323739225803
-1.4659999999999997	1.1779220538187378
-1.4649999999999999	1.1775202313807063
-1.4639999999999997	1.1771182717713542
-1.4629999999999999	1.1767161748500796
-1.4619999999999997	1.1763139404761171
-1.4609999999999999	1.1759115685083403
-1.4599999999999997	1.175509058805519
-1.4589999999999999	1.1751064112260603
-1.4579999999999997	1.1747036256281673
-1.4569999999999999	1.1743007018698473
-1.456	1.1738976398087602
-1.455	1.1734944393024667
-1.454	1.1730911002081643
-1.453	1.1726876223828082
-1.452	1.1722840056832238
-1.451	1.171880249965862
-1.45	1.1714763550869594
-1.449	1.1710723209025358
-1.448	1.1706681472683396
-1.447	1.170263834039897
-1.446	1.1698593810724152
-1.445	1.1694547882209536
-1.444	1.1690500553402376
-1.443	1.1686451822847417
-1.442	1.1682401689087736
-1.441	1.1678350150663035
-1.44	1.1674297206110646
-1.439	1.1670242853965653
-1.438	1.1666187092760225
-1.437	1.1662129921024373
-1.436	1.1658071337285043
-1.435	1.1654011340067527
-1.434	1.1649949927893022
-1.433	1.1645887099281556
-1.432	1.1641822852750088
-1.431	1.1637757186813078
-1.43	1.1633690099982037
-1.429	1.1629621590766404
-1.428	1.1625551657672153
-1.427	1.162148029920393
-1.426	1.1617407513862548
-1.425	1.1613333300146833
-1.424	1.1609257656552918
-1.423	1.1605180581574213
-1.422	1.160110207370121
-1.421	1.1597022131422468
-1.42	1.1592940753223042
-1.419	1.1588857937585753
-1.418	1.1584773682990934
-1.417	1.158068798791573
-1.416	1.157660085083522
-1.415	1.157251227022096
-1.414	1.156842224454259
-1.413	1.1564330772266878
-1.412	1.1560237851857325
-1.411	1.1556143481775543
-1.41	1.1552047660479654
-1.409	1.1547950386425785
-1.408	1.1543851658066668
-1.407	1.1539751473852635
-1.406	1.1535649832231045
-1.405	1.1531546731646785
-1.404	1.152744217054167
-1.403	1.1523336147355026
-1.402	1.1519228660523408
-1.401	1.1515119708480108
-1.4	1.1511009289655998
-1.399	1.1506897402479328
-1.398	1.1502784045375385
-1.397	1.1498669216765995
-1.396	1.1494552915070981
-1.395	1.1490435138707273
-1.394	1.148631588608888
-1.393	1.148219515562647
-1.392	1.147807294572841
-1.391	1.147394925480018
-1.39	1.1469824081244018
-1.389	1.1465697423459327
-1.388	1.1461569279843664
-1.387	1.145743964878999
-1.386	1.1453308528689612
-1.385	1.1449175917930579
-1.384	1.1445041814898045
-1.383	1.144090621797391
-1.382	1.1436769125537716
-1.381	1.1432630535965689
-1.38	1.142849044763139
-1.379	1.1424348858905193
-1.378	1.1420205768154577
-1.377	1.141606117374405
-1.376	1.141191507403508
-1.375	1.140776746738643
-1.3739999999999999	1.1403618352153786
-1.373	1.1399467726689738
-1.3719999999999999	1.139531558934339
-1.371	1.1391161938462193
-1.3699999999999999	1.1387006772389152
-1.369	1.1382850089464727
-1.3679999999999999	1.1378691888026975
-1.367	1.1374532166409892
-1.3659999999999999	1.137037092294537
-1.365	1.1366208155961488
-1.3639999999999999	1.1362043863783535
-1.363	1.135787804473408
-1.3619999999999999	1.135371069713187
-1.361	1.13495418192935
-1.3599999999999999	1.1345371409531648
-1.359	1.1341199466156147
-1.3579999999999999	1.1337025987474174
-1.357	1.1332850971788613
-1.3559999999999999	1.1328674417401032
-1.355	1.1324496322608029
-1.3539999999999999	1.1320316685704368
-1.353	1.131613550498094
-1.3519999999999999	1.1311952778725576
-1.351	1.1307768505223592
-1.3499999999999999	1.1303582682755928
-1.349	1.129939530960168
-1.3479999999999999	1.1295206384035323
-1.347	1.1291015904329498
-1.3459999999999999	1.1286823868752638
-1.345	1.1282630275570928
-1.3439999999999999	1.127843512304633
-1.343	1.1274238409437745
-1.3419999999999999	1.1270040133001797
-1.341	1.1265840291990672
-1.3399999999999999	1.126163888465372
-1.339	1.125743590923752
-1.3379999999999999	1.125323136398464
-1.337	1.1249025247134559
-1.3359999999999999	1.1244817556923736
-1.335	1.12406082915852
-1.3339999999999999	1.123639744934842
-1.333	1.123218502843986
-1.3319999999999999	1.1227971027082426
-1.331	1.1223755443496188
-1.3299999999999998	1.1219538275897276
-1.329	1.1215319522498608
-1.3279999999999998	1.1211099181509914
-1.327	1.1206877251137175
-1.3259999999999998	1.1202653729583811
-1.325	1.1198428615048959
-1.3239999999999998	1.119420190572872
-1.323	1.1189973599815868
-1.3219999999999998	1.1185743695499644
-1.321	1.118151219096594
-1.3199999999999998	1.1177279084396947
-1.319	1.1173044373971834
-1.3179999999999998	1.116880805786608
-1.317	1.1164570134251774
-1.3159999999999998	1.1160330601297326
-1.315	1.1156089457168086
-1.3139999999999998	1.1151846700025538
-1.313	1.1147602328027846
-1.3119999999999998	1.1143356339329296
-1.311	1.1139108732081509
-1.3099999999999998	1.1134859504431696
-1.309	1.113060865452375
-1.3079999999999998	1.1126356180498667
-1.307	1.112210208049284
-1.3059999999999998	1.1117846352640075
-1.305	1.1113588995069679
-1.3039999999999998	1.1109330005908125
-1.303	1.1105069383278139
-1.302	1.1100807125298218
-1.301	1.1096543230084503
-1.3	1.1092277695748143
-1.299	1.108801052039743
-1.298	1.1083741702137018
-1.297	1.107947123906767
-1.296	1.1075199129286257
-1.295	1.1070925370886682
-1.294	1.106664996195888
-1.293	1.1062372900588198
-1.292	1.1058094184857887
-1.291	1.1053813812846558
-1.29	1.1049531782628752
-1.289	1.1045248092276274
-1.288	1.104096273985609
-1.287	1.1036675723432434
-1.286	1.1032387041065104
-1.285	1.1028096690810127
-1.284	1.102380467072049
-1.283	1.1019510978844342
-1.282	1.1015215613227016
-1.281	1.1010918571909025
-1.28	1.1006619852928052
-1.279	1.1002319454317147
-1.2779999999999998	1.0998017374105789
-1.277	1.0993713610320077
-1.2759999999999998	1.098940816098141
-1.275	1.0985101024107977
-1.2739999999999998	1.0980792197713862
-1.273	1.097648167980904
-1.2719999999999998	1.0972169468399628
-1.271	1.0967855561488395
-1.2699999999999998	1.0963539957073065
-1.269	1.0959222653148828
-1.2679999999999998	1.095490364770563
-1.267	1.095058293873028
-1.2659999999999998	1.0946260524205262
-1.265	1.0941936402109098
-1.2639999999999998	1.093761057041637
-1.263	1.0933283027097904
-1.2619999999999998	1.0928953770119842
-1.261	1.0924622797445007
-1.2599999999999998	1.0920290107031674
-1.259	1.091595569683423
-1.2579999999999998	1.0911619564803279
-1.257	1.09072817088853
-1.256	1.0902942127021773
-1.255	1.0898600817151471
-1.254	1.0894257777208107
-1.253	1.0889913005121428
-1.252	1.0885566498817514
-1.251	1.088121825621778
-1.25	1.0876868275239706
-1.2489999999999999	1.0872516553796363
-1.248	1.0868163089797243
-1.2469999999999999	1.086380788114713
-1.246	1.085945092574668
-1.2449999999999999	1.0855092221492137
-1.244	1.0850731766276156
-1.2429999999999999	1.0846369557986548
-1.242	1.0842005594507127
-1.2409999999999999	1.0837639873717424
-1.24	1.083327239349291
-1.2389999999999999	1.0828903151704334
-1.238	1.082453214621846
-1.2369999999999999	1.0820159374897431
-1.236	1.0815784835599311
-1.2349999999999999	1.081140852617817
-1.234	1.0807030444483035
-1.2329999999999999	1.0802650588358742
-1.2319999999999998	1.0798268955646355
-1.2309999999999999	1.0793885544181978
-1.2299999999999998	1.078950035179727
-1.2289999999999999	1.0785113376319881
-1.2279999999999998	1.0780724615572645
-1.2269999999999999	1.0776334067374171
-1.2259999999999998	1.0771941729538803
-1.2249999999999999	1.0767547599876
-1.2239999999999998	1.0763151676191043
-1.2229999999999999	1.075875395628449
-1.2219999999999998	1.075435443795291
-1.2209999999999999	1.0749953118987665
-1.2199999999999998	1.074554999717634
-1.2189999999999999	1.074114507030111
-1.2179999999999997	1.073673833614044
-1.2169999999999999	1.0732329792467705
-1.2159999999999997	1.0727919437051932
-1.2149999999999999	1.0723507267657488
-1.2139999999999997	1.0719093282044123
-1.2129999999999999	1.0714677477967092
-1.2119999999999997	1.0710259853176851
-1.2109999999999999	1.070584040541922
-1.21	1.070141913243535
-1.2089999999999999	1.0696996031962385
-1.208	1.0692571101731672
-1.2069999999999999	1.0688144339470285
-1.206	1.0683715742901112
-1.2049999999999998	1.0679285309741637
-1.204	1.067485303770515
-1.2029999999999998	1.0670418924499638
-1.202	1.066598296782864
-1.2009999999999998	1.0661545165391046
-1.2	1.0657105514880745
-1.1989999999999998	1.0652664013986808
-1.198	1.0648220660393388
-1.1969999999999998	1.0643775451780495
-1.196	1.0639328385822204
-1.1949999999999998	1.063487946018846
-1.194	1.063042867254406
-1.1929999999999998	1.06259760205493
-1.192	1.0621521501858997
-1.1909999999999998	1.0617065114123292
-1.19	1.061260685498759
-1.1889999999999998	1.0608146722092262
-1.188	1.0603684713072035
-1.187	1.0599220825558038
-1.186	1.0594755057175018
-1.185	1.0590287405543963
-1.184	1.058581786827938
-1.183	1.0581346442992106
-1.182	1.0576873127287372
-1.181	1.0572397918765184
-1.18	1.0567920815020666
-1.179	1.0563441813643641
-1.178	1.055896091221909
-1.177	1.055447810832705
-1.176	1.0549993399541655
-1.175	1.0545506783432788
-1.174	1.0541018257564312
-1.173	1.0536527819495594
-1.172	1.0532035466780656
-1.171	1.052754119696755
-1.17	1.052304500760006
-1.169	1.0518546896216567
-1.168	1.0514046860349586
-1.167	1.0509544897527197
-1.166	1.0505041005271187
-1.165	1.0500535181098976
-1.164	1.0496027422522256
-1.1629999999999998	1.0491517727046813
-1.162	1.0487006092174238
-1.1609999999999998	1.0482492515399748
-1.16	1.0477976994213707
-1.1589999999999998	1.047345952610102
-1.158	1.0468940108540807
-1.1569999999999998	1.046441873900699
-1.156	1.0459895414968186
-1.1549999999999998	1.0455370133887456
-1.154	1.0450842893221703
-1.1529999999999998	1.0446313690423377
-1.152	1.0441782522938896
-1.1509999999999998	1.0437249388209384
-1.15	1.0432714283669817
-1.1489999999999998	1.0428177206749565
-1.148	1.0423638154873651
-1.1469999999999998	1.0419097125460401
-1.146	1.0414554115922419
-1.1449999999999998	1.041000912366715
-1.144	1.040546214609609
-1.1429999999999998	1.0400913180605247
-1.142	1.039636222458517
-1.141	1.0391809275420083
-1.14	1.038725433048889
-1.139	1.0382697387164292
-1.138	1.0378138442813936
-1.137	1.037357749479922
-1.136	1.0369014540475803
-1.135	1.0364449577193675
-1.134	1.0359882602296515
-1.133	1.0355313613122719
-1.132	1.0350742607004682
-1.131	1.0346169581268565
-1.13	1.0341594533234701
-1.129	1.0337017460218212
-1.128	1.0332438359527267
-1.127	1.032785722846464
-1.126	1.0323274064326686
-1.125	1.031868886440462
-1.1239999999999999	1.0314101625982373
-1.123	1.0309512346339047
-1.1219999999999999	1.0304921022746685
-1.121	1.030032765247253
-1.1199999999999999	1.0295732232775912
-1.119	1.0291134760911937
-1.1179999999999999	1.028653523412817
-1.1169999999999998	1.0281933649666635
-1.1159999999999999	1.0277330004762968
-1.1149999999999998	1.0272724296647
-1.1139999999999999	1.026811652254187
-1.1129999999999998	1.0263506679664713
-1.1119999999999999	1.0258894765226363
-1.1109999999999998	1.025428077643148
-1.1099999999999999	1.0249664710478503
-1.1089999999999998	1.0245046564558937
-1.1079999999999999	1.0240426335858548
-1.1069999999999998	1.0235804021557084
-1.1059999999999999	1.0231179618826833
-1.1049999999999998	1.0226553124834923
-1.1039999999999999	1.022192453674083
-1.1029999999999998	1.0217293851698845
-1.1019999999999999	1.0212661066855764
-1.1009999999999998	1.0208026179352558
-1.0999999999999999	1.020338918632316
-1.0989999999999998	1.0198750084895554
-1.0979999999999999	1.0194108872191314
-1.0969999999999998	1.0189465545324121
-1.0959999999999999	1.0184820101402572
-1.095	1.0180172537528545
-1.0939999999999999	1.017552285079626
-1.093	1.0170871038294071
-1.0919999999999999	1.0166217097103722
-1.091	1.0161561024299788
-1.0899999999999999	1.015690281695049
-1.089	1.0152242472117268
-1.0879999999999999	1.0147579986855053
-1.087	1.0142915358211146
-1.0859999999999999	1.0138248583227287
-1.085	1.0133579658937368
-1.0839999999999999	1.0128908582368976
-1.083	1.0124235350542679
-1.0819999999999999	1.0119559960472124
-1.081	1.0114882409164239
-1.0799999999999998	1.0110202693618857
-1.079	1.010552081082888
-1.0779999999999998	1.0100836757780367
-1.077	1.0096150531452015
-1.0759999999999998	1.0091462128816577
-1.075	1.008677154683786
-1.0739999999999998	1.0082078782474484
-1.073	1.007738383267711
-1.072	1.0072686694389021
-1.071	1.0067987364547324
-1.07	1.0063285840080962
-1.069	1.0058582117912107
-1.068	1.005387619495608
-1.067	1.0049168068120675
-1.066	1.004445773430608
-1.065	1.0039745190405713
-1.064	1.0035030433305645
-1.063	1.003031345988434
-1.062	1.0025594267013496
-1.061	1.0020872851556286
-1.06	1.0016149210369742
-1.059	1.0011423340303054
-1.058	1.0006695238197674
-1.057	1.0001964900887765
-1.056	0.9997232325200303
-1.055	0.9992497507954551
-1.054	0.9987760445961678
-1.053	0.9983021136026187
-1.052	0.9978279574944503
-1.051	0.997353575950526
-1.05	0.9968789686490191
-1.049	0.996404135267263
-1.0479999999999998	0.9959290754818196
-1.047	0.9954537889685396
-1.0459999999999998	0.994978275402456
-1.045	0.9945025344578201
-1.0439999999999998	0.9940265658081392
-1.043	0.9935503691261123
-1.0419999999999998	0.9930739440836581
-1.041	0.9925972903518876
-1.0399999999999998	0.9921204076011741
-1.039	0.9916432955010307
-1.0379999999999998	0.991165953720216
-1.037	0.9906883819267264
-1.0359999999999998	0.9902105797876481
-1.035	0.9897325469693597
-1.0339999999999998	0.9892542831374325
-1.033	0.9887757879565944
-1.0319999999999998	0.9882970610907177
-1.031	0.9878181022029608
-1.0299999999999998	0.9873389109555764
-1.029	0.986859487010071
-1.0279999999999998	0.986379830027086
-1.027	0.9858999396664304
-1.026	0.9854198155870744
-1.025	0.9849394574472313
-1.024	0.9844588649042024
-1.023	0.983978037614475
-1.022	0.983496975233738
-1.021	0.9830156774167353
-1.02	0.9825341438174632
-1.019	0.9820523740890461
-1.018	0.9815703678837291
-1.017	0.9810881248529323
-1.016	0.9806056446472196
-1.015	0.980122926916238
-1.014	0.9796399713088335
-1.013	0.9791567774729957
-1.012	0.97867334505578
-1.011	0.9781896737034372
-1.01	0.9777057630612817
-1.009	0.9772216127737928
-1.008	0.9767372224845613
-1.007	0.9762525918363002
-1.006	0.9757677204707677
-1.005	0.9752826080289494
-1.004	0.9747972541508305
-1.003	0.9743116584755576
-1.002	0.9738258206413716
-1.001	0.9733397402855894
-1.	0.9728534170446319
-0.999	0.9723668505540272
-0.998	0.9718800404483676
-0.997	0.9713929863613269
-0.996	0.970905687925694
-0.995	0.9704181447732748
-0.994	0.9699303565350345
-0.993	0.9694423228409528
-0.992	0.9689540433200425
-0.991	0.968465517600469
-0.99	0.9679767453093966
-0.989	0.9674877260731068
-0.988	0.9669984595168105
-0.987	0.9665089452649395
-0.986	0.9660191829408474
-0.985	0.9655291721669592
-0.984	0.9650389125648027
-0.983	0.964548403754871
-0.982	0.9640576453567208
-0.981	0.9635666369889394
-0.9800000000000001	0.9630753782691255
-0.9790000000000001	0.9625838688139239
-0.9780000000000001	0.962092108238999
-0.9770000000000001	0.9616000961589952
-0.9760000000000001	0.9611078321876364
-0.9750000000000001	0.9606153159376144
-0.9740000000000001	0.9601225470206131
-0.9730000000000001	0.9596295250473366
-0.9720000000000001	0.9591362496275135
-0.9710000000000001	0.9586427203698332
-0.9700000000000001	0.9581489368819752
-0.9690000000000001	0.9576548987706427
-0.9680000000000001	0.9571606056414775
-0.9670000000000001	0.9566660570991733
-0.9660000000000001	0.9561712527472802
-0.9650000000000001	0.9556761921884543
-0.9640000000000001	0.9551808750242409
-0.9630000000000001	0.9546853008552003
-0.9620000000000001	0.9541894692807654
-0.9610000000000001	0.953693379899473
-0.9600000000000001	0.953197032308689
-0.9590000000000001	0.9527004261047507
-0.9580000000000001	0.9522035608830242
-0.957	0.9517064362377013
-0.956	0.9512090517620204
-0.955	0.9507114070480672
-0.954	0.9502135016869709
-0.953	0.9497153352686334
-0.952	0.9492169073820255
-0.951	0.9487182176149058
-0.95	0.9482192655540861
-0.949	0.9477200507852127
-0.948	0.9472205728928497
-0.947	0.9467208314604149
-0.946	0.9462208260703632
-0.945	0.9457205563039025
-0.944	0.9452200217411725
-0.943	0.9447192219612769
-0.942	0.9442181565421063
-0.941	0.9437168250604546
-0.94	0.9432152270920152
-0.939	0.9427133622113577
-0.938	0.9422112299919215
-0.9369999999999999	0.9417088300059099
-0.9359999999999999	0.9412061618245208
-0.9349999999999999	0.9407032250177405
-0.934	0.9402000191543851
-0.933	0.9396965438021847
-0.932	0.9391927985276239
-0.931	0.9386887828961326
-0.93	0.9381844964718119
-0.929	0.9376799388177562
-0.928	0.9371751094958417
-0.927	0.9366700080666585
-0.926	0.9361646340897061
-0.925	0.9356589871233285
-0.924	0.9351530667245913
-0.923	0.934646872449378
-0.922	0.9341404038523983
-0.921	0.9336336604871756
-0.92	0.9331266419059199
-0.919	0.9326193476597409
-0.918	0.9321117772984148
-0.917	0.9316039303706005
-0.916	0.931095806423692
-0.915	0.9305874050037809
-0.914	0.930078725655774
-0.913	0.9295697679233519
-0.912	0.9290605313488882
-0.911	0.9285510154735933
-0.91	0.9280412198372857
-0.909	0.9275311439785895
-0.908	0.9270207874349654
-0.907	0.9265101497423477
-0.906	0.9259992304356449
-0.905	0.9254880290483273
-0.904	0.9249765451126071
-0.903	0.9244647781594688
-0.902	0.923952727718521
-0.901	0.9234403933180738
-0.9	0.9229277744851675
-0.899	0.9224148707454874
-0.898	0.9219016816234568
-0.897	0.921388206642083
-0.896	0.9208744453231548
-0.895	0.9203603971870205
-0.894	0.9198460617527613
-0.893	0.9193314385380693
-0.892	0.9188165270592955
-0.891	0.9183013268314809
-0.89	0.9177858373682006
-0.889	0.9172700581818084
-0.888	0.9167539887831507
-0.887	0.9162376286817329
-0.886	0.9157209773857482
-0.885	0.9152040344019127
-0.884	0.9146867992355919
-0.883	0.9141692713907336
-0.882	0.9136514503699088
-0.881	0.9131333356742358
-0.88	0.912614926803437
-0.879	0.9120962232558342
-0.878	0.9115772245282909
-0.877	0.9110579301162496
-0.876	0.9105383395137184
-0.875	0.9100184522132301
-0.874	0.9094982677059077
-0.873	0.9089777854813862
-0.872	0.9084570050278677
-0.871	0.9079359258320884
-0.87	0.9074145473792559
-0.869	0.9068928691531342
-0.868	0.9063708906360142
-0.867	0.905848611308714
-0.866	0.9053260306504682
-0.8650000000000001	0.9048031481390877
-0.8640000000000001	0.9042799632508411
-0.8630000000000001	0.9037564754604529
-0.8620000000000001	0.9032326842412205
-0.8610000000000001	0.9027085890647988
-0.8600000000000001	0.902184189401393
-0.8590000000000001	0.9016594847195983
-0.8580000000000001	0.9011344744865266
-0.8570000000000001	0.9006091581676968
-0.8560000000000001	0.9000835352270712
-0.8550000000000001	0.8995576051270481
-0.8540000000000001	0.899031367328452
-0.8530000000000001	0.8985048212905572
-0.8520000000000001	0.8979779664710112
-0.8510000000000001	0.8974508023258662
-0.8500000000000001	0.8969233283096353
-0.8490000000000001	0.8963955438751716
-0.8480000000000001	0.8958674484736882
-0.8470000000000001	0.8953390415548697
-0.8460000000000001	0.8948103225666935
-0.8450000000000001	0.894281290955552
-0.8440000000000001	0.8937519461662076
-0.8430000000000001	0.8932222876417053
-0.8420000000000001	0.8926923148235087
-0.8410000000000001	0.8921620271514012
-0.8400000000000001	0.8916314240634977
-0.8390000000000001	0.8911005049962476
-0.8380000000000001	0.8905692693843583
-0.8370000000000001	0.8900377166609849
-0.8360000000000001	0.889505846257438
-0.8350000000000001	0.8889736576034252
-0.8340000000000001	0.8884411501269119
-0.8330000000000001	0.8879083232541523
-0.8320000000000001	0.887375176409671
-0.8310000000000001	0.886841709016235
-0.8300000000000001	0.8863079204949691
-0.8290000000000001	0.8857738102651449
-0.8280000000000001	0.8852393777443378
-0.8270000000000001	0.8847046223483599
-0.8260000000000001	0.884169543491236
-0.8250000000000001	0.8836341405852173
-0.8240000000000001	0.8830984130408208
-0.8230000000000001	0.8825623602667132
-0.8220000000000001	0.8820259816697825
-0.8210000000000001	0.881489276655114
-0.8200000000000001	0.8809522446259949
-0.8190000000000001	0.8804148849838744
-0.8180000000000001	0.8798771971283939
-0.8170000000000001	0.8793391804573163
-0.8160000000000001	0.8788008343665659
-0.8150000000000001	0.8782621582503162
-0.8140000000000001	0.8777231515007116
-0.8130000000000001	0.8771838135081959
-0.812	0.8766441436612077
-0.811	0.8761041413463506
-0.81	0.8755638059483957
-0.809	0.8750231368500836
-0.808	0.874482133432353
-0.807	0.8739407950742037
-0.806	0.8733991211526689
-0.805	0.8728571110428881
-0.804	0.8723147641180669
-0.803	0.8717720797494212
-0.802	0.8712290573062333
-0.801	0.8706856961558096
-0.8	0.870141995663493
-0.799	0.8695979551926317
-0.798	0.8690535741045927
-0.797	0.8685088517586861
-0.796	0.8679637875122914
-0.795	0.8674183807207297
-0.794	0.8668726307372927
-0.793	0.866326536913207
-0.792	0.8657800985977452
-0.791	0.8652333151380144
-0.79	0.8646861858790635
-0.789	0.8641387101640113
-0.788	0.8635908873337104
-0.787	0.8630427167270316
-0.786	0.862494197680691
-0.785	0.8619453295293406
-0.784	0.861396111605465
-0.783	0.8608465432394528
-0.782	0.8602966237595052
-0.781	0.8597463524917621
-0.78	0.8591957287601275
-0.779	0.8586447518863611
-0.778	0.8580934211900318
-0.777	0.8575417359885382
-0.776	0.8569896955970865
-0.775	0.8564372993286662
-0.774	0.8558845464939917
-0.773	0.8553314364017007
-0.772	0.8547779683580394
-0.771	0.854224141667029
-0.77	0.8536699556305354
-0.769	0.8531154095480448
-0.768	0.8525605027168344
-0.767	0.8520052344318423
-0.766	0.8514496039857284
-0.765	0.8508936106688514
-0.764	0.8503372537692302
-0.763	0.8497805325725781
-0.762	0.8492234463622326
-0.761	0.848665994419224
-0.76	0.8481081760221422
-0.759	0.84754999044728
-0.758	0.8469914369685276
-0.757	0.846432514857341
-0.756	0.8458732233828061
-0.755	0.8453135618115524
-0.754	0.8447535294078441
-0.753	0.8441931254334568
-0.752	0.8436323491476899
-0.751	0.8430711998074288
-0.7500000000000001	0.8425096766670441
-0.7490000000000001	0.8419477789784687
-0.7480000000000001	0.8413855059910906
-0.7470000000000001	0.8408228569518031
-0.7460000000000001	0.8402598311049582
-0.7450000000000001	0.8396964276924193
-0.7440000000000001	0.8391326459534928
-0.7430000000000001	0.8385684851248387
-0.7420000000000001	0.8380039444406657
-0.7410000000000001	0.8374390231325473
-0.7400000000000001	0.8368737204294758
-0.7390000000000001	0.836308035557804
-0.7380000000000001	0.8357419677413244
-0.7370000000000001	0.8351755162011104
-0.7360000000000001	0.8346086801556892
-0.7350000000000001	0.834041458820874
-0.7340000000000001	0.8334738514098322
-0.7330000000000001	0.8329058571329904
-0.7320000000000001	0.8323374751981643
-0.7310000000000001	0.831768704810435
-0.7300000000000001	0.8311995451721064
-0.7290000000000001	0.8306299954828356
-0.7280000000000001	0.8300600549394922
-0.7270000000000001	0.8294897227361627
-0.7260000000000001	0.828918998064168
-0.7250000000000001	0.8283478801120663
-0.7240000000000001	0.8277763680656423
-0.7230000000000001	0.8272044611077883
-0.7220000000000001	0.8266321584186276
-0.7210000000000001	0.8260594591754036
-0.7200000000000001	0.8254863625525337
-0.7190000000000001	0.8249128677215728
-0.7180000000000001	0.824338973851153
-0.7170000000000001	0.8237646801070582
-0.7160000000000001	0.823189985652126
-0.7150000000000001	0.8226148896462583
-0.7140000000000001	0.8220393912464498
-0.7130000000000001	0.8214634896067569
-0.7120000000000001	0.8208871838782154
-0.7110000000000001	0.820310473208872
-0.7100000000000001	0.819733356743881
-0.7090000000000001	0.819155833625229
-0.7080000000000001	0.8185779029919966
-0.7070000000000001	0.8179995639801582
-0.7060000000000001	0.8174208157226793
-0.7050000000000001	0.816841657349393
-0.7040000000000001	0.8162620879870667
-0.7030000000000001	0.815682106759425
-0.7020000000000001	0.8151017127869493
-0.7010000000000001	0.814520905187105
-0.7000000000000001	0.8139396830741472
-0.6990000000000001	0.8133580455591698
-0.6980000000000001	0.812775991750117
-0.6970000000000001	0.8121935207516713
-0.6960000000000001	0.8116106316653874
-0.6950000000000001	0.8110273235894797
-0.6940000000000001	0.8104435956190427
-0.6930000000000001	0.8098594468457896
-0.6920000000000001	0.8092748763582466
-0.6910000000000001	0.8086898832415914
-0.6900000000000001	0.8081044665776896
-0.6890000000000001	0.8075186254451215
-0.6880000000000001	0.8069323589190663
-0.687	0.8063456660713633
-0.686	0.8057585459704838
-0.685	0.8051709976814766
-0.684	0.8045830202660001
-0.683	0.8039946127822514
-0.682	0.8034057742849955
-0.681	0.802816503825554
-0.68	0.8022268004517044
-0.679	0.8016366632077363
-0.678	0.8010460911344749
-0.677	0.8004550832691423
-0.676	0.7998636386454056
-0.675	0.7992717562933964
-0.674	0.7986794352396271
-0.673	0.7980866745069618
-0.672	0.7974934731146841
-0.671	0.7968998300783924
-0.67	0.7963057444100659
-0.669	0.7957112151179088
-0.668	0.7951162412064624
-0.667	0.7945208216765881
-0.666	0.7939249555252893
-0.665	0.7933286417458971
-0.664	0.7927318793278854
-0.663	0.7921346672569822
-0.662	0.7915370045150316
-0.661	0.7909388900800759
-0.66	0.7903403229262485
-0.659	0.7897413020238135
-0.658	0.7891418263391332
-0.657	0.7885418948346276
-0.656	0.7879415064687504
-0.655	0.787340660195986
-0.654	0.7867393549668567
-0.653	0.7861375897278557
-0.652	0.785535363421412
-0.651	0.7849326749859142
-0.65	0.7843295233556755
-0.649	0.7837259074609113
-0.648	0.7831218262276562
-0.647	0.7825172785778968
-0.646	0.7819122634293595
-0.645	0.7813067796956165
-0.644	0.7807008262860441
-0.643	0.7800944021057206
-0.642	0.7794875060555554
-0.641	0.7788801370320599
-0.64	0.7782722939275276
-0.639	0.7776639756298872
-0.638	0.777055181022699
-0.637	0.7764459089851633
-0.636	0.7758361583921177
-0.635	0.775225928113867
-0.634	0.7746152170163249
-0.633	0.7740040239609742
-0.632	0.7733923478047122
-0.631	0.7727801873999544
-0.63	0.7721675415945738
-0.629	0.771554409231812
-0.628	0.7709407891504092
-0.627	0.7703266801843346
-0.626	0.7697120811630666
-0.625	0.7690969909112642
-0.624	0.7684814082489471
-0.623	0.7678653319914281
-0.622	0.7672487609491739
-0.621	0.7666316939279587
-0.62	0.7660141297286694
-0.619	0.7653960671473892
-0.618	0.7647775049753467
-0.617	0.7641584419988502
-0.616	0.7635388769992878
-0.615	0.7629188087531051
-0.614	0.7622982360317356
-0.613	0.7616771576016941
-0.6120000000000001	0.761055572224354
-0.6110000000000001	0.76043347865608
-0.6100000000000001	0.7598108756481384
-0.6090000000000001	0.7591877619466347
-0.6080000000000001	0.7585641362925926
-0.6070000000000001	0.7579399974217651
-0.6060000000000001	0.7573153440647865
-0.6050000000000001	0.7566901749469598
-0.6040000000000001	0.7560644887883933
-0.6030000000000001	0.7554382843038369
-0.6020000000000001	0.7548115602027127
-0.6010000000000001	0.7541843151890839
-0.6000000000000001	0.7535565479616689
-0.5990000000000001	0.7529282572136556
-0.5980000000000001	0.7522994416328468
-0.5970000000000001	0.7516700999015226
-0.5960000000000001	0.7510402306964599
-0.5950000000000001	0.750409832688867
-0.5940000000000001	0.7497789045443534
-0.5930000000000001	0.7491474449229193
-0.5920000000000001	0.7485154524789067
-0.5910000000000001	0.7478829258609497
-0.5900000000000001	0.7472498637119984
-0.5890000000000001	0.7466162646692098
-0.5880000000000001	0.7459821273639682
-0.5870000000000001	0.7453474504218426
-0.5860000000000001	0.744712232462488
-0.5850000000000001	0.7440764720997332
-0.5840000000000001	0.7434401679414385
-0.5830000000000001	0.7428033185894755
-0.5820000000000001	0.7421659226397727
-0.5810000000000001	0.7415279786821851
-0.5800000000000001	0.7408894853004799
-0.5790000000000001	0.7402504410723563
-0.5780000000000001	0.7396108445692866
-0.5770000000000001	0.7389706943566466
-0.5760000000000001	0.7383299889935495
-0.5750000000000001	0.7376887270328355
-0.5740000000000001	0.7370469070210489
-0.5730000000000001	0.7364045274984289
-0.5720000000000001	0.7357615869987743
-0.5710000000000001	0.7351180840495365
-0.5700000000000001	0.734474017171664
-0.5690000000000001	0.7338293848796258
-0.5680000000000001	0.7331841856813825
-0.5670000000000001	0.7325384180782534
-0.5660000000000001	0.7318920805650296
-0.5650000000000001	0.7312451716297531
-0.5640000000000001	0.7305976897538211
-0.5630000000000001	0.7299496334119037
-0.562	0.7293010010718574
-0.561	0.7286517911947086
-0.56	0.7280020022346361
-0.559	0.7273516326389223
-0.558	0.7267006808478552
-0.557	0.7260491452947638
-0.556	0.7253970244059315
-0.555	0.7247443166005315
-0.554	0.7240910202906206
-0.553	0.7234371338811071
-0.552	0.7227826557696067
-0.551	0.7221275843465489
-0.55	0.7214719179950196
-0.549	0.7208156550907406
-0.548	0.72015879400201
-0.547	0.7195013330897213
-0.546	0.7188432707072223
-0.545	0.7181846052002971
-0.544	0.7175253349072314
-0.543	0.7168654581585087
-0.542	0.7162049732770616
-0.541	0.7155438785779976
-0.54	0.7148821723686258
-0.539	0.7142198529484636
-0.538	0.7135569186090611
-0.537	0.7128933676340503
-0.536	0.7122291982991042
-0.535	0.7115644088717583
-0.534	0.7108989976114881
-0.533	0.7102329627696293
-0.532	0.7095663025892672
-0.531	0.7088990153052094
-0.53	0.7082310991439916
-0.529	0.7075625523237328
-0.528	0.7068933730541376
-0.527	0.7062235595364056
-0.526	0.7055531099632256
-0.525	0.7048820225186129
-0.524	0.7042102953780076
-0.523	0.7035379267080804
-0.522	0.7028649146667334
-0.521	0.7021912574030517
-0.52	0.7015169530571945
-0.519	0.7008419997604157
-0.518	0.7001663956349061
-0.517	0.6994901387937711
-0.516	0.6988132273410528
-0.515	0.6981356593715294
-0.514	0.6974574329707464
-0.513	0.6967785462148901
-0.512	0.6960989971707681
-0.511	0.6954187838957804
-0.51	0.6947379044377638
-0.509	0.6940563568349654
-0.508	0.6933741391160223
-0.507	0.6926912492998191
-0.506	0.6920076853954621
-0.505	0.6913234454022303
-0.504	0.6906385273094573
-0.503	0.6899529290964976
-0.502	0.6892666487326458
-0.501	0.6885796841770764
-0.5	0.6878920333787335
-0.499	0.687203694276356
-0.498	0.6865146647982647
-0.4970000000000001	0.6858249428623908
-0.4960000000000001	0.6851345263761943
-0.4950000000000001	0.6844434132365655
-0.4940000000000001	0.6837516013297272
-0.4930000000000001	0.6830590885312265
-0.4920000000000001	0.6823658727058207
-0.4910000000000001	0.6816719517073504
-0.4900000000000001	0.6809773233787495
-0.4890000000000001	0.6802819855519465
-0.4880000000000001	0.6795859360477141
-0.4870000000000001	0.678889172675688
-0.4860000000000001	0.6781916932342523
-0.4850000000000001	0.6774934955103703
-0.4840000000000001	0.6767945772796574
-0.4830000000000001	0.6760949363061983
-0.4820000000000001	0.6753945703424807
-0.4810000000000001	0.6746934771293156
-0.4800000000000001	0.6739916543957342
-0.4790000000000001	0.6732890998589574
-0.4780000000000001	0.6725858112242566
-0.4770000000000001	0.6718817861848702
-0.4760000000000001	0.6711770224219448
-0.4750000000000001	0.6704715176043944
-0.4740000000000001	0.6697652693888848
-0.4730000000000001	0.6690582754196855
-0.4720000000000001	0.6683505333285704
-0.4710000000000001	0.6676420407347796
-0.4700000000000001	0.6669327952449094
-0.4690000000000001	0.6662227944527356
-0.4680000000000001	0.6655120359392538
-0.4670000000000001	0.6648005172724922
-0.4660000000000001	0.6640882360074093
-0.4650000000000001	0.6633751896858684
-0.4640000000000001	0.6626613758364682
-0.4630000000000001	0.6619467919744841
-0.4620000000000001	0.6612314356017244
-0.4610000000000001	0.6605153042064742
-0.4600000000000001	0.6597983952633777
-0.4590000000000001	0.6590807062333196
-0.4580000000000001	0.658362234563335
-0.4570000000000001	0.6576429776864977
-0.45600000000000007	0.6569229330217967
-0.45500000000000007	0.6562020979740975
-0.45400000000000007	0.6554804699339049
-0.45300000000000007	0.654758046277389
-0.45200000000000007	0.6540348243661795
-0.45100000000000007	0.6533108015473071
-0.45000000000000007	0.6525859751530688
-0.44900000000000007	0.6518603425008845
-0.44800000000000006	0.6511339008932471
-0.44700000000000006	0.6504066476175435
-0.44600000000000006	0.6496785799459712
-0.44500000000000006	0.6489496951354027
-0.44400000000000006	0.6482199904272816
-0.44300000000000006	0.6474894630474775
-0.44200000000000006	0.6467581102061742
-0.44100000000000006	0.6460259290977592
-0.44000000000000006	0.6452929169006693
-0.43900000000000006	0.6445590707772868
-0.43800000000000006	0.6438243878738188
-0.43700000000000006	0.6430888653201215
-0.43600000000000005	0.6423525002295966
-0.43500000000000005	0.6416152896991036
-0.43400000000000005	0.640877230808753
-0.43300000000000005	0.640138320621805
-0.43200000000000005	0.6393985561845229
-0.43100000000000005	0.6386579345260774
-0.43000000000000005	0.6379164526583324
-0.42900000000000005	0.6371741075757666
-0.42800000000000005	0.6364308962552938
-0.42700000000000005	0.6356868156561453
-0.42600000000000005	0.6349418627197237
-0.42500000000000004	0.6341960343694083
-0.42400000000000004	0.6334493275104913
-0.42300000000000004	0.6327017390299441
-0.42200000000000004	0.6319532657963115
-0.42100000000000004	0.631203904659547
-0.42000000000000004	0.6304536524508729
-0.41900000000000004	0.6297025059826066
-0.41800000000000004	0.628950462047985
-0.41700000000000004	0.6281975174210439
-0.41600000000000004	0.6274436688564327
-0.41500000000000004	0.6266889130892587
-0.41400000000000003	0.6259332468349322
-0.41300000000000003	0.6251766667889426
-0.41200000000000003	0.6244191696267932
-0.41100000000000003	0.6236607520037207
-0.41000000000000003	0.6229014105546028
-0.40900000000000003	0.6221411418937292
-0.40800000000000003	0.6213799426146668
-0.40700000000000003	0.620617809290072
-0.406	0.6198547384714899
-0.405	0.6190907266891525
-0.404	0.6183257704518946
-0.403	0.6175598662468464
-0.402	0.6167930105393061
-0.401	0.6160251997725559
-0.4	0.6152564303676483
-0.399	0.6144866987231872
-0.398	0.6137160012152261
-0.397	0.6129443341969251
-0.396	0.6121716939984736
-0.395	0.6113980769268453
-0.394	0.6106234792655495
-0.393	0.6098478972744813
-0.392	0.6090713271897
-0.391	0.6082937652231716
-0.39	0.6075152075626029
-0.389	0.6067356503712166
-0.388	0.6059550897874862
-0.387	0.6051735219249926
-0.386	0.6043909428720943
-0.385	0.6036073486917909
-0.384	0.6028227354214296
-0.383	0.602037099072543
-0.382	0.6012504356305052
-0.381	0.6004627410543919
-0.38	0.5996740112766871
-0.379	0.5988842422030541
-0.378	0.598093429712064
-0.377	0.5973015696549528
-0.376	0.5965086578554424
-0.375	0.5957146901093299
-0.374	0.5949196621843621
-0.373	0.5941235698199124
-0.372	0.5933264087267188
-0.371	0.592528174586646
-0.37	0.5917288630523262
-0.369	0.5909284697470005
-0.368	0.590126990264168
-0.367	0.5893244201672945
-0.366	0.5885207549895342
-0.365	0.5877159902334934
-0.364	0.5869101213708388
-0.363	0.5861031438421104
-0.362	0.5852950530563075
-0.361	0.5844858443906686
-0.36	0.5836755131903166
-0.359	0.5828640547679967
-0.358	0.5820514644036658
-0.357	0.5812377373442618
-0.356	0.5804228688033386
-0.355	0.5796068539607592
-0.354	0.5787896879623234
-0.353	0.5779713659194589
-0.352	0.5771518829088917
-0.351	0.5763312339722513
-0.35	0.5755094141157903
-0.349	0.5746864183099446
-0.348	0.5738622414890526
-0.347	0.5730368785509228
-0.346	0.572210324356534
-0.345	0.5713825737295957
-0.344	0.5705536214562117
-0.34299999999999997	0.5697234622844769
-0.34199999999999997	0.5688920909240911
-0.34099999999999997	0.5680595020459873
-0.33999999999999997	0.5672256902818655
-0.33899999999999997	0.5663906502238697
-0.33799999999999997	0.5655543764241544
-0.33699999999999997	0.5647168633943985
-0.3360000000000001	0.5638781056055071
-0.3350000000000001	0.5630380974870712
-0.3340000000000001	0.5621968334270067
-0.3330000000000001	0.5613543077710865
-0.3320000000000001	0.5605105148224871
-0.33100000000000007	0.5596654488413928
-0.33000000000000007	0.5588191040444448
-0.32900000000000007	0.5579714746043525
-0.32800000000000007	0.5571225546494315
-0.32700000000000007	0.5562723382630389
-0.32600000000000007	0.5554208194832133
-0.32500000000000007	0.5545679923020842
-0.32400000000000007	0.5537138506654319
-0.32300000000000006	0.5528583884721564
-0.32200000000000006	0.5520015995737942
-0.32100000000000006	0.5511434777739669
-0.32000000000000006	0.5502840168278952
-0.31900000000000006	0.549423210441819
-0.31800000000000006	0.5485610522725268
-0.31700000000000006	0.5476975359267362
-0.31600000000000006	0.5468326549605951
-0.31500000000000006	0.5459664028790632
-0.31400000000000006	0.5450987731354241
-0.31300000000000006	0.5442297591305941
-0.31200000000000006	0.5433593542126568
-0.31100000000000005	0.5424875516761714
-0.31000000000000005	0.5416143447615893
-0.30900000000000005	0.5407397266546967
-0.30800000000000005	0.5398636904859296
-0.30700000000000005	0.5389862293297497
-0.30600000000000005	0.5381073362040419
-0.30500000000000005	0.537227004069428
-0.30400000000000005	0.5363452258285977
-0.30300000000000005	0.5354619943257214
-0.30200000000000005	0.5345773023456255
-0.30100000000000005	0.5336911426132324
-0.30000000000000004	0.5328035077928182
-0.29900000000000004	0.531914390487267
-0.29800000000000004	0.5310237832374118
-0.29700000000000004	0.5301316785212393
-0.29600000000000004	0.5292380687531912
-0.29500000000000004	0.5283429462833795
-0.29400000000000004	0.5274463033968713
-0.29300000000000004	0.5265481323128054
-0.29200000000000004	0.5256484251837397
-0.29100000000000004	0.524747174094736
-0.29000000000000004	0.5238443710625853
-0.28900000000000003	0.5229400080350275
-0.28800000000000003	0.5220340768897924
-0.28700000000000003	0.521126569433852
-0.28600000000000003	0.5202174774025541
-0.28500000000000003	0.519306792458631
-0.28400000000000003	0.5183945061914217
-0.28300000000000003	0.5174806101159338
-0.28200000000000003	0.5165650956718505
-0.281	0.5156479542226974
-0.28	0.5147291770547961
-0.279	0.513808755376375
-0.278	0.5128866803164901
-0.277	0.5119629429241122
-0.276	0.5110375341670698
-0.275	0.5101104449310168
-0.274	0.5091816660183597
-0.273	0.5082511881472485
-0.272	0.5073190019504342
-0.271	0.5063850979741567
-0.27	0.5054494666770883
-0.269	0.5045120984291185
-0.268	0.5035729835102817
-0.267	0.5026321121094289
-0.266	0.5016894743231899
-0.265	0.5007450601546334
-0.264	0.4997988595121171
-0.263	0.4988508622079389
-0.262	0.49790105795710005
-0.261	0.4969494363759835
-0.26	0.4959959869810398
-0.259	0.4950406991874014
-0.258	0.49408356230755296
-0.257	0.4931245655498701
-0.256	0.4921636980172455
-0.255	0.4912009487056272
-0.254	0.490236306502485
-0.253	0.48926976018540363
-0.252	0.4883012984204792
-0.251	0.4873309097607784
-0.25	0.4863585826447535
-0.24900000000000003	0.48538430539465344
-0.24800000000000003	0.4844080662148434
-0.24700000000000003	0.4834298531901501
-0.24600000000000002	0.4824496542841392
-0.24500000000000002	0.4814674573373764
-0.244	0.4804832500657139
-0.243	0.4794970200584216
-0.242	0.4785087547763684
-0.241	0.4775184415501796
-0.24	0.476526067578285
-0.239	0.4755316199250435
-0.238	0.47453508551870294
-0.237	0.4735364511494076
-0.23600000000000002	0.4725357034671487
-0.23500000000000001	0.47153282897969695
-0.234	0.4705278140503873
-0.233	0.46952064489602335
-0.232	0.46851130758462783
-0.231	0.46749978803318915
-0.23	0.4664860720053421
-0.229	0.4654701451090255
-0.228	0.4644519927940886
-0.227	0.463431600349855
-0.226	0.4624089529025633
-0.225	0.4613840354129425
-0.224	0.4603568326734786
-0.223	0.45932732930589776
-0.222	0.4582955097583267
-0.22099999999999997	0.45726135830268116
-0.21999999999999997	0.4562248590317141
-0.21899999999999997	0.4551859958562431
-0.21799999999999997	0.45414475250216035
-0.21699999999999997	0.45310111250746943
-0.21599999999999997	0.452055059219216
-0.21499999999999997	0.4510065757903511
-0.21399999999999997	0.44995564517658854
-0.213	0.4489022501331054
-0.212	0.4478463732112492
-0.211	0.44678799675509184
-0.21	0.4457271028980547
-0.209	0.4446636735592712
-0.208	0.4435976904400114
-0.207	0.44252913501996993
-0.206	0.4414579885535075
-0.205	0.4403842320657308
-0.204	0.43930784634861647
-0.20299999999999999	0.43822881195690205
-0.20199999999999999	0.43714710920400834
-0.20099999999999998	0.43606271815779113
-0.19999999999999998	0.43497561863623635
-0.19899999999999998	0.43388579020299595
-0.198	0.43279321216296873
-0.197	0.4316978635575754
-0.196	0.4305997231600973
-0.195	0.4294987694708137
-0.194	0.42839498071201637
-0.193	0.4272883348230333
-0.192	0.42617880945494785
-0.191	0.4250663819653441
-0.19000000000000003	0.42395102941282686
-0.18900000000000003	0.42283272855151377
-0.18800000000000003	0.42171145582525355
-0.18700000000000003	0.42058718736187706
-0.18600000000000003	0.41945989896714514
-0.18500000000000003	0.41832956611860683
-0.18400000000000002	0.41719616395940556
-0.18300000000000002	0.41605966729176225
-0.18200000000000002	0.4149200505704158
-0.18100000000000002	0.4137772878958135
-0.18000000000000002	0.4126313530072687
-0.17900000000000002	0.41148221927576195
-0.17800000000000002	0.41032985969666846
-0.17700000000000002	0.40917424688234505
-0.17600000000000002	0.4080153530543731
-0.175	0.4068531500357375
-0.174	0.40568760924273467
-0.173	0.40451870167670134
-0.172	0.4033463979154842
-0.17099999999999999	0.4021706681047243
-0.16999999999999998	0.4009914819488872
-0.16899999999999998	0.3998088087020508
-0.16799999999999998	0.39862261715847325
-0.167	0.39743287564281554
-0.166	0.39623955200023203
-0.165	0.3950426135860718
-0.164	0.3938420272553743
-0.163	0.3926377593519719
-0.162	0.39142977569743004
-0.161	0.3902180415795021
-0.16	0.389002521740452
-0.159	0.3877831803648487
-0.158	0.3865599810671253
-0.157	0.3853328868787915
-0.156	0.3841018602351782
-0.155	0.38286686296181344
-0.154	0.38162785626054
-0.153	0.3803848006950052
-0.152	0.37913765617585465
-0.151	0.3778863819454103
-0.15	0.37663093656195534
-0.149	0.3753712778834511
-0.14800000000000002	0.37410736305082226
-0.14700000000000002	0.37283914847065974
-0.14600000000000002	0.37156658979747403
-0.14500000000000002	0.37028964191524155
-0.14400000000000002	0.36900825891857014
-0.14300000000000002	0.36772239409305246
-0.14200000000000002	0.3664319998950972
-0.14100000000000001	0.365137027931147
-0.14	0.36383742893608895
-0.139	0.36253315275107606
-0.138	0.3612241483005415
-0.137	0.3599103635684501
-0.136	0.3585917455738004
-0.135	0.35726824034522664
-0.134	0.35593979289477473
-0.133	0.35460634719077233
-0.132	0.35326784612973716
-0.131	0.35192423150731217
-0.13	0.35057544398818147
-0.129	0.3492214230748724
-0.128	0.3478621070755281
-0.127	0.3464974330704195
-0.126	0.3451273368772577
-0.125	0.3437517530152837
-0.12400000000000001	0.3423706146679756
-0.12300000000000001	0.34098385364433137
-0.12200000000000001	0.3395914003387885
-0.12100000000000001	0.3381931836895044
-0.12000000000000001	0.3367891311351239
-0.11900000000000001	0.33537916856979866
-0.11800000000000001	0.33396322029650366
-0.117	0.33254120897848444
-0.11600000000000002	0.3311130555887546
-0.11500000000000002	0.3296786793576035
-0.11400000000000002	0.3282379977179458
-0.11300000000000002	0.3267909262484286
-0.11200000000000002	0.32533737861419654
-0.11100000000000002	0.3238772665051903
-0.11000000000000001	0.3224104995718376
-0.10900000000000001	0.3209369853579609
-0.10800000000000001	0.3194566292309148
-0.10700000000000001	0.31796933430854035
-0.10599999999999998	0.3164750013830518
-0.105	0.31497352884143337
-0.104	0.3134648125823579
-0.103	0.3119487459293104
-0.102	0.3104252195396872
-0.10099999999999999	0.30889412130981975
-0.09999999999999999	0.30735533627541056
-0.09899999999999999	0.3058087465073601
-0.09799999999999999	0.3042542310025897
-0.09699999999999999	0.30269166556956756
-0.09599999999999999	0.30112092270826674
-0.09499999999999999	0.29954187148415334
-0.09399999999999999	0.29795437739592834
-0.093	0.2963583022364692
-0.092	0.29475350394675337
-0.091	0.2931398364621398
-0.09	0.2915171495505736
-0.089	0.28988528864222074
-0.088	0.2882440946499044
-0.087	0.28659340377969134
-0.086	0.284933047331122
-0.08499999999999999	0.28326285148610697
-0.08399999999999999	0.28158263708594955
-0.08299999999999999	0.2798922193954303
-0.082	0.2781914078531696
-0.081	0.27648000580720444
-0.08	0.27475781023460943
-0.079	0.2730246114441093
-0.078	0.27128019276016335
-0.077	0.2695243301873142
-0.076	0.2677567920529571
-0.075	0.26597733862706174
-0.074	0.2641857217167483
-0.073	0.26238168423366365
-0.072	0.2605649597319088
-0.071	0.2587352719139022
-0.07	0.25689233410131956
-0.069	0.2550358486679827
-0.068	0.25316550643130725
-0.067	0.2512809859982035
-0.066	0.249381953061267
-0.065	0.24746805964030572
-0.064	0.2455389432637098
-0.063	0.24359422608357242
-0.062	0.24163351391757776
-0.061	0.23965639520975615
-0.060000000000000005	0.2376624399012407
-0.05900000000000001	0.2356511982007077
-0.05800000000000001	0.2336221992429418
-0.05700000000000001	0.2315749496219816
-0.05600000000000001	0.22950893178341927
-0.05500000000000001	0.22742360225768377
-0.054000000000000006	0.22531838971343912
-0.053000000000000005	0.22319269280607637
-0.052000000000000005	0.2210458777921883
-0.051000000000000004	0.21887727587472877
-0.05	0.21668618023664393
-0.049	0.21447184271117364
-0.04800000000000001	0.21223347002462417
-0.04700000000000001	0.20997021953059292
-0.046000000000000006	0.20768119433072488
-0.045000000000000005	0.2053654376417251
-0.044000000000000004	0.20302192621263826
-0.043000000000000003	0.20064956249885582
-0.04200000000000001	0.1982471651070214
-0.04100000000000001	0.1958134565620097
-0.04000000000000001	0.19334704596696206
-0.03900000000000001	0.19084639642429024
-0.038000000000000006	0.18830956427885898
-0.037	0.18573554843800155
-0.036000000000000004	0.18312199261884762
-0.035	0.18046646196688163
-0.034	0.1777655431978359
-0.033	0.17501942601325177
-0.032	0.17222310180636957
-0.031	0.16937342317717402
-0.03	0.1664671534953724
-0.028999999999999998	0.16350042078191904
-0.028	0.16046967992272418
-0.027	0.15736911619139318
-0.026	0.15419684420327898
-0.025	0.1509420454797451
-0.024	0.14760928116744337
-0.023	0.1441885030693111
-0.022	0.1406694159559563
-0.020999999999999998	0.1370531356377235
-0.02	0.13333198861645895
-0.019	0.12950049733700444
-0.018	0.12555292949446342
-0.017	0.12147870869144717
-0.016	0.11726586466599782
-0.015	0.11290592148223089
-0.013999999999999992	0.10840672546489218
-0.012999999999999994	0.10376916019292584
-0.011999999999999993	0.09899952191519298
-0.010999999999999992	0.09410586043893053
-0.009999999999999995	0.0890986162859359
-0.008999999999999994	0.08400152679525694
-0.007999999999999993	0.07881502980654324
-0.006999999999999992	0.07358213092241644
-0.005999999999999993	0.0683154101162053
-0.004999999999999994	0.0630752991436592
-0.003999999999999993	0.057857211957815805
-0.0029999999999999923	0.05270739399613654
-0.001999999999999993	0.04766763814352426
-0.000999999999999994	0.04276268807537223
6.938893903907228e-18	0.03802153285048262
0.001000000000000007	0.03351148020676103
0.002000000000000007	0.02922602658173417
0.003000000000000007	0.02520565572977311
0.004000000000000007	0.021482990630007744
0.005000000000000007	0.01809843158892554
0.006000000000000007	0.015045547279095049
0.007000000000000007	0.012318119310796788
0.008000000000000007	0.009954286953820812
0.009000000000000001	0.007956360692470577
0.009999999999999998	0.006276947339700952
0.011	0.004886222800095977
0.012	0.0037482258597003274
0.012999999999999998	0.002826708559330924
0.013999999999999999	0.002107359365173045
0.015	0.0015396894767228393
0.016	0.0011105417364698613
0.017	0.0007809359676077341
0.018	0.0005441742124908995
0.019	0.0003734969071015941
0.02	0.00025504837851391104
0.020999999999999998	0.0001694255801158315
0.022	0.00010768943521500784
0.023	0.00006298528186027966
0.024	0.00003646333702019586
0.025	0.000018009244046057736
0.026	7.2214830796004375e-6
0.027	2.777048843882343e-6
0.028	1.0145098761514025e-6
0.029	0
3.751	0
3.7520000000000002	4.178595342765573e-8
3.753	3.471146289079545e-7
3.754	1.1148859876922216e-6
3.755	2.731361751406047e-6
3.7560000000000002	5.6147241993219335e-6
3.757	0.000010622264932076122
3.758	0.000018749047376127777
3.759	0.000031115518887123775
3.7600000000000002	0.00004959953705235713
3.761	0.00007660028700859906
3.762	0.00011447732922091562
3.763	0.00016656192821549724
3.764	0.00023595799888630607
3.765	0.00032442099722496055
3.766	0.0004317832760323767
3.767	0.0005625703899012052
3.768	0.000714713718911179
3.769	0.0008883193813905291
3.77	0.0010778610963039018
3.771	0.001281080884051988
3.772	0.0014963003659972972
3.773	0.0017221401398174613
3.774	0.0019521060693976464
3.775	0.002181166208703285
3.776	0.0024070109938424036
3.777	0.0026288078027683925
3.778	0.0028434802024959057
3.779	0.0030478462927860167
3.78	0.0032427783675978475
3.781	0.003428165396054838
3.782	0.003605197213799731
3.783	0.003774063401773297
3.784	0.003935383007838215
3.785	0.004089737544335897
3.786	0.0042378485029197395
3.787	0.004380284846770679
3.788	0.004517494293968136
3.789	0.004649981666930365
3.79	0.004778156399491302
3.791	0.004902545333323768
3.792	0.005023385635542011
3.793	0.005141033972670788
3.794	0.005255720685609587
3.795	0.005367716626432094
3.796	0.005477228582992552
3.797	0.005584437290446305
3.798	0.0056894963613058095
3.799	0.005792540529304849
3.8	0.005893689458558171
3.801	0.005993050358967316
3.802	0.006090719938542505
3.803	0.006186785924288912
3.804	0.006281328279685397
3.805	0.006374420198422945
3.806	0.006466128927686406
3.807	0.006556516458430338
3.808	0.006645640109915305
3.809	0.00673355302890911
3.81	0.006820304619156531
3.811	0.006905940913261758
3.812	0.006990504896571202
3.813	0.007074036790724897
3.814	0.007156574303080923
3.815	0.007238152847068656
3.816	0.0073188057376392425
3.817	0.007398564365266306
3.818	0.0074774583513866205
3.819	0.007555515687698922
3.82	0.007632762861376345
3.821	0.007709224967930808
3.822	0.007784925813216735
3.823	0.00785988800584923
3.824	0.007934133041137204
3.825	0.008007681377476388
3.826	0.008080552506033624
3.827	0.008152765014434689
3.828	0.008224336645087453
3.829	0.008295284348686573
3.83	0.008365624333388312
3.831	0.008435372110079477
3.832	0.00850454253411574
3.833	0.008573149843869185
3.834	0.008641207696376186
3.835	0.008708729200354324
3.836	0.008775726946823091
3.837	0.008842213037539464
3.838	0.00890819911143857
3.839	0.008973696369247611
3.84	0.009038715596429315
3.841	0.009103267184590334
3.842	0.009167361151478924
3.843	0.00923100715968841
3.844	0.009294214534161733
3.845	0.00935699227859879
3.846	0.009419349090841035
3.847	0.009481293377319074
3.848	0.009542833266625278
3.849	0.009603976622282911
3.85	0.009664731054762139
3.851	0.00972510393280219
3.852	0.009785102394087595
3.853	0.009844733355319903
3.854	0.009904003521731606
3.855	0.009962919396073388
3.856	0.01002148728711782
3.857	0.010079713317703482
3.858	0.010137603432355003
3.859	0.010195163404503172
3.86	0.010252398843333125
3.861	0.010309315200281052
3.862	0.010365917775203518
3.863	0.010422211722237685
3.864	0.010478202055374485
3.865	0.010533893653755502
3.866	0.010589291266719309
3.867	0.010644399518602105
3.868	0.01069922291331379
3.869	0.010753765838699877
3.87	0.010808032570701329
3.871	0.010862027277323473
3.872	0.010915754022426536
3.873	0.01096921676934407
3.874	0.011022419384343394
3.875	0.011075365639930343
3.876	0.01112805921801419
3.8770000000000002	0.01118050371293362
3.878	0.011232702634353199
3.879	0.011284659410039822
3.88	0.011336377388520396
3.8810000000000002	0.01138785984163101
3.882	0.011439109966960135
3.883	0.011490130890193035
3.884	0.011540925667361465
3.8850000000000002	0.01159149728700405
3.886	0.011641848672238761
3.887	0.011691982682757165
3.888	0.011741902116739119
3.8890000000000002	0.01179160971269324
3.89	0.011841108151229433
3.891	0.01189040005676032
3.892	0.011939487999142453
3.8930000000000002	0.011988374495253687
3.894	0.012037062010514143
3.895	0.012085552960349693
3.896	0.012133849711603504
3.8970000000000002	0.01218195458389595
3.898	0.012229869850935974
3.899	0.012277597741786495
3.9	0.012325140442083358
3.901	0.01237250009521516
3.902	0.012419678803458683
3.903	0.012466678629076586
3.904	0.012513501595377823
3.9050000000000002	0.01256014968774317
3.906	0.012606624854613729
3.907	0.012652929008447356
3.908	0.012699064026646023
3.909	0.012745031752448732
3.91	0.01279083399579743
3.911	0.012836472534176005
3.912	0.012881949113417205
3.9130000000000003	0.012927265448491853
3.914	0.01297242322426558
3.915	0.013017424096236171
3.916	0.013062269691245052
3.917	0.013106961608170618
3.918	0.013151501418593807
3.919	0.01319589066745115
3.92	0.013240130873660855
3.921	0.013284223530734827
3.922	0.013328170107370337
3.923	0.01337197204802324
3.924	0.013415630773466697
3.925	0.0134591476813305
3.926	0.013502524146627974
3.927	0.013545761522263952
3.928	0.013588861139531611
3.929	0.013631824308592043
3.93	0.01367465231894271
3.931	0.013717346439869573
3.932	0.01375990792089145
3.933	0.013802337992185781
3.934	0.013844637865007852
3.935	0.013886808732095
3.936	0.013928851768062061
3.937	0.013970768129783494
3.938	0.014012558956769722
3.939	0.014054225371525942
3.94	0.014095768479909974
3.941	0.014137189371473262
3.942	0.01417848911979764
3.943	0.014219668782820133
3.944	0.014260729403152142
3.945	0.014301672008387747
3.946	0.014342497611405176
3.947	0.014383207210661414
3.948	0.014423801790476913
3.949	0.014464282321316189
3.95	0.014504649760057931
3.951	0.014544905050261535
3.952	0.014585049122423872
3.953	0.014625082894233981
3.954	0.014665007270815012
3.955	0.014704823144968451
3.956	0.014744531397403471
3.957	0.014784132896968807
3.958	0.014823628500873052
3.959	0.014863019054903519
3.96	0.01490230539363681
3.961	0.014941488340648224
3.962	0.014980568708711763
3.963	0.015019547299998057
3.964	0.015058424906268224
3.965	0.015097202309061145
3.966	0.01513588027987795
3.967	0.015174459580361512
3.968	0.015212940962472254
3.969	0.015251325168659567
3.97	0.015289612932029108
3.971	0.015327804976507776
3.972	0.01536590201700346
3.973	0.015403904759561235
3.974	0.015441813901517356
3.975	0.015479630131648206
3.976	0.015517354130317282
3.977	0.015554986569618838
3.978	0.01559252811351625
3.979	0.01562997941798235
3.98	0.0156673411311309
3.981	0.015704613893347794
3.982	0.015741798337421335
3.983	0.01577889508866732
3.984	0.015815904765050643
3.985	0.015852827977306912
3.9859999999999998	0.015889665329062178
3.987	0.01592641741694483
3.988	0.01596308483070089
3.989	0.015999668153304298
3.99	0.01603616796106524
3.991	0.016072584823737104
3.992	0.01610891930461899
3.993	0.01614517196065929
3.994	0.016181343342554378
3.995	0.01621743399484722
3.996	0.01625344445602343
3.997	0.01628937525860374
3.998	0.01632522692923807
3.999	0.01636099998879468
4.	0.01639669495244903
4.001	0.0164323123297706
4.002	0.01646785262480808
4.003	0.016503316336171938
4.0040000000000004	0.01653870395711775
4.005	0.016574015975624894
4.006	0.01660925287447667
4.007	0.01664441513133649
4.008	0.016679503218823517
4.009	0.01671451760458841
4.01	0.016749458751383717
4.011	0.01678432711713851
4.0120000000000005	0.016819123155025484
4.013	0.01685384731353197
4.014	0.016888500036526914
4.015	0.01692308176332698
4.016	0.01695759292876142
4.017	0.016992033963237185
4.018	0.017026405292800466
4.019	0.017060707339198632
4.02	0.017094940519941784
4.021	0.017129105248359634
4.022	0.017163201933663864
4.023	0.017197230981000594
4.024	0.017231192791510756
4.025	0.017265087762383315
4.026	0.017298916286909494
4.027	0.01733267875453797
4.0280000000000005	0.01736637555092517
4.029	0.01740000705798697
4.03	0.017433573653951383
4.031	0.017467075713405913
4.032	0.017500513607346908
4.033	0.017533887703229126
4.034	0.017567198365010885
4.035	0.017600445953202155
4.036	0.017633630824908923
4.037	0.017666753333878443
4.038	0.017699813830544302
4.039	0.017732812662067485
4.04	0.01776575017238159
4.041	0.01779862670223213
4.042	0.017831442589221133
4.043	0.017864198167843393
4.0440000000000005	0.01789689376952991
4.045	0.017929529722685363
4.046	0.017962106352727297
4.047	0.017994623982123474
4.048	0.01802708293042963
4.049	0.018059483514325195
4.05	0.0180918260476523
4.051	0.01812411084144718
4.052	0.01815633820397849
4.053	0.01818850844077946
4.054	0.018220621854683528
4.055	0.018252678745856614
4.056	0.018284679411829673
4.057	0.01831662414753231
4.058	0.018348513245322117
4.059	0.018380346995019815
4.0600000000000005	0.018412125683935136
4.061	0.01844384959690214
4.062	0.018475519016304013
4.063	0.018507134222107195
4.064	0.018538695491887525
4.065	0.018570203100858836
4.066	0.018601657321901634
4.067	0.018633058425590963
4.068	0.018664406680222612
4.069	0.018695702351841408
4.07	0.018726945704266074
4.071	0.018758136999115202
4.072	0.018789276495834752
4.073	0.018820364451720983
4.074	0.018851401121946956
4.075	0.01888238675958618
4.0760000000000005	0.018913321615636768
4.077	0.018944205939044865
4.078	0.01897503997672931
4.079	0.019005823973603547
4.08	0.019036558172599246
4.081	0.019067242814686833
4.082	0.019097878138900015
4.083	0.019128464382356304
4.084	0.01915900178027803
4.085	0.01918949056601432
4.086	0.019219930971061585
4.087	0.019250323225084524
4.088	0.019280667555935455
4.089	0.0193109641896741
4.09	0.019341213350589536
4.091	0.01937141526121659
4.0920000000000005	0.01940157014235687
4.093	0.019431678213097246
4.094	0.019461739690827498
4.095	0.019491754791260724
4.096	0.01952172372844894
4.097	0.019551646714802882
4.098	0.01958152396110825
4.099	0.01961135567654385
4.1	0.019641142068699168
4.101	0.019670883343589237
4.102	0.019700579705673786
4.103	0.019730231357871712
4.104	0.01975983850157873
4.105	0.019789401336681767
4.106	0.019818920061576067
4.107	0.019848394873180915
4.108	0.019877825966953318
4.109	0.019907213536904195
4.11	0.019936557775614972
4.111	0.019965858874248434
4.112	0.01999511702256678
4.1129999999999995	0.020024332408944866
4.114	0.02005350522038281
4.115	0.020082635642522717
4.116	0.020111723859660872
4.117	0.020140770054761604
4.118	0.02016977440947018
4.119	0.020198737104127135
4.12	0.020227658317780443
4.121	0.02025653822819972
4.122	0.020285377011887075
4.123	0.020314174844091943
4.124	0.020342931898820686
4.125	0.0203716483488523
4.126	0.020400324365746854
4.127	0.02042896011986185
4.128	0.02045755578035979
4.129	0.02048611151522061
4.13	0.020514627491257303
4.131	0.020543103874122396
4.132	0.020571540828320068
4.133	0.02059993851722009
4.134	0.02062829710306577
4.135	0.020656616746986607
4.136	0.02068489760900714
4.1370000000000005	0.02071313984805979
4.138	0.02074134362199358
4.139	0.02076950908758537
4.14	0.020797636400548852
4.141	0.02082572571554647
4.142	0.02085377718619704
4.143	0.020881790965088513
4.144	0.020909767203784374
4.145	0.02093770605283565
4.146	0.020965607661788937
4.147	0.02099347217919755
4.148	0.021021299752627714
4.149	0.021049090528671297
4.15	0.021076844652951874
4.151	0.021104562270135994
4.152	0.021132243523939817
4.1530000000000005	0.02115988855713837
4.154	0.021187497511575778
4.155	0.021215070528172647
4.156	0.021242607746932575
4.157	0.021270109306954967
4.158	0.021297575346438835
4.159	0.02132500600269235
4.16	0.021352401412141824
4.161	0.021379761710339205
4.162	0.02140708703196896
4.163	0.02143437751085669
4.164	0.021461633279977264
4.165	0.02148885447146038
4.166	0.021516041216600147
4.167	0.0215431936458621
4.168	0.02157031188888943
4.1690000000000005	0.021597396074511506
4.17	0.021624446330749784
4.171	0.0216514627848255
4.172	0.021678445563167337
4.173	0.02170539479141742
4.174	0.021732310594437657
4.175	0.021759193096318283
4.176	0.021786042420382908
4.177	0.021812858689195316
4.178	0.02183964202456746
4.179	0.021866392547563677
4.18	0.021893110378508916
4.181	0.021919795636994678
4.182	0.02194644844188366
4.183	0.021973068911319154
4.184	0.021999657162726886
4.1850000000000005	0.022026213312825987
4.186	0.02205273747763067
4.187	0.022079229772457732
4.188	0.022105690311934642
4.189	0.022132119210000665
4.19	0.022158516579916628
4.191	0.022184882534269323
4.192	0.022211217184975943
4.193	0.02223752064329161
4.194	0.02226379301981253
4.195	0.022290034424485294
4.196	0.022316244966606693
4.197	0.022342424754834243
4.198	0.022368573897188236
4.199	0.022394692501057918
4.2	0.02242078067320768
4.2010000000000005	0.022446838519779848
4.202	0.02247286614630226
4.203	0.022498863657690892
4.204	0.0225248311582569
4.205	0.02255076875170957
4.206	0.02257667654116369
4.207	0.022602554629141226
4.208	0.022628403117577953
4.209	0.02265422210782865
4.21	0.022680011700670036
4.211	0.02270577199630581
4.212	0.022731503094373582
4.213	0.022757205093944455
4.214	0.022782878093533555
4.215	0.022808522191098038
4.216	0.022834137484048604
4.2170000000000005	0.022859724069245947
4.218	0.022885282043011164
4.219	0.022910811501128857
4.22	0.022936312538846957
4.221	0.022961785250887583
4.222	0.022987229731445517
4.223	0.023012646074196414
4.224	0.023038034372296744
4.225	0.023063394718392412
4.226	0.023088727204618718
4.227	0.02311403192260587
4.228	0.02313930896348304
4.229	0.023164558417882862
4.23	0.023189780375942767
4.231	0.023214974927310776
4.232	0.023240142161150418
4.2330000000000005	0.023265282166139826
4.234	0.023290395030480783
4.235	0.02331548084189874
4.236	0.023340539687647287
4.237	0.02336557165451328
4.238	0.02339057682881614
4.239	0.023415555296417628
4.24	0.023440507142719218
4.241	0.02346543245267044
4.242	0.023490331310767772
4.243	0.023515203801060876
4.244	0.023540050007155644
4.245	0.023564870012216094
4.246	0.02358966389896987
4.247	0.023614431749709078
4.248	0.02363917364629463
4.2490000000000006	0.023663889670159744
4.25	0.02368857990231237
4.251	0.023713244423338595
4.252	0.023737883313406018
4.253	0.023762496652264882
4.2540000000000004	0.02378708451925495
4.255	0.023811646993304365
4.256	0.023836184152935924
4.257	0.023860696076266952
4.258	0.023885182841014513
4.259	0.02390964452449878
4.26	0.023934081203641384
4.261	0.02395849295497552
4.2620000000000005	0.023982879854641957
4.263	0.024007241978394683
4.264	0.024031579401605097
4.265000000000001	0.024055892199262185
4.266	0.024080180445976082
4.267	0.024104444215980812
4.268	0.024128683583138733
4.269	0.024152898620938657
4.27	0.024177089402502586
4.271	0.02420125600058771
4.272	0.024225398487586668
4.273	0.024249516935532386
4.274	0.024273611416099707
4.275	0.02429768200060914
4.276	0.024321728760025217
4.277	0.024345751764964427
4.2780000000000005	0.02436975108569478
4.279	0.024393726792136715
4.28	0.024417678953869166
4.281	0.024441607640129592
4.282	0.024465512919815715
4.283	0.024489394861490137
4.284	0.024513253533382195
4.285	0.024537089003384513
4.286	0.02456090133906788
4.287	0.024584690607668106
4.288	0.024608456876101192
4.289	0.0246322002109575
4.29	0.024655920678508497
4.291	0.02467961834470462
4.292	0.024703293275182156
4.293	0.024726945535261818
4.2940000000000005	0.02475057518995322
4.295	0.02477418230395361
4.296	0.02479776694165444
4.297	0.024821329167140523
4.298	0.024844869044192548
4.299	0.024868386636288476
4.3	0.024891882006607094
4.301	0.024915355218029938
4.302	0.024938806333140738
4.303	0.024962235414230628
4.304	0.024985642523297023
4.305	0.025009027722049194
4.306	0.02503239107190676
4.307	0.025055732634002077
4.308	0.02507905246918554
4.309	0.025102350638021347
4.3100000000000005	0.025125627200797227
4.311	0.025148882217516544
4.312	0.025172115747909445
4.313	0.02519532785142935
4.314	0.025218518587255483
4.315	0.025241688014294734
4.316	0.02526483619118634
4.317	0.02528796317629815
4.318	0.02531106902773247
4.319	0.025334153803326966
4.32	0.025357217560654878
4.321	0.02538026035702845
4.322	0.025403282249499663
4.323	0.025426283294862913
4.324	0.025449263549655172
4.325	0.025472223070158225
4.3260000000000005	0.025495161912399388
4.327	0.025518080132156916
4.328	0.025540977784956124
4.329	0.02556385492607411
4.33	0.02558671161054214
4.331	0.0256095478931436
4.332	0.025632363828420004
4.333	0.025655159470668137
4.334	0.02567793487394647
4.335	0.025700690092069933
4.336	0.02572342517861936
4.337	0.025746140186936443
4.338	0.025768835170128703
4.339	0.025791510181069368
4.34	0.025814165272399117
4.341	0.0258368004965302
4.3420000000000005	0.02585941590564168
4.343	0.025882011551687394
4.344	0.025904587486393085
4.345	0.02592714376126055
4.346	0.02594968042756565
4.347	0.025972197536363362
4.348	0.025994695138487144
4.349	0.02601717328455039
4.35	0.02603963202494819
4.351	0.026062071409858223
4.352	0.026084491489242974
4.353	0.02610689231284838
4.354	0.02612927393020983
4.355	0.026151636390647666
4.356	0.026173979743275073
4.357	0.02619630403699184
4.3580000000000005	0.02621860932049289
4.359	0.02624089564226345
4.36	0.02626316305058493
4.361	0.026285411593533255
4.362	0.026307641318981043
4.363	0.02632985227459897
4.364	0.02635204450785638
4.365	0.026374218066023712
4.366	0.0263963729961716
4.367	0.02641850934517476
4.368	0.02644062715970991
4.369	0.026462726486258602
4.37	0.026484807371111717
4.371	0.026506869860363994
4.372	0.02652891399991775
4.373	0.02655093983548819
4.3740000000000006	0.026572947412597622
4.375	0.026594936776582596
4.376	0.02661690797259136
4.377	0.02663886104558387
4.378	0.026660796040339038
4.3790000000000004	0.026682713001447225
4.38	0.026704611973319945
4.381	0.02672649300018355
4.382	0.02674835612608423
4.383	0.02677020139489015
4.384	0.02679202885028775
4.385	0.02681383853578788
4.386	0.026835630494723105
4.3870000000000005	0.026857404770250407
4.388	0.026879161405352903
4.389	0.0269009004428379
4.39	0.02692262192534177
4.391	0.026944325895328487
4.392	0.026966012395091186
4.393	0.026987681466751495
4.394	0.027009333152264184
4.395	0.027030967493414007
4.396	0.027052584531821546
4.397	0.027074184308936256
4.398	0.027095766866047786
4.399	0.0271173322442786
4.4	0.02713888048458717
4.401	0.027160411627771174
4.402	0.02718192571446477
4.4030000000000005	0.02720342278514451
4.404	0.027224902880122994
4.405	0.027246366039557383
4.406	0.027267812303444
4.407	0.027289241711625074
4.408	0.027310654303783002
4.409	0.027332050119447178
4.41	0.02735342919799203
4.411	0.02737479157863726
4.412	0.02739613730045031
4.413	0.0274174664023458
4.414	0.027438778923088696
4.415	0.027460074901290963
4.416	0.027481354375417752
4.417	0.02750261738378294
4.418	0.027523863964553637
4.4190000000000005	0.027545094155750488
4.42	0.027566307995244413
4.421	0.027587505520766116
4.422	0.02760868676989584
4.423	0.027629851780072556
4.424	0.027651000588592996
4.425	0.027672133232607563
4.426	0.02769324974912986
4.427	0.027714350175027214
4.428	0.02773543454703137
4.429	0.027756502901731872
4.43	0.02777755527557872
4.431	0.027798591704886234
4.432	0.02781961222583058
4.433	0.02784061687445065
4.434	0.027861605686650262
4.4350000000000005	0.02788257869819728
4.436	0.02790353594472599
4.437	0.027924477461735518
4.438	0.027945403284594196
4.439	0.02796631344853459
4.44	0.027987207988663106
4.441	0.028008086939948874
4.442	0.028028950337234806
4.443	0.028049798215233256
4.444	0.028070630608527197
4.445	0.028091447551572134
4.446	0.028112249078693707
4.447	0.02813303522409444
4.448	0.028153806021848016
4.449	0.028174561505902276
4.45	0.0281953017100809
4.4510000000000005	0.02821602666808447
4.452	0.02823673641348662
4.453	0.028257430979741524
4.454	0.028278110400177345
4.455	0.028298774708003877
4.456	0.028319423936308125
4.457	0.02834005811805583
4.458	0.028360677286093525
4.459	0.028381281473148594
4.46	0.028401870711830233
4.461	0.028422445034627288
4.462	0.02844300447391467
4.463	0.028463549061945943
4.464	0.028484078830861376
4.465	0.028504593812686017
4.466	0.028525094039326786
4.4670000000000005	0.028545579542578046
4.468	0.028566050354120315
4.469	0.028586506505519617
4.47	0.028606948028230224
4.471	0.028627374953591717
4.472	0.028647787312835567
4.473	0.02866818513707856
4.474	0.0286885684573303
4.475	0.028708937304485763
4.476	0.028729291709335022
4.477	0.02874963170255651
4.478	0.028769957314719975
4.479	0.028790268576289257
4.48	0.028810565517618826
4.481	0.028830848168956938
4.482	0.028851116560445436
4.4830000000000005	0.028871370722122085
4.484	0.028891610683915603
4.485	0.02891183647565255
4.486	0.02893204812705649
4.487	0.028952245667743542
4.488	0.028972429127228645
4.489	0.0289925985349244
4.49	0.029012753920140414
4.491	0.029032895312084674
4.492	0.02905302273986412
4.493	0.029073136232484465
4.494	0.02909323581885127
4.495	0.029113321527770974
4.496	0.029133393387950457
4.497	0.029153451427995386
4.498	0.029173495676416836
4.4990000000000006	0.02919352616162631
4.5	0.02921354291193757
4.501	0.029233545955567528
4.502	0.029253535320636917
4.503	0.02927351103517017
4.5040000000000004	0.029293473127096997
4.505	0.029313421624250557
4.506	0.0293333565543701
4.507	0.029353277945101498
4.508	0.02937318582399483
4.509	0.029393080218509084
4.51	0.02941296115600831
4.511	0.02943282866376593
4.5120000000000005	0.029452682768962433
4.513	0.02947252349868633
4.514	0.029492350879936714
4.515000000000001	0.02951216493961898
4.516	0.02953196570455211
4.517	0.029551753201461792
4.518	0.029571527456985987
4.519	0.029591288497673538
4.5200000000000005	0.02961103634998477
4.521	0.02963077104029055
4.522	0.029650492594876048
4.523	0.029670201039937154
4.524	0.029689896401583454
4.525	0.02970957870583889
4.526	0.029729247978640055
4.527	0.029748904245837798
4.5280000000000005	0.029768547533198898
4.529	0.029788177866403306
4.53	0.029807795271048192
4.531	0.029827399772644893
4.532	0.029846991396623227
4.533	0.029866570168326237
4.534	0.029886136113017225
4.535	0.029905689255874265
4.536	0.029925229621995238
4.537	0.029944757236395145
4.538	0.029964272124006836
4.539	0.02998377430968355
4.54	0.03000326381819669
4.541	0.03002274067423756
4.542	0.03004220490241598
4.543	0.030061656527265584
4.5440000000000005	0.03008109557323664
4.545	0.030100522064703723
4.546	0.03011993602596038
4.547	0.030139337481223372
4.548	0.030158726454630726
4.549	0.030178102970243682
4.55	0.030197467052045002
4.551	0.030216818723942877
4.552	0.030236158009766242
4.553	0.03025548493326958
4.554	0.03027479951813229
4.555	0.03029410178795518
4.556	0.030313391766265747
4.557	0.030332669476520042
4.558	0.030351934942091558
4.559	0.030371188186288228
4.5600000000000005	0.03039042923233865
4.561	0.03040965810339991
4.562	0.030428874822555182
4.563	0.030448079412815663
4.564	0.030467271897120313
4.565	0.030486452298333713
4.566	0.03050562063925061
4.567	0.030524776942593382
4.568	0.030543921231012797
4.569	0.030563053527089844
4.57	0.030582173853335105
4.571	0.03060128223218498
4.572	0.030620378686012098
4.573	0.030639463237113643
4.574	0.03065853590772127
4.575	0.030677596719994905
4.5760000000000005	0.030696645696027546
4.577	0.0307156828578419
4.578	0.030734708227394988
4.579	0.030753721826572877
4.58	0.030772723677197012
4.581	0.030791713801018927
4.582	0.030810692219724163
4.583	0.030829658954932736
4.584	0.030848614028194266
4.585	0.03086755746099839
4.586	0.03088648927476296
4.587	0.030905409490842466
4.588	0.03092431813052826
4.589	0.030943215215042827
4.59	0.030962100765546487
4.591	0.030980974803133398
4.5920000000000005	0.03099983734883512
4.593	0.031018688423618056
4.594	0.03103752804838456
4.595	0.031056356243975885
4.596	0.031075173031166844
4.597	0.031093978430673637
4.598	0.031112772463144426
4.599	0.03113155514917048
4.6	0.031150326509275423
4.601	0.03116908656392649
4.602	0.03118783533352654
4.603	0.031206572838417452
4.604	0.03122529909887923
4.605	0.031244014135133738
4.606	0.03126271796733847
4.607	0.03128141061559434
4.6080000000000005	0.031300092099938975
4.609	0.031318762440355016
4.61	0.03133742165676008
4.611	0.03135606976901428
4.612	0.03137470679692104
4.613	0.031393332760222256
4.614	0.03141194767860247
4.615	0.03143055157168831
4.616	0.0314491444590475
4.617	0.03146772636018889
4.618	0.03148629729456686
4.619	0.03150485728157652
4.62	0.03152340634055516
4.621	0.031541944490784284
4.622	0.031560471751488794
4.623	0.03157898814183703
4.6240000000000006	0.03159749368094095
4.625	0.03161598838785581
4.626	0.031634472281583635
4.627	0.031652945381068574
4.628	0.03167140770520056
4.6290000000000004	0.03168985927281352
4.63	0.0317083001026886
4.631	0.03172673021354982
4.632	0.031745149624068554
4.633	0.03176355835286172
4.634	0.03178195641849198
4.635	0.03180034383946774
4.636	0.03181872063424576
4.6370000000000005	0.03183708682122831
4.638	0.03185544241876419
4.639	0.031873787445150424
4.64	0.031892121918629536
4.641	0.031910445857395074
4.642	0.031928759279583524
4.643	0.031947062203285095
4.644	0.03196535464653335
4.645	0.031983636627312954
4.646	0.03200190816355603
4.647	0.03202016927314323
4.648	0.032038419973905684
4.649	0.03205666028362233
4.65	0.032074890220023
4.651	0.03209310980078608
4.652	0.03211131904353989
4.6530000000000005	0.0321295179658632
4.654	0.032147706585284576
4.655	0.032165884919282836
4.656	0.032184052985288536
4.657	0.032202210800681745
4.658	0.03222035838279453
4.659	0.03223849574891048
4.66	0.03225662291626175
4.661	0.032274739902035776
4.662	0.03229284672337131
4.663	0.03231094339735462
4.664	0.03232902994103129
4.665	0.03234710637139306
4.666	0.0323651727053877
4.667	0.032383228959913864
4.668	0.03240127515182476
4.6690000000000005	0.03241931129792475
4.67	0.03243733741497399
4.671	0.032455353519683094
4.672	0.03247335962871863
4.673	0.03249135575870025
4.674	0.03250934192620196
4.675	0.03252731814774973
4.676	0.03254528443982791
4.677	0.03256324081887187
4.678	0.03258118730127274
4.679	0.032599123903377214
4.68	0.03261705064148636
4.681	0.03263496753185723
4.682	0.032652874590701805
4.683	0.03267077183418577
4.684	0.03268865927843421
4.6850000000000005	0.03270653693952659
4.686	0.03272440483349505
4.687	0.03274226297633466
4.688	0.0327601113839908
4.689	0.03277795007236827
4.69	0.032795779057329305
4.691	0.03281359835469108
4.692	0.03283140798022868
4.693	0.0328492079496744
4.694	0.03286699827871834
4.695	0.032884778983007935
4.696	0.03290255007814716
4.697	0.03292031157969971
4.698	0.032938063503186156
4.699	0.032955805864086064
4.7	0.032973538677836194
4.7010000000000005	0.03299126195983308
4.702	0.03300897572543113
4.703	0.033026679989943596
4.704	0.033044374768644
4.705	0.033062060076762205
4.7059999999999995	0.033079735929489165
4.707	0.03309740234197668
4.708	0.03311505932933427
4.709	0.033132706906630095
4.71	0.03315034508889462
4.711	0.03316797389111649
4.712	0.03318559332824731
4.713	0.0332032034151948
4.714	0.03322080416683029
4.715	0.033238395597985665
4.716	0.033255977723451645
4.717	0.03327355055798209
4.718	0.033291114116289974
4.719	0.03330866841305006
4.72	0.033326213462900205
4.721	0.033343749280436014
4.7219999999999995	0.03336127588021959
4.723	0.033378793276769965
4.724	0.03339630148457227
4.725	0.0334138005180707
4.726	0.033431290391672114
4.727	0.03344877111974777
4.728	0.03346624271662857
4.729	0.03348370519660963
4.73	0.03350115857394938
4.731	0.033518602862867924
4.732	0.03353603807754785
4.7330000000000005	0.03355346423213612
4.734	0.03357088134074376
4.735	0.03358828941744234
4.736	0.033605688476269754
4.737	0.03362307853122584
4.738	0.03364045959627594
4.739	0.03365783168534818
4.74	0.033675194812332894
4.741	0.033692548991089935
4.742	0.03370989423543764
4.743	0.033727230559162595
4.744	0.03374455797601295
4.745	0.033761876499706175
4.746	0.03377918614391983
4.747	0.03379648692229818
4.748	0.0338137788484516
4.7490000000000006	0.03383106193595454
4.75	0.03384833619834711
4.751	0.033865601649133964
4.752	0.03388285830178735
4.753	0.03390010616974413
4.754	0.033917345266406766
4.755	0.03393457560514344
4.756	0.033951797199288716
4.757	0.03396901006214473
4.758	0.03398621420697729
4.759	0.03400340964702099
4.76	0.0340205963954752
4.761	0.034037774465507785
4.7620000000000005	0.03405494387025125
4.763	0.03407210462280648
4.764	0.03408925673624126
4.765	0.03410640022359122
4.766	0.03412353509785635
4.767	0.03414066137200713
4.768	0.03415777905898046
4.769	0.03417488817168049
4.77	0.03419198872297996
4.771	0.0342090807257174
4.772	0.03422616419270245
4.773	0.03424323913671032
4.774	0.034260305570483866
4.775	0.03427736350673746
4.776	0.03429441295815044
4.777	0.034311453937373455
4.7780000000000005	0.034328486457022474
4.779	0.034345510529686325
4.78	0.03436252616791732
4.781	0.03437953338424272
4.782	0.03439653219115441
4.7829999999999995	0.03441352260111504
4.784	0.03443050462655538
4.785	0.03444747827987897
4.786	0.03446444357345431
4.787	0.034481400519621876
4.788	0.03449834913069203
4.789	0.03451528941894348
4.79	0.034532221396626636
4.791	0.034549145075959915
4.792	0.03456606046913283
4.793	0.03458296758830573
4.7940000000000005	0.034599866445608786
4.795	0.03461675705314154
4.796	0.03463363942297487
4.797	0.034650513567150286
4.798	0.03466737949768082
4.7989999999999995	0.034684237226548446
4.8	0.03470108676570712
4.801	0.034717928127081396
4.802	0.03473476132256684
4.803	0.03475158636403259
4.804	0.0347684032633145
4.805	0.034785212032223616
4.806	0.03480201268254068
4.807	0.03481880522601837
4.808	0.034835589674382376
4.809	0.03485236603932759
4.81	0.034869134332523054
4.811	0.03488589456560686
4.811999999999999	0.03490264675019355
4.813	0.03491939089786548
4.814	0.0349361270201802
4.8149999999999995	0.034952855128666804
4.816	0.03496957523482567
4.817	0.03498628735013014
4.818	0.035002991486028145
4.819	0.035019687653937086
4.82	0.035036375865249304
4.821	0.03505305613133047
4.822	0.035069728463517684
4.823	0.035086392873120355
4.824	0.035103049371424
4.825	0.03511969796968501
4.8260000000000005	0.03513633867913457
4.827	0.03515297151097597
4.828	0.03516959647638709
4.829	0.03518621358651828
4.83	0.03520282285249371
4.8309999999999995	0.035219424285412845
4.832	0.03523601789634843
4.833	0.03525260369634509
4.834	0.03526918169642429
4.835	0.03528575190757934
4.836	0.035302314340779774
4.837	0.035318869006967527
4.838	0.03533541591706096
4.839	0.03535195508194983
4.84	0.03536848651250274
4.841	0.0353850102195584
4.8420000000000005	0.035401526213933276
4.843	0.03541803450641725
4.843999999999999	0.035434535107775715
4.845	0.03545102802874918
4.846	0.03546751328005168
4.8469999999999995	0.035483990872373736
4.848	0.03550046081638148
4.849	0.03551692312271454
4.85	0.035533377801989646
4.851	0.03554982486479736
4.852	0.035566264321705225
4.853	0.03558269618325694
4.854	0.03559912045996796
4.855	0.035615537162335814
4.856	0.03563194630082614
4.857	0.03564834788588757
4.858	0.035664741927941467
4.859	0.035681128437384156
4.859999999999999	0.03569750742459075
4.861	0.035713878899910734
4.862	0.035730242873669646
4.8629999999999995	0.03574659935617211
4.864	0.03576294835769572
4.865	0.0357792898884976
4.866	0.03579562395880824
4.867	0.03581195057883697
4.868	0.035828269758769724
4.869	0.0358445815087699
4.87	0.03586088583897483
4.8709999999999996	0.03587718275950331
4.872	0.03589347228044595
4.872999999999999	0.03590975441187465
4.874	0.03592602916383755
4.875	0.035942296546358415
4.8759999999999994	0.03595855656943979
4.877	0.03597480924306043
4.878	0.03599105457717933
4.879	0.03600729258173007
4.88	0.03602352326662418
4.881	0.0360397466417517
4.882	0.03605596271698102
4.883	0.036072171502157274
4.884	0.0360883730071034
4.885	0.036104567241621026
4.886	0.03612075421548923
4.887	0.036136933938465524
4.888	0.03615310642028616
4.889	0.03616927167066282
4.89	0.036185429699289895
4.891	0.036201580515836655
4.8919999999999995	0.03621772412995299
4.893	0.03623386055126529
4.894	0.036249989789379516
4.895	0.0362661118538813
4.896	0.036282226754332514
4.897	0.03629833450027654
4.898	0.03631443510123416
4.899	0.036330528566703345
4.9	0.03634661490616572
4.901	0.03636269412907737
4.902	0.03637876624487534
4.9030000000000005	0.03639483126297564
4.904	0.03641088919277506
4.905	0.03642694004364613
4.906	0.03644298382494395
4.907	0.03645902054600187
4.9079999999999995	0.036475050216132204
4.909	0.036491072844627666
4.91	0.03650708844075998
4.911	0.03652309701378155
4.912	0.036539098572923194
4.913	0.03655509312739628
4.914	0.03657108068639135
4.915	0.03658706125907988
4.916	0.036603034854613185
4.917	0.0366190014821218
4.918	0.0366349611507161
4.919	0.03665091386948854
4.92	0.03666685964750928
4.920999999999999	0.03668279849383164
4.922	0.03669873041748735
4.923	0.0367146554274881
4.9239999999999995	0.03673057353282728
4.925	0.03674648474247777
4.926	0.03676238906539447
4.927	0.03677828651051199
4.928	0.03679417708674557
4.929	0.03681006080299084
4.93	0.03682593766812623
4.931	0.03684180769100665
4.932	0.03685767088047454
4.933	0.03687352724534714
4.934	0.03688937679442644
4.9350000000000005	0.03690521953649358
4.936	0.036921055480311216
4.937	0.03693688463462507
4.938	0.03695270700815965
4.939	0.03696852260962196
4.9399999999999995	0.03698433144770005
4.941	0.037000133531064315
4.942	0.037015928868365314
4.943	0.03703171746823595
4.944	0.03704749933929091
4.945	0.03706327449012472
4.946	0.03707904292931646
4.947	0.037094804665425814
4.948	0.03711055970699298
4.949	0.03712630806254184
4.95	0.03714204974057652
4.9510000000000005	0.03715778474958604
4.952	0.03717351309803811
4.953	0.03718923479438294
4.954	0.037204949847056155
4.955	0.03722065826447153
4.9559999999999995	0.037236360055027985
4.957	0.03725205522710518
4.958	0.037267743789065395
4.959	0.03728342574925369
4.96	0.03729910111599703
4.961	0.037314769897604926
4.962	0.0373304321023706
4.963	0.03734608773856921
4.964	0.03736173681445679
4.965	0.03737737933827537
4.966	0.037393015318247055
4.967	0.037408644762578803
4.968	0.03742426767945797
4.968999999999999	0.03743988407705726
4.97	0.0374554939635313
4.971	0.037471097347017555
4.9719999999999995	0.037486694235636005
4.973	0.03750228463749271
4.974	0.037517868560671276
4.975	0.03753344601324608
4.976	0.03754901700326634
4.977	0.03756458153877235
4.978	0.03758013962778271
4.979	0.037595691278300106
4.98	0.03761123649831281
4.981	0.037626775295792454
4.981999999999999	0.03764230767869063
4.983	0.03765783365494553
4.984	0.03767335323247958
4.984999999999999	0.03768886641919618
4.986	0.03770437322298629
4.987	0.03771987365172048
4.9879999999999995	0.03773536771325537
4.989	0.03775085541543252
4.99	0.03776633676607449
4.991	0.03778181177298988
4.992	0.03779728044397057
4.993	0.03781274278679264
4.994	0.03782819880921767
4.995	0.037843648518988374
4.9959999999999996	0.03785909192383503
4.997	0.03787452903146913
4.997999999999999	0.03788995984958784
4.999	0.03790538438587357
5.	0.03792080264799198
5.0009999999999994	0.03793621464359245
5.002	0.037951620380310684
5.003	0.037967019865766075
5.004	0.03798241310756166
5.005	0.03799780011328632
5.006	0.038013180890512935
5.007	0.03802855544679886
5.008	0.03804392378968785
5.009	0.03805928592670576
5.01	0.03807464186536524
5.011	0.03808999161316398
5.0120000000000005	0.03810533517758216
5.013	0.03812067256608696
5.014	0.038136003786131
5.015	0.03815132884515021
5.016	0.03816664775056674
5.0169999999999995	0.038181960509787734
5.018	0.03819726713020436
5.019	0.03821256761919501
5.02	0.038227861984121696
5.021	0.03824315023233247
5.022	0.03825843237116074
5.023	0.038273708407923955
5.024	0.0382889783499257
5.025	0.038304242204457134
5.026	0.03831949997879116
5.027	0.038334751680189724
5.028	0.038349997315898075
5.029	0.038365236893146866
5.029999999999999	0.03838047041915475
5.031	0.03839569790112194
5.032	0.03841091934624124
5.0329999999999995	0.03842613476168291
5.034	0.03844134415460907
5.035	0.03845654753216406
5.036	0.03847174490148127
5.037	0.03848693626967824
5.038	0.038502121643858064
5.039	0.038517301031110854
5.04	0.03853247443851266
5.041	0.03854764187312361
5.042	0.038562803341993246
5.043	0.03857795885215561
5.044	0.038593108410629344
5.045	0.03860825202442293
5.045999999999999	0.03862338970052782
5.047	0.03863852144592325
5.048	0.038653647267575114
5.0489999999999995	0.03866876717243462
5.05	0.038683881167439677
5.051	0.038698989259516044
5.052	0.038714091455573904
5.053	0.03872918776251038
5.054	0.03874427818721121
5.055	0.03875936273654503
5.056	0.03877444141737128
5.057	0.038789514236533
5.058	0.03880458120086154
5.059	0.038819642317174156
5.0600000000000005	0.03883469759227491
5.061	0.038849747032954796
5.062	0.0388647906459923
5.063	0.038879828438152464
5.064	0.03889486041618646
5.0649999999999995	0.03890988658683343
5.066	0.038924906956818786
5.067	0.03893992153285616
5.068	0.03895493032164435
5.069	0.03896993332987007
5.07	0.038984930564208375
5.071	0.038999922031320904
5.072	0.03901490773785396
5.073	0.03902988769044429
5.074	0.03904486189571567
5.075	0.03905983036027858
5.076	0.03907479309072866
5.077	0.03908975009365155
5.077999999999999	0.03910470137562047
5.079	0.039119646943193295
5.08	0.039134586802921104
5.0809999999999995	0.03914952096133413
5.082	0.03916444942495772
5.083	0.03917937220030093
5.084	0.039194289293860735
5.085	0.039209200712122735
5.086	0.039224106461560625
5.087	0.03923900654863252
5.088	0.039253900979788536
5.089	0.039268789761464064
5.09	0.039283672900084166
5.091	0.039298550402058284
5.092	0.03931342227378748
5.093	0.039328288521658906
5.093999999999999	0.03934314915204789
5.095	0.03935800417131728
5.096	0.03937285358581855
5.0969999999999995	0.03938769740189087
5.098	0.0394025356258635
5.099	0.039417368264049395
5.1	0.039432195322753334
5.101	0.03944701680826669
5.102	0.03946183272687003
5.103	0.039476643084831314
5.104	0.039491447888406375
5.105	0.039506247143839955
5.106	0.03952104085736581
5.107	0.03953582903520546
5.108	0.03955061168356728
5.109	0.03956538880865009
5.109999999999999	0.039580160416639684
5.111	0.03959492651371267
5.112	0.03960968710603155
5.1129999999999995	0.03962444219974844
5.114	0.03963919180100364
5.115	0.03965393591592567
5.116	0.0396686745506335
5.117	0.039683407711233534
5.118	0.039698135403819494
5.119	0.039712857634476184
5.12	0.03972757440927597
5.121	0.039742285734280104
5.122	0.03975699161553755
5.123	0.03977169205908785
5.124	0.03978638707095943
5.125	0.03980107665716829
5.1259999999999994	0.03981576082371929
5.127	0.03983043957660729
5.128	0.03984511292181501
5.129	0.03985978086531567
5.13	0.039874443413069845
5.131	0.039889100571028575
5.132	0.03990375234513053
5.133	0.03991839874130528
5.134	0.03993303976546958
5.135	0.039947675423530574
5.136	0.03996230572138438
5.1370000000000005	0.039976930664915374
5.138	0.039991550259999245
5.139	0.04000616451249916
5.14	0.040020773428267827
5.141	0.04003537701314763
5.1419999999999995	0.040049975272970925
5.143	0.04006456821355783
5.144	0.04007915584071973
5.145	0.04009373816025564
5.146	0.04010831517795563
5.147	0.04012288689959796
5.148	0.04013745333095134
5.149	0.04015201447777317
5.15	0.04016657034581162
5.151	0.04018112094080221
5.152	0.04019566626847393
5.1530000000000005	0.04021020633454121
5.154	0.04022474114471099
5.155	0.040239270704677414
5.156	0.04025379502012764
5.157	0.040268314096736084
5.1579999999999995	0.040282827940166965
5.159	0.04029733655607629
5.16	0.0403118399501067
5.161	0.04032633812789464
5.162	0.04034083109506312
5.163	0.04035531885722631
5.164	0.04036980141998862
5.165	0.04038427878894336
5.166	0.04039875096967572
5.167	0.04041321796775898
5.168	0.04042767978875654
5.1690000000000005	0.04044213643822327
5.17	0.0404565879217033
5.171	0.0404710342447301
5.172	0.040485475412828736
5.173	0.04049991143151376
5.1739999999999995	0.04051434230628996
5.175	0.04052876804265103
5.176	0.04054318864608354
5.177	0.04055760412206175
5.178	0.04057201447605244
5.179	0.04058641971351049
5.18	0.04060081983988201
5.181	0.040615214860605174
5.182	0.04062960478110546
5.183	0.04064398960680006
5.184	0.040658369343097724
5.1850000000000005	0.04067274399539636
5.186	0.04068711356908407
5.187	0.04070147806953977
5.188	0.040715837502135095
5.189	0.04073019187222829
5.1899999999999995	0.04074454118517039
5.191	0.04075888544630422
5.192	0.040773224660959666
5.193	0.04078755883446091
5.194	0.040801887972120775
5.195	0.04081621207924178
5.196	0.040830531161119364
5.197	0.04084484522304026
5.198	0.04085915427027894
5.199	0.04087345830810289
5.2	0.040887757341768825
5.2010000000000005	0.04090205137652626
5.202	0.04091634041761416
5.203	0.04093062447026119
5.204	0.040944903539691165
5.205	0.04095917763111301
5.2059999999999995	0.040973446749731815
5.207	0.04098771090073921
5.208	0.04100197008932241
5.209	0.04101622432065502
5.21	0.041030473599904305
5.211	0.04104471793222811
5.212	0.04105895732277545
5.213	0.041073191776685905
5.214	0.0410874212990901
5.215	0.04110164589511135
5.216	0.041115865569861014
5.2170000000000005	0.04113008032844528
5.218	0.04114429017595847
5.219	0.04115849511748793
5.22	0.041172695158110686
5.221	0.041186890302897676
5.2219999999999995	0.041201080556908694
5.223	0.04121526592519457
5.224	0.041229446412799874
5.225	0.041243622024757454
5.226	0.04125779276609494
5.227	0.04127195864182759
5.228	0.04128611965696543
5.229	0.04130027581650649
5.2299999999999995	0.04131442712544523
5.231	0.04132857358876151
5.231999999999999	0.04134271521143042
5.233	0.04135685199841948
5.234	0.04137098395468364
5.234999999999999	0.041385111085172795
5.236	0.04139923339482784
5.237	0.04141335088858044
5.2379999999999995	0.041427463571354115
5.239	0.04144157144806326
5.24	0.04145567452361607
5.241	0.04146977280291025
5.242	0.04148386629083576
5.243	0.041497954992275446
5.244	0.0415120389121022
5.245	0.04152611805518118
5.2459999999999996	0.04154019242636866
5.247	0.04155426203051622
5.247999999999999	0.041568326872462834
5.249	0.04158238695704005
5.25	0.04159644228907338
5.2509999999999994	0.04161049287337811
5.252	0.04162453871476355
5.253	0.0416385798180277
5.254	0.04165261618796389
5.255	0.041666647829354954
5.256	0.04168067474697831
5.257	0.041694696945600046
5.258	0.041708714429979095
5.259	0.04172272720486919
5.26	0.04173673527501231
5.261	0.041750738645144496
5.262	0.04176473731999345
5.263	0.041778731304280906
5.263999999999999	0.04179272060271534
5.265	0.04180670522000375
5.266	0.041820685160840865
5.2669999999999995	0.04183466042991577
5.268	0.041848631031909264
5.269	0.04186259697149181
5.27	0.04187655825333167