-0.036	1.e-9
-0.029999999999999985	7.920286345588961e-11
-0.019999999999999907	3.159461519005031e-12
-0.009999999999999907	4.796413011979092e-13
9.367506770274758e-17	1.6421529496651287e-13
0.010000000000000092	9.057374821477756e-14
0.020000000000000094	6.49313718154034e-14
0.030000000000000096	5.350137473057336e-14
0.04000000000000009	4.7199359940281915e-14
0.0500000000000001	4.3069648000322953e-14
0.060000000000000095	4.0050160424572455e-14
0.07000000000000006	3.770699142559876e-14
0.08000000000000006	3.581560298162786e-14
0.09000000000000007	3.4245760941630413e-14
0.10000000000000006	3.29151176803366e-14
0.11000000000000007	3.1768405323045113e-14
0.12000000000000006	3.076686766574084e-14
0.13000000000000006	2.9882371292039094e-14
0.14000000000000007	2.9093911371785716e-14
0.15000000000000008	2.8385433947201108e-14
0.16000000000000003	2.774442333730719e-14
0.17000000000000004	2.7160954760071237e-14
0.18000000000000002	2.66270406896595e-14
0.19000000000000003	2.6136168719570618e-14
0.20000000000000004	2.5682967785632255e-14
0.21000000000000002	2.5262962529336447e-14
0.22000000000000003	2.4872389488300493e-14
0.23000000000000004	2.450805748614883e-14
0.24000000000000005	2.416724016111943e-14
0.2500000000000001	2.384759222404332e-14
0.2600000000000001	2.3547083481421236e-14
0.27000000000000013	2.3263946327457408e-14
0.28000000000000014	2.299663356652752e-14
0.2900000000000001	2.2743784243425616e-14
0.3000000000000001	2.2504195741979234e-14
0.3100000000000001	2.227680083503971e-14
0.3200000000000001	2.2060648678531276e-14
0.3300000000000001	2.185488897180078e-14
0.3400000000000001	2.1658758678467684e-14
0.3500000000000001	2.1471570832026226e-14
0.3600000000000001	2.1292705049731075e-14
0.3700000000000001	2.11215994546744e-14
0.38000000000000006	2.0957743765271805e-14
0.39000000000000007	2.0800673357684547e-14
0.4000000000000001	2.0649964143191797e-14
0.4100000000000001	2.0505228131433965e-14
0.4200000000000001	2.03661095734889e-14
0.43000000000000016	2.0232281597238194e-14
0.44000000000000017	2.010344326239501e-14
0.4500000000000002	1.9979316974663672e-14
0.4600000000000002	1.9859646208360907e-14
0.47000000000000014	1.9744193494908993e-14
0.48000000000000015	1.9632738641267258e-14
0.49000000000000016	1.9525077147834512e-14
0.5000000000000002	1.9421018799967067e-14
0.5100000000000001	1.93203864110037e-14
0.52	1.9223014697910367e-14
0.53	1.912874927330709e-14
0.54	1.9037445739899142e-14
0.55	1.894896887523729e-14
0.56	1.8863191896340854e-14
0.5700000000000001	1.877999579509589e-14
0.5800000000000001	1.8699268736524087e-14
0.5900000000000001	1.8620905512995952e-14
0.6	1.854480704835334e-14
0.6100000000000001	1.847087994663063e-14
0.6200000000000001	1.839903608070482e-14
0.6300000000000001	1.832919221677802e-14
0.6400000000000001	1.826126967104261e-14
0.6500000000000001	1.819519399533431e-14
0.6600000000000001	1.8130894688914956e-14
0.6700000000000002	1.8068304933859723e-14
0.6800000000000002	1.8007361351799635e-14
0.6900000000000001	1.7948003780003624e-14
0.7000000000000002	1.7890175065019686e-14
0.7100000000000002	1.7833820872265002e-14
0.7200000000000002	1.7778889510124562e-14
0.7300000000000002	1.772533176728036e-14
0.7400000000000002	1.767310076209972e-14
0.7500000000000002	1.7622151803050486e-14
0.7600000000000002	1.757244225919026e-14
0.7700000000000002	1.7523931439896214e-14
0.7800000000000001	1.747658048304816e-14
0.79	1.74303522509934e-14
0.8	1.7385211233639222e-14
0.81	1.734112345812032e-14
0.8200000000000001	1.7298056404511842e-14
0.8300000000000001	1.7255978927117408e-14
0.8400000000000001	1.7214861180901714e-14
0.8500000000000001	1.7174674552679007e-14
0.8600000000000001	1.7135391596687993e-14
0.87	1.709698597424062e-14
0.8800000000000001	1.7059432397131992e-14
0.8900000000000001	1.7022706574544217e-14
0.9000000000000001	1.698678516318912e-14
0.9100000000000001	1.6951645720462446e-14
0.9200000000000002	1.6917266660390384e-14
0.9300000000000002	1.6883627212183777e-14
0.9400000000000002	1.6850707381208653e-14
0.9500000000000002	1.6818487912217826e-14
0.9600000000000001	1.678695025468287e-14
0.97	1.675607653009411e-14
0.98	1.672584950108926e-14
0.99	1.6696252542297236e-14
1.	1.6667269612786567e-14
1.01	1.6638885230006556e-14
1.02	1.6611084445140898e-14
1.03	1.6583852819765643e-14
1.04	1.6557176403750625e-14
1.05	1.6531041714313526e-14
1.06	1.6505435716156744e-14
1.07	1.6480345802629892e-14
1.08	1.6455759777848934e-14
1.09	1.6431665839716495e-14
1.1	1.6408052563791584e-14
1.11	1.6384908887957592e-14
1.12	1.6362224097843547e-14
1.1300000000000001	1.6339987812954878e-14
1.1400000000000001	1.6318189973471208e-14
1.1500000000000001	1.629682082767855e-14
1.1600000000000001	1.6275870919994086e-14
1.1700000000000002	1.625533107955709e-14
1.1800000000000002	1.623519240934839e-14
1.1900000000000002	1.621544627581462e-14
1.2000000000000002	1.6196084298967287e-14
1.2100000000000002	1.617709834293301e-14
1.2200000000000002	1.6158480506927732e-14
1.2300000000000002	1.6140223116637514e-14
1.24	1.612231871597805e-14
1.25	1.610476005922051e-14
1.26	1.6087540103459103e-14
1.27	1.6070652001405284e-14
1.28	1.6054089094491805e-14
1.29	1.6037844906271306e-14
1.3	1.6021913136094132e-14
1.31	1.6006287653051226e-14
1.32	1.5990962490170405e-14
1.3300000000000003	1.5975931838852093e-14
1.3400000000000003	1.5961190043533812e-14
1.3500000000000003	1.594673159657285e-14
1.3600000000000003	1.593255113333546e-14
1.3700000000000003	1.59186434274824e-14
1.3800000000000003	1.590500338644552e-14
1.3900000000000003	1.5891626047078856e-14
1.4000000000000004	1.587850657148713e-14
1.4100000000000004	1.5865640243009257e-14
1.4200000000000002	1.585302246236621e-14
1.4300000000000002	1.584064874394881e-14
1.4400000000000002	1.5828514712253856e-14
1.4500000000000002	1.5816616098453958e-14
1.4600000000000002	1.5804948737093324e-14
1.4700000000000002	1.579350856291307e-14
1.4800000000000002	1.578229160778925e-14
1.4900000000000002	1.577129399778818e-14
1.5000000000000002	1.5760511950328357e-14