0.	2.868140116896864e-13
0.001	2.868140116896864e-13
0.002	2.868140116896864e-13
0.003	2.868140116896864e-13
0.004	2.868140116896864e-13
0.005	2.868140116896864e-13
0.006	2.868140116896864e-13
0.007	2.868140116896864e-13
0.008	2.868140116896864e-13
0.009000000000000001	2.868140116896864e-13
0.01	2.868140116896864e-13
0.011	2.868140116896864e-13
0.012	2.868140116896864e-13
0.013000000000000001	2.868140116896864e-13
0.014	2.868140116896864e-13
0.015	2.868140116896864e-13
0.016	2.868140116896864e-13
0.017	2.868140116896864e-13
0.018000000000000002	2.868140116896864e-13
0.019	2.868140116896864e-13
0.02	2.868140116896864e-13
0.021	2.868140116896864e-13
0.022	2.868140116896864e-13
0.023	2.868140116896864e-13
0.024	2.868140116896864e-13
0.025	2.868140116896864e-13
0.026000000000000002	2.8687800304607417e-13
0.027	2.873091823076975e-13
0.028	2.8773830048075165e-13
0.029	2.8816538407262957e-13
0.03	2.8859045903660447e-13
0.031	2.890135507878181e-13
0.032	2.894346842186855e-13
0.033	2.8985388371373594e-13
0.034	2.9027117316392027e-13
0.035	2.9068657598040374e-13
0.036000000000000004	2.911001151078702e-13
0.037	2.915118130373558e-13
0.038	2.919216918186337e-13
0.039	2.923297730721691e-13
0.04	2.9273607800066217e-13
0.041	2.9314062740019527e-13
0.042	2.9354344167100285e-13
0.043000000000000003	2.939445408278772e-13
0.044	2.9434394451022714e-13
0.045	2.9474167199180243e-13
0.046	2.9513774219009645e-13
0.047	2.955321736754431e-13
0.048	2.9592498467981647e-13
0.049	2.9631619310534763e-13
0.05	2.9670581653256755e-13
0.051000000000000004	2.9709387222838895e-13
0.052000000000000005	2.9748037715383486e-13
0.053	2.978653479715258e-13
0.054	2.982488010529324e-13
0.055	2.986307524854054e-13
0.056	2.9901121807898754e-13
0.057	2.993902133730187e-13
0.058	2.997677536425405e-13
0.059000000000000004	3.0014385390450825e-13
0.06	3.0051852892381593e-13
0.061	3.0089179321914373e-13
0.062	3.0126366106863126e-13
0.063	3.016341465153849e-13
0.064	3.0200326337282523e-13
0.065	3.023710252298785e-13
0.066	3.027374454560189e-13
0.067	3.031025372061672e-13
0.068	3.034663134254493e-13
0.069	3.0382878685382107e-13
0.07	3.041899700305624e-13
0.07100000000000001	3.045498752986474e-13
0.07200000000000001	3.0490851480899154e-13
0.073	3.052659005245828e-13
0.074	3.056220442244998e-13
0.075	3.059769575078198e-13
0.076	3.0633065179742146e-13
0.077	3.0668313834368485e-13
0.078	3.070344282280926e-13
0.079	3.0738453236673537e-13
0.08	3.0773346151372467e-13
0.081	3.0808122626451554e-13
0.082	3.0842783705914327e-13
0.083	3.087733041853748e-13
0.084	3.0911763778177935e-13
0.085	3.0946084784072045e-13
0.08600000000000001	3.0980294421127117e-13
0.08700000000000001	3.1014393660205473e-13
0.088	3.1048383458401446e-13
0.089	3.1082264759311293e-13
0.09	3.111603849329651e-13
0.091	3.1149705577740467e-13
0.092	3.1183266917298724e-13
0.093	3.121672340414329e-13
0.094	3.1250075918200814e-13
0.095	3.1283325327384955e-13
0.096	3.1316472487823275e-13
0.097	3.134951824407852e-13
0.098	3.1382463429364683e-13
0.099	3.141530886575793e-13
0.1	3.1448055364402434e-13
0.101	3.1480703725711496e-13
0.10200000000000001	3.151325473956389e-13
0.10300000000000001	3.1545709185495546e-13
0.10400000000000001	3.157806783288694e-13
0.105	3.1610331441146054e-13
0.106	3.1642500759887136e-13
0.107	3.1674576529105397e-13
0.108	3.1706559479347795e-13
0.109	3.1738450331879834e-13
0.11	3.1770249798848666e-13
0.111	3.1801958583442595e-13
0.112	3.1833577380046903e-13
0.113	3.1865106874396353e-13
0.114	3.1896547743724205e-13
0.115	3.192790065690804e-13
0.116	3.1959166274612335e-13
0.117	3.199034524942803e-13
0.11800000000000001	3.2021438226008967e-13
0.11900000000000001	3.20524458412054e-13
0.12	3.208336872419472e-13
0.121	3.211420749660934e-13
0.122	3.214496277266183e-13
0.123	3.2175635159267467e-13
0.124	3.220622525616414e-13
0.125	3.2236733656029793e-13
0.126	3.226716094459745e-13
0.127	3.2297507700767694e-13
0.128	3.2327774496719013e-13
0.129	3.235796189801576e-13
0.13	3.2388070463713976e-13
0.131	3.2418100746464896e-13
0.132	3.2448053292616605e-13
0.133	3.247792864231342e-13
0.134	3.250772732959335e-13
0.135	3.2537449882483654e-13
0.136	3.256709682309442e-13
0.137	3.2596668667710254e-13
0.138	3.2626165926880353e-13
0.139	3.265558910550652e-13
0.14	3.268493870292966e-13
0.14100000000000001	3.271421521301454e-13
0.14200000000000002	3.2743419124232816e-13
0.14300000000000002	3.2772550919744636e-13
0.14400000000000002	3.2801611077478445e-13
0.145	3.2830600070209434e-13
0.146	3.285951836563638e-13
0.147	3.2888366426457153e-13
0.148	3.291714471044261e-13
0.149	3.294585367050925e-13
0.15	3.297449375479042e-13
0.151	3.300306540670624e-13
0.152	3.303156906503222e-13
0.153	3.306000516396646e-13
0.154	3.30883741331959e-13
0.155	3.311667639796103e-13
0.156	3.3144912379119717e-13
0.157	3.3173082493209507e-13
0.158	3.320118715250919e-13
0.159	3.3229226765098967e-13
0.16	3.3257201734919646e-13
0.161	3.3285112461830677e-13
0.162	3.3312959341667346e-13
0.163	3.334074276629669e-13
0.164	3.336846312367265e-13
0.165	3.339612079789016e-13
0.166	3.3423716169238114e-13
0.167	3.345124961425175e-13
0.168	3.34787215057638e-13
0.169	3.3506132212954943e-13
0.17	3.3533482101403267e-13
0.171	3.356077153313296e-13
0.17200000000000001	3.358800086666213e-13
0.17300000000000001	3.361517045704971e-13
0.17400000000000002	3.364228065594177e-13
0.17500000000000002	3.366933181161688e-13
0.176	3.369632426903065e-13
0.177	3.372325836985978e-13
0.178	3.3750134452545047e-13
0.179	3.3776952852333756e-13
0.18	3.380371390132154e-13
0.181	3.383041792849322e-13
0.182	3.3857065259763244e-13
0.183	3.3883656218015316e-13
0.184	3.391019112314138e-13
0.185	3.3936670292080025e-13
0.186	3.3963094038854194e-13
0.187	3.398946267460831e-13
0.188	3.401577650764485e-13
0.189	3.404203584346019e-13
0.19	3.406824098478001e-13
0.191	3.4094392231594073e-13
0.192	3.4120489881190414e-13
0.193	3.4146534228189067e-13
0.194	3.417252556457515e-13
0.195	3.4198464179731564e-13
0.196	3.422435036047099e-13
0.197	3.425018439106758e-13
0.198	3.427596655328798e-13
0.199	3.430169712642201e-13
0.2	3.4327376387312796e-13
0.201	3.435300461038634e-13
0.202	3.4378582067680864e-13
0.203	3.440410902887549e-13
0.20400000000000001	3.442958576131859e-13
0.20500000000000002	3.445501253005563e-13
0.20600000000000002	3.448038959785672e-13
0.20700000000000002	3.4505717225243486e-13
0.20800000000000002	3.4530995670515906e-13
0.209	3.4556225189778354e-13
0.21	3.4581406036965575e-13
0.211	3.4606538463868015e-13
0.212	3.4631622720156985e-13
0.213	3.4656659053409233e-13
0.214	3.468164770913143e-13
0.215	3.4706588930783963e-13
0.216	3.473148295980464e-13
0.217	3.475633003563192e-13
0.218	3.4781130395727825e-13
0.219	3.480588427560058e-13
0.22	3.4830591908826787e-13
0.221	3.4855253527073393e-13
0.222	3.4879869360119346e-13
0.223	3.4904439635876787e-13
0.224	3.4928964580412136e-13
0.225	3.495344441796679e-13
0.226	3.4977879370977396e-13
0.227	3.500226966009615e-13
0.228	3.502661550421045e-13
0.229	3.5050917120462546e-13
0.23	3.507517472426867e-13
0.231	3.5099388529338174e-13
0.232	3.51235587476922e-13
0.233	3.5147685589682087e-13
0.234	3.5171769264007646e-13
0.23500000000000001	3.519580997773506e-13
0.23600000000000002	3.5219807936314676e-13
0.23700000000000002	3.524376334359831e-13
0.23800000000000002	3.5267676401856594e-13
0.23900000000000002	3.5291547311795947e-13
0.24	3.531537627257523e-13
0.241	3.533916348182233e-13
0.242	3.536290913565049e-13
0.243	3.5386613428674237e-13
0.244	3.541027655402545e-13
0.245	3.543389870336879e-13
0.246	3.5457480066917283e-13
0.247	3.5481020833447424e-13
0.248	3.550452119031431e-13
0.249	3.5527981323466353e-13
0.25	3.5551401417460005e-13
0.251	3.557478165547403e-13
0.252	3.5598122219323917e-13
0.253	3.5621423289475845e-13
0.254	3.5644685045060493e-13
0.255	3.5667907663886827e-13
0.256	3.5691091322455545e-13
0.257	3.571423619597237e-13
0.258	3.5737342458361314e-13
0.259	3.576041028227752e-13
0.26	3.5783439839120173e-13
0.261	3.5806431299045147e-13
0.262	3.5829384830977434e-13
0.263	3.5852300602623506e-13
0.264	3.587517878048347e-13
0.265	3.5898019529863176e-13
0.266	3.592082301488586e-13
0.267	3.5943589398504105e-13
0.268	3.5966318842511233e-13
0.269	3.5989011507552777e-13
0.27	3.601166755313778e-13
0.271	3.60342871376499e-13
0.272	3.605687041835835e-13
0.273	3.607941755142889e-13
0.274	3.6101928691934425e-13
0.275	3.6124403993865597e-13
0.276	3.6146843610141356e-13
0.277	3.616924769261914e-13
0.278	3.619161639210516e-13
0.279	3.621394985836451e-13
0.28	3.6236248240131005e-13
0.281	3.6258511685117104e-13
0.28200000000000003	3.628074034002361e-13
0.28300000000000003	3.630293435054916e-13
0.28400000000000003	3.632509386139993e-13
0.28500000000000003	3.634721901629878e-13
0.28600000000000003	3.63693099579945e-13
0.28700000000000003	3.639136682827118e-13
0.28800000000000003	3.6413389767956993e-13
0.289	3.643537891693325e-13
0.29	3.645733441414311e-13
0.291	3.6479256397600426e-13
0.292	3.6501145004398305e-13
0.293	3.6523000370717486e-13
0.294	3.654482263183491e-13
0.295	3.6566611922131976e-13
0.296	3.658836837510273e-13
0.297	3.661009212336196e-13
0.298	3.663178329865331e-13
0.299	3.6653442031857004e-13
0.3	3.667506845299797e-13
0.301	3.6696662691253273e-13
0.302	3.6718224874959987e-13
0.303	3.673975513162273e-13
0.304	3.6761253587920955e-13
0.305	3.6782720369716676e-13
0.306	3.680415560206143e-13
0.307	3.682555940920369e-13
0.308	3.6846931914595986e-13
0.309	3.6868273240901944e-13
0.31	3.6889583510003273e-13
0.311	3.691086284300669e-13
0.312	3.693211136025062e-13
0.313	3.695332918131216e-13
0.314	3.697451642501355e-13
0.315	3.6995673209428857e-13
0.316	3.701679965189053e-13
0.317	3.7037895868995757e-13
0.318	3.7058961976612946e-13
0.319	3.707999808988797e-13
0.32	3.710100432325038e-13
0.321	3.712198079041965e-13
0.322	3.7142927604411236e-13
0.323	3.7163844877542613e-13
0.324	3.7184732721439233e-13
0.325	3.720559124704049e-13
0.326	3.722642056460546e-13
0.327	3.7247220783718737e-13
0.328	3.726799201329614e-13
0.329	3.728873436159036e-13
0.33	3.7309447936196575e-13
0.331	3.7330132844057914e-13
0.332	3.7350789191471027e-13
0.333	3.737141708409136e-13
0.334	3.739201662693868e-13
0.335	3.7412587924402187e-13
0.336	3.743313108024595e-13
0.337	3.745364619761389e-13
0.338	3.7474133379035086e-13
0.339	3.7494592726428763e-13
0.34	3.751502434110928e-13
0.341	3.753542832379121e-13
0.342	3.755580477459416e-13
0.343	3.7576153793047656e-13
0.34400000000000003	3.7596475478096027e-13
0.34500000000000003	3.761676992810308e-13
0.34600000000000003	3.7637037240856825e-13
0.34700000000000003	3.765727751357424e-13
0.34800000000000003	3.7677490842905786e-13
0.34900000000000003	3.7697677324939985e-13
0.35000000000000003	3.771783705520801e-13
0.35100000000000003	3.773797012868805e-13
0.352	3.7758076639809917e-13
0.353	3.7778156682459256e-13
0.354	3.7798210349981967e-13
0.355	3.7818237735188483e-13
0.356	3.783823893035804e-13
0.357	3.7858214027242897e-13
0.358	3.7878163117072466e-13
0.359	3.7898086290557413e-13
0.36	3.79179836378939e-13
0.361	3.7937855248767366e-13
0.362	3.79577012123568e-13
0.363	3.797752161733847e-13
0.364	3.7997316551890076e-13
0.365	3.8017086103694366e-13
0.366	3.803683035994326e-13
0.367	3.8056549407341423e-13
0.368	3.8076243332110145e-13
0.369	3.809591221999111e-13
0.37	3.811555615625006e-13
0.371	3.813517522568031e-13
0.372	3.815476951260656e-13
0.373	3.817433910088854e-13
0.374	3.8193884073924203e-13
0.375	3.8213404514653676e-13
0.376	3.82329005055624e-13
0.377	3.8252372128684843e-13
0.378	3.8271819465607753e-13
0.379	3.8291242597473533e-13
0.38	3.8310641604983714e-13
0.381	3.833001656840219e-13
0.382	3.834936756755846e-13
0.383	3.8368694681851015e-13
0.384	3.8387997990250417e-13
0.385	3.8407277571302614e-13
0.386	3.842653350313202e-13
0.387	3.8445765863444684e-13
0.388	3.846497472953137e-13
0.389	3.848416017827067e-13
0.39	3.8503322286131955e-13
0.391	3.852246112917851e-13
0.392	3.854157678307049e-13
0.393	3.8560669323067817e-13
0.394	3.857973882403317e-13
0.395	3.859878536043481e-13
0.396	3.861780900634962e-13
0.397	3.8636809835465725e-13
0.398	3.865578792108556e-13
0.399	3.8674743336128453e-13
0.4	3.8693676153133557e-13
0.401	3.87125864442625e-13
0.402	3.873147428130212e-13
0.403	3.875033973566718e-13
0.404	3.8769182878403054e-13
0.405	3.8788003780188385e-13
0.406	3.880680251133753e-13
0.40700000000000003	3.8825579141803457e-13
0.40800000000000003	3.8844333741180133e-13
0.40900000000000003	3.886306637870501e-13
0.41000000000000003	3.8881777123261764e-13
0.41100000000000003	3.890046604338262e-13
0.41200000000000003	3.891913320725089e-13
0.41300000000000003	3.8937778682703494e-13
0.41400000000000003	3.895640253723328e-13
0.41500000000000004	3.8975004837991574e-13
0.41600000000000004	3.8993585651790437e-13
0.417	3.901214504510512e-13
0.418	3.9030683084076407e-13
0.419	3.9049199834512994e-13
0.42	3.90676953618936e-13
0.421	3.908616973136955e-13
0.422	3.910462300776678e-13
0.423	3.91230552555883e-13
0.424	3.914146653901623e-13
0.425	3.9159856921914116e-13
0.426	3.917822646782916e-13
0.427	3.9196575239994294e-13
0.428	3.9214903301330354e-13
0.429	3.923321071444825e-13
0.43	3.925149754165109e-13
0.431	3.926976384493619e-13
0.432	3.928800968599726e-13
0.433	3.930623512622635e-13
0.434	3.9324440226716036e-13
0.435	3.9342625048261306e-13
0.436	3.9360789651361585e-13
0.437	3.9378934096222837e-13
0.438	3.9397058442759455e-13
0.439	3.9415162750596206e-13
0.44	3.943324707907012e-13
0.441	3.945131148723254e-13
0.442	3.9469356033851006e-13
0.443	3.9487380777411046e-13
0.444	3.9505385776118105e-13
0.445	3.9523371087899393e-13
0.446	3.954133677040581e-13
0.447	3.955928288101358e-13
0.448	3.9577209476826326e-13
0.449	3.9595116614676604e-13
0.45	3.9613004351127855e-13
0.451	3.9630872742476084e-13
0.452	3.964872184475165e-13
0.453	3.966655171372101e-13
0.454	3.9684362404888434e-13
0.455	3.970215397349767e-13
0.456	3.971992647453366e-13
0.457	3.973767996272426e-13
0.458	3.9755414492541863e-13
0.459	3.9773130118205024e-13
0.46	3.979082689368021e-13
0.461	3.9808504872683256e-13
0.462	3.9826164108681124e-13
0.463	3.9843804654893473e-13
0.464	3.986142656429411e-13
0.465	3.987902988961275e-13
0.466	3.9896614683336436e-13
0.467	3.991418099771123e-13
0.468	3.9931728884743507e-13
0.46900000000000003	3.9949258396201763e-13
0.47000000000000003	3.9966769583617867e-13
0.47100000000000003	3.9984262498288815e-13
0.47200000000000003	4.0001737191277883e-13
0.47300000000000003	4.0019193713416493e-13
0.47400000000000003	4.0036632115305296e-13
0.47500000000000003	4.005405244731592e-13
0.47600000000000003	4.007145475959222e-13
0.47700000000000004	4.0088839102051724e-13
0.47800000000000004	4.0106205524387204e-13
0.47900000000000004	4.012355407606785e-13
0.48	4.014088480634082e-13
0.481	4.0158197764232575e-13
0.482	4.0175492998550267e-13
0.483	4.019277055788305e-13
0.484	4.021003049060343e-13
0.485	4.02272728448687e-13
0.486	4.0244497668622095e-13
0.487	4.026170500959433e-13
0.488	4.027889491530469e-13
0.489	4.0296067433062506e-13
0.49	4.0313222609968214e-13
0.491	4.0330360492914934e-13
0.492	4.034748112858945e-13
0.493	4.0364584563473666e-13
0.494	4.0381670843845763e-13
0.495	4.039874001578138e-13
0.496	4.041579212515502e-13
0.497	4.0432827217641016e-13
0.498	4.0449845338715033e-13
0.499	4.0466846533654985e-13
0.5	4.048383084754241e-13
0.501	4.050079832526358e-13
0.502	4.051774901151067e-13
0.503	4.0534682950782957e-13
0.504	4.055160018738794e-13
0.505	4.0568500765442455e-13
0.506	4.0585384728873917e-13
0.507	4.0602252121421316e-13
0.508	4.0619102986636463e-13
0.509	4.063593736788495e-13
0.51	4.065275530834741e-13
0.511	4.06695568510205e-13
0.512	4.0686342038718087e-13
0.513	4.070311091407212e-13
0.514	4.071986351953398e-13
0.515	4.073659989737534e-13
0.516	4.0753320089689296e-13
0.517	4.077002413839137e-13
0.518	4.0786712085220603e-13
0.519	4.0803383971740523e-13
0.52	4.0820039839340184e-13
0.521	4.0836679729235253e-13
0.522	4.085330368246889e-13
0.523	4.0869911739912845e-13
0.524	4.0886503942268406e-13
0.525	4.0903080330067403e-13
0.526	4.0919640943673175e-13
0.527	4.0936185823281554e-13
0.528	4.09527150089218e-13
0.529	4.0969228540457576e-13
0.53	4.098572645758783e-13
0.531	4.1002208799847916e-13
0.532	4.101867560661034e-13
0.533	4.1035126917085796e-13
0.534	4.1051562770323967e-13
0.535	4.1067983205214656e-13
0.536	4.1084388260488465e-13
0.537	4.110077797471783e-13
0.538	4.111715238631783e-13
0.539	4.113351153354722e-13
0.54	4.1149855454509123e-13
0.541	4.1166184187152043e-13
0.542	4.1182497769270685e-13
0.543	4.119879623850686e-13
0.544	4.1215079632350244e-13
0.545	4.123134798813932e-13
0.546	4.1247601343062176e-13
0.547	4.126383973415742e-13
0.548	4.1280063198314883e-13
0.549	4.129627177227652e-13
0.55	4.131246549263732e-13
0.551	4.132864439584593e-13
0.552	4.134480851820561e-13
0.553	4.136095789587491e-13
0.554	4.1377092564868685e-13
0.555	4.139321256105865e-13
0.556	4.1409317920174275e-13
0.557	4.1425408677803603e-13
0.558	4.1441484869393974e-13
0.559	4.145754653025269e-13
0.56	4.147359369554806e-13
0.561	4.1489626400309904e-13
0.562	4.1505644679430397e-13
0.5630000000000001	4.1521648567664767e-13
0.5640000000000001	4.1537638099632235e-13
0.5650000000000001	4.1553613309816423e-13
0.5660000000000001	4.156957423256639e-13
0.5670000000000001	4.158552090209722e-13
0.5680000000000001	4.160145335249073e-13
0.5690000000000001	4.161737161769628e-13
0.5700000000000001	4.163327573153134e-13
0.5710000000000001	4.164916572768241e-13
0.5720000000000001	4.1665041639705495e-13
0.5730000000000001	4.1680903501026983e-13
0.5740000000000001	4.169675134494421e-13
0.5750000000000001	4.1712585204626287e-13
0.5760000000000001	4.172840511311459e-13
0.577	4.1744211103323666e-13
0.578	4.1760003208041747e-13
0.579	4.1775781459931485e-13
0.58	4.179154589153053e-13
0.581	4.1807296535252366e-13
0.582	4.1823033423386854e-13
0.583	4.1838756588100837e-13
0.584	4.185446606143891e-13
0.585	4.187016187532396e-13
0.586	4.1885844061557906e-13
0.587	4.1901512651822214e-13
0.588	4.1917167677678595e-13
0.589	4.193280917056972e-13
0.59	4.1948437161819576e-13
0.591	4.1964051682634515e-13
0.592	4.1979652764103326e-13
0.593	4.1995240437198383e-13
0.594	4.2010814732775815e-13
0.595	4.202637568157638e-13
0.596	4.204192331422597e-13
0.597	4.205745766123625e-13
0.598	4.20729787530051e-13
0.599	4.2088486619817467e-13
0.6	4.2103981291845624e-13
0.601	4.2119462799150044e-13
0.602	4.213493117167979e-13
0.603	4.215038643927317e-13
0.604	4.216582863165828e-13
0.605	4.2181257778453543e-13
0.606	4.21966739091683e-13
0.607	4.221207705320338e-13
0.608	4.2227467239851586e-13
0.609	4.2242844498298344e-13
0.61	4.2258208857622175e-13
0.611	4.2273560346795256e-13
0.612	4.2288898994683933e-13
0.613	4.230422483004934e-13
0.614	4.2319537881547807e-13
0.615	4.2334838177731525e-13
0.616	4.2350125747048917e-13
0.617	4.236540061784533e-13
0.618	4.238066281836334e-13
0.619	4.23959123767436e-13
0.62	4.24111493210249e-13
0.621	4.242637367914511e-13
0.622	4.2441585478941417e-13
0.623	4.2456784748150817e-13
0.624	4.2471971514410905e-13
0.625	4.248714580525993e-13
0.626	4.2502307648137784e-13
0.627	4.251745707038594e-13
0.628	4.2532594099248473e-13
0.629	4.2547718761872143e-13
0.63	4.2562831085307114e-13
0.631	4.25779310965073e-13
0.632	4.259301882233087e-13
0.633	4.26080942895408e-13
0.634	4.262315752480525e-13
0.635	4.263820855469796e-13
0.636	4.2653247405698943e-13
0.637	4.2668274104194767e-13
0.638	4.268328867647898e-13
0.639	4.2698291148752687e-13
0.64	4.271328154712498e-13
0.641	4.2728259897613277e-13
0.642	4.2743226226143874e-13
0.643	4.275818055855242e-13
0.644	4.27731229205842e-13
0.645	4.2788053337894726e-13
0.646	4.2802971836050056e-13
0.647	4.2817878440527313e-13
0.648	4.2832773176715086e-13
0.649	4.284765606991384e-13
0.65	4.2862527145336327e-13
0.651	4.287738642810806e-13
0.652	4.289223394326776e-13
0.653	4.29070697157675e-13
0.654	4.292189377047358e-13
0.655	4.293670613216658e-13
0.656	4.295150682554182e-13
0.657	4.2966295875209907e-13
0.658	4.298107330569707e-13
0.659	4.299583914144542e-13
0.66	4.301059340681362e-13
0.661	4.302533612607699e-13
0.662	4.30400673234282e-13
0.663	4.305478702297732e-13
0.664	4.3069495248752586e-13
0.665	4.308419202470048e-13
0.666	4.309887737468625e-13
0.667	4.3113551322494227e-13
0.668	4.312821389182836e-13
0.669	4.3142865106312377e-13
0.67	4.3157504989490286e-13
0.671	4.317213356482675e-13
0.672	4.318675085570741e-13
0.673	4.3201356885439337e-13
0.674	4.3215951677251193e-13
0.675	4.323053525429393e-13
0.676	4.3245107639640785e-13
0.677	4.325966885628794e-13
0.678	4.3274218927154666e-13
0.679	4.3288757875083857e-13
0.68	4.33032857228422e-13
0.681	4.3317802493120704e-13
0.682	4.333230820853491e-13
0.683	4.334680289162531e-13
0.684	4.3361286564857666e-13
0.685	4.3375759250623387e-13
0.686	4.3390220971239777e-13
0.687	4.3404671748950577e-13
0.6880000000000001	4.3419111605926006e-13
0.6890000000000001	4.343354056426339e-13
0.6900000000000001	4.344795864598726e-13
0.6910000000000001	4.3462365873049863e-13
0.6920000000000001	4.3476762267331367e-13
0.6930000000000001	4.349114785064022e-13
0.6940000000000001	4.350552264471358e-13
0.6950000000000001	4.351988667121743e-13
0.6960000000000001	4.3534239951747094e-13
0.6970000000000001	4.3548582507827515e-13
0.6980000000000001	4.3562914360913397e-13
0.6990000000000001	4.357723553238978e-13
0.7000000000000001	4.359154604357226e-13
0.7010000000000001	4.3605845915707136e-13
0.7020000000000001	4.3620135169972027e-13
0.7030000000000001	4.3634413827475936e-13
0.704	4.3648681909259613e-13
0.705	4.366293943629595e-13
0.706	4.3677186429490234e-13
0.707	4.369142290968027e-13
0.708	4.37056488976371e-13
0.709	4.371986441406481e-13
0.71	4.3734069479601263e-13
0.711	4.3748264114818066e-13
0.712	4.376244834022098e-13
0.713	4.3776622176250354e-13
0.714	4.3790785643281133e-13
0.715	4.3804938761623456e-13
0.716	4.381908155152267e-13
0.717	4.383321403315977e-13
0.718	4.38473362266516e-13
0.719	4.3861448152051244e-13
0.72	4.3875549829348224e-13
0.721	4.3889641278468784e-13
0.722	4.390372251927618e-13
0.723	4.3917793571570975e-13
0.724	4.3931854455091244e-13
0.725	4.394590518951299e-13
0.726	4.3959945794450155e-13
0.727	4.3973976289455255e-13
0.728	4.3987996694019316e-13
0.729	4.4002007027572294e-13
0.73	4.401600730948339e-13
0.731	4.402999755906114e-13
0.732	4.4043977795553855e-13
0.733	4.405794803814977e-13
0.734	4.407190830597738e-13
0.735	4.408585861810559e-13
0.736	4.40997989935441e-13
0.737	4.4113729451243604e-13
0.738	4.412765001009599e-13
0.739	4.41415606889347e-13
0.74	4.4155461506534826e-13
0.741	4.416935248161357e-13
0.742	4.418323363283035e-13
0.743	4.4197104978787026e-13
0.744	4.42109665380282e-13
0.745	4.4224818329041513e-13
0.746	4.423866037025779e-13
0.747	4.425249268005134e-13
0.748	4.42663152767401e-13
0.749	4.4280128178586094e-13
0.75	4.42939314037954e-13
0.751	4.430772497051855e-13
0.752	4.4321508896850776e-13
0.753	4.4335283200832115e-13
0.754	4.434904790044783e-13
0.755	4.4362803013628403e-13
0.756	4.437654855825001e-13
0.757	4.439028455213455e-13
0.758	4.4404011013050055e-13
0.759	4.4417727958710694e-13
0.76	4.443143540677726e-13
0.761	4.4445133374857083e-13
0.762	4.445882188050464e-13
0.763	4.4472500941221425e-13
0.764	4.448617057445631e-13
0.765	4.4499830797605806e-13
0.766	4.451348162801421e-13
0.767	4.4527123082973836e-13
0.768	4.4540755179725346e-13
0.769	4.455437793545772e-13
0.77	4.456799136730867e-13
0.771	4.458159549236484e-13
0.772	4.459519032766186e-13
0.773	4.4608775890184753e-13
0.774	4.4622352196868083e-13
0.775	4.463591926459603e-13
0.776	4.464947711020276e-13
0.777	4.466302575047264e-13
0.778	4.4676565202140267e-13
0.779	4.469009548189083e-13
0.78	4.4703616606360297e-13
0.781	4.471712859213548e-13
0.782	4.4730631455754456e-13
0.783	4.4744125213706587e-13
0.784	4.475760988243277e-13
0.785	4.4771085478325727e-13
0.786	4.478455201772998e-13
0.787	4.479800951694233e-13
0.788	4.481145799221177e-13
0.789	4.4824897459739876e-13
0.79	4.483832793568099e-13
0.791	4.4851749436142315e-13
0.792	4.486516197718406e-13
0.793	4.4878565574819845e-13
0.794	4.489196024501672e-13
0.795	4.49053460036954e-13
0.796	4.4918722866730337e-13
0.797	4.493209084995021e-13
0.798	4.4945449969137776e-13
0.799	4.495880024003021e-13
0.8	4.4972141678319244e-13
0.801	4.498547429965145e-13
0.802	4.4998798119628267e-13
0.803	4.501211315380633e-13
0.804	4.5025419417697446e-13
0.805	4.5038716926769086e-13
0.806	4.505200569644417e-13
0.807	4.5065285742101657e-13
0.808	4.507855707907632e-13
0.809	4.509181972265928e-13
0.81	4.510507368809784e-13
0.811	4.511831899059601e-13
0.812	4.513155564531433e-13
0.8130000000000001	4.514478366737039e-13
0.8140000000000001	4.5158003071838605e-13
0.8150000000000001	4.517121387375081e-13
0.8160000000000001	4.518441608809606e-13
0.8170000000000001	4.5197609729821025e-13
0.8180000000000001	4.5210794813830064e-13
0.8190000000000001	4.522397135498544e-13
0.8200000000000001	4.5237139368107407e-13
0.8210000000000001	4.525029886797447e-13
0.8220000000000001	4.5263449869323465e-13
0.8230000000000001	4.527659238684984e-13
0.8240000000000001	4.528972643520759e-13
0.8250000000000001	4.530285202900965e-13
0.8260000000000001	4.531596918282805e-13
0.8270000000000001	4.5329077911193787e-13
0.8280000000000001	4.534217822859741e-13
0.8290000000000001	4.53552701494888e-13
0.8300000000000001	4.536835368827751e-13
0.8310000000000001	4.5381428859332927e-13
0.8320000000000001	4.539449567698442e-13
0.833	4.5407554155521384e-13
0.834	4.5420604309193585e-13
0.835	4.5433646152211084e-13
0.836	4.544667969874463e-13
0.837	4.545970496292563e-13
0.838	4.5472721958846305e-13
0.839	4.548573070056003e-13
0.84	4.549873120208125e-13
0.841	4.551172347738583e-13
0.842	4.552470754041096e-13
0.843	4.553768340505555e-13
0.844	4.555065108518022e-13
0.845	4.556361059460757e-13
0.846	4.557656194712213e-13
0.847	4.558950515647078e-13
0.848	4.56024402363626e-13
0.849	4.561536720046923e-13
0.85	4.562828606242485e-13
0.851	4.564119683582656e-13
0.852	4.565409953423419e-13
0.853	4.566699417117082e-13
0.854	4.567988076012247e-13
0.855	4.569275931453867e-13
0.856	4.570562984783239e-13
0.857	4.571849237338006e-13
0.858	4.573134690452208e-13
0.859	4.574419345456254e-13
0.86	4.575703203676958e-13
0.861	4.576986266437553e-13
0.862	4.578268535057695e-13
0.863	4.579550010853481e-13
0.864	4.58083069513747e-13
0.865	4.582110589218679e-13
0.866	4.583389694402613e-13
0.867	4.584668011991263e-13
0.868	4.585945543283136e-13
0.869	4.587222289573251e-13
0.87	4.588498252153171e-13
0.871	4.589773432310985e-13
0.872	4.591047831331365e-13
0.873	4.592321450495536e-13
0.874	4.593594291081317e-13
0.875	4.594866354363114e-13
0.876	4.596137641611949e-13
0.877	4.597408154095465e-13
0.878	4.598677893077941e-13
0.879	4.599946859820292e-13
0.88	4.601215055580108e-13
0.881	4.602482481611637e-13
0.882	4.603749139165813e-13
0.883	4.605015029490269e-13
0.884	4.606280153829341e-13
0.885	4.607544513424091e-13
0.886	4.608808109512299e-13
0.887	4.610070943328501e-13
0.888	4.611333016103993e-13
0.889	4.612594329066816e-13
0.89	4.613854883441813e-13
0.891	4.615114680450596e-13
0.892	4.616373721311606e-13
0.893	4.617632007240069e-13
0.894	4.618889539448056e-13
0.895	4.620146319144466e-13
0.896	4.62140234753505e-13
0.897	4.622657625822418e-13
0.898	4.623912155206045e-13
0.899	4.625165936882294e-13
0.9	4.626418972044428e-13
0.901	4.627671261882593e-13
0.902	4.628922807583874e-13
0.903	4.63017361033227e-13
0.904	4.631423671308724e-13
0.905	4.632672991691118e-13
0.906	4.633921572654308e-13
0.907	4.635169415370104e-13
0.908	4.636416521007308e-13
0.909	4.637662890731715e-13
0.91	4.638908525706121e-13
0.911	4.640153427090329e-13
0.912	4.641397596041165e-13
0.913	4.642641033712516e-13
0.914	4.643883741255279e-13
0.915	4.645125719817419e-13
0.916	4.646366970543973e-13
0.917	4.647607494577058e-13
0.918	4.648847293055858e-13
0.919	4.650086367116686e-13
0.92	4.651324717892921e-13
0.921	4.652562346515093e-13
0.922	4.653799254110843e-13
0.923	4.655035441804968e-13
0.924	4.656270910719387e-13
0.925	4.65750566197319e-13
0.926	4.658739696682647e-13
0.927	4.659973015961178e-13
0.928	4.661205620919412e-13
0.929	4.662437512665175e-13
0.93	4.663668692303485e-13
0.931	4.664899160936596e-13
0.932	4.666128919663968e-13
0.933	4.667357969582324e-13
0.934	4.668586311785604e-13
0.935	4.669813947365024e-13
0.936	4.671040877409054e-13
0.937	4.672267103003444e-13
0.9380000000000001	4.673492625231229e-13
0.9390000000000001	4.67471744517274e-13
0.9400000000000001	4.675941563905596e-13
0.9410000000000001	4.677164982504746e-13
0.9420000000000001	4.67838770204245e-13
0.9430000000000001	4.6796097235883e-13
0.9440000000000001	4.680831048209232e-13
0.9450000000000001	4.682051676969533e-13
0.9460000000000001	4.683271610930829e-13
0.9470000000000001	4.684490851152141e-13
0.9480000000000001	4.685709398689843e-13
0.9490000000000001	4.686927254597713e-13
0.9500000000000001	4.688144419926902e-13
0.9510000000000001	4.689360895725994e-13
0.9520000000000001	4.690576683040959e-13
0.9530000000000001	4.691791782915194e-13
0.9540000000000001	4.693006196389527e-13
0.9550000000000001	4.694219924502235e-13
0.9560000000000001	4.695432968289015e-13
0.9570000000000001	4.696645328783059e-13
0.9580000000000001	4.69785700701499e-13
0.9590000000000001	4.699068004012918e-13
0.96	4.700278320802427e-13
0.961	4.701487958406607e-13
0.962	4.702696917846034e-13
0.963	4.703905200138795e-13
0.964	4.705112806300487e-13
0.965	4.706319737344237e-13
0.966	4.707525994280709e-13
0.967	4.708731578118093e-13
0.968	4.709936489862147e-13
0.969	4.711140730516168e-13
0.97	4.712344301081035e-13
0.971	4.713547202555182e-13
0.972	4.714749435934645e-13
0.973	4.715951002213035e-13
0.974	4.717151902381562e-13
0.975	4.718352137429056e-13
0.976	4.719551708341947e-13
0.977	4.720750616104287e-13
0.978	4.72194886169777e-13
0.979	4.723146446101712e-13
0.98	4.724343370293087e-13
0.981	4.725539635246517e-13
0.982	4.726735241934293e-13
0.983	4.727930191326353e-13
0.984	4.729124484390349e-13
0.985	4.730318122091574e-13
0.986	4.731511105393055e-13
0.987	4.732703435255486e-13
0.988	4.733895112637292e-13
0.989	4.735086138494589e-13
0.99	4.736276513781242e-13
0.991	4.73746623944883e-13
0.992	4.738655316446675e-13
0.993	4.739843745721833e-13
0.994	4.741031528219136e-13
0.995	4.742218664881145e-13
0.996	4.743405156648222e-13
0.997	4.744591004458474e-13
0.998	4.745776209247806e-13
0.999	4.746960771949906e-13
1.	4.748144693496274e-13
1.0010000000000001	4.749327974816181e-13
1.002	4.750510616836732e-13
1.0030000000000001	4.751692620482856e-13
1.004	4.752873986677286e-13
1.0050000000000001	4.754054716340604e-13
1.006	4.755234810391216e-13
1.0070000000000001	4.756414269745389e-13
1.008	4.757593095317244e-13
1.0090000000000001	4.758771288018737e-13
1.01	4.759948848759727e-13
1.0110000000000001	4.761125778447911e-13
1.012	4.762302077988899e-13
1.0130000000000001	4.76347774828617e-13
1.014	4.764652790241102e-13
1.0150000000000001	4.76582720475297e-13
1.016	4.767000992718959e-13
1.0170000000000001	4.768174155034182e-13
1.018	4.769346692591644e-13
1.0190000000000001	4.770518606282321e-13
1.02	4.771689896995076e-13
1.0210000000000001	4.772860565616747e-13
1.022	4.774030613032108e-13
1.0230000000000001	4.775200040123891e-13
1.024	4.776368847772785e-13
1.025	4.777537036857445e-13
1.026	4.778704608254507e-13
1.027	4.779871562838593e-13
1.028	4.781037901482297e-13
1.029	4.782203625056207e-13
1.03	4.783368734428929e-13
1.031	4.784533230467059e-13
1.032	4.785697114035201e-13
1.033	4.786860385995992e-13
1.034	4.788023047210105e-13
1.035	4.789185098536207e-13
1.036	4.790346540831031e-13
1.037	4.791507374949354e-13
1.038	4.792667601743985e-13
1.039	4.793827222065808e-13
1.04	4.794986236763759e-13
1.041	4.796144646684845e-13
1.042	4.797302452674153e-13
1.043	4.798459655574836e-13
1.044	4.799616256228148e-13
1.045	4.800772255473434e-13
1.046	4.801927654148126e-13
1.047	4.80308245308778e-13
1.048	4.80423665312604e-13
1.049	4.805390255094681e-13
1.05	4.806543259823604e-13
1.051	4.807695668140827e-13
1.052	4.808847480872513e-13
1.053	4.809998698842939e-13
1.054	4.811149322874564e-13
1.055	4.812299353787979e-13
1.056	4.813448792401934e-13
1.057	4.814597639533347e-13
1.058	4.81574589599729e-13
1.059	4.816893562607031e-13
1.06	4.818040640174002e-13
1.061	4.819187129507825e-13
1.062	4.82033303141631e-13
1.063	4.821478346705477e-13
1.064	4.822623076179531e-13
1.065	4.823767220640893e-13
1.066	4.824910780890214e-13
1.067	4.826053757726316e-13
1.068	4.827196151946308e-13
1.069	4.828337964345481e-13
1.07	4.829479195717387e-13
1.071	4.830619846853804e-13
1.072	4.831759918544764e-13
1.073	4.832899411578556e-13
1.074	4.834038326741703e-13
1.075	4.835176664819024e-13
1.076	4.836314426593581e-13
1.077	4.83745161284672e-13
1.078	4.83858822435805e-13
1.079	4.839724261905483e-13
1.08	4.840859726265211e-13
1.081	4.84199461821172e-13
1.082	4.843128938517797e-13
1.083	4.844262687954528e-13
1.084	4.845395867291311e-13
1.085	4.846528477295866e-13
1.086	4.847660518734216e-13
1.087	4.848791992370732e-13
1.088	4.849922898968092e-13
1.089	4.85105323928732e-13
1.09	4.852183014087785e-13
1.091	4.853312224127189e-13
1.092	4.854440870161579e-13
1.093	4.855568952945383e-13
1.094	4.856696473231374e-13
1.095	4.857823431770683e-13
1.096	4.858949829312809e-13
1.097	4.860075666605643e-13
1.098	4.861200944395442e-13
1.099	4.862325663426857e-13
1.1	4.863449824442917e-13
1.101	4.864573428185047e-13
1.102	4.86569647539308e-13
1.103	4.866818966805251e-13
1.104	4.867940903158179e-13
1.105	4.86906228518694e-13
1.106	4.870183113624988e-13
1.107	4.871303389204226e-13
1.108	4.872423112654965e-13
1.109	4.873542284705962e-13
1.11	4.874660906084411e-13
1.111	4.875778977515925e-13
1.112	4.876896499724591e-13
1.113	4.87801347343293e-13
1.114	4.879129899361934e-13
1.115	4.880245778231043e-13
1.116	4.881361110758141e-13
1.117	4.882475897659627e-13
1.118	4.883590139650331e-13
1.119	4.884703837443586e-13
1.12	4.885816991751196e-13
1.121	4.886929603283457e-13
1.122	4.888041672749156e-13
1.123	4.889153200855564e-13
1.124	4.890264188308474e-13
1.125	4.891374635812172e-13
1.1260000000000001	4.892484544069436e-13
1.127	4.893593913781579e-13
1.1280000000000001	4.894702745648443e-13
1.129	4.895811040368354e-13
1.1300000000000001	4.896918798638198e-13
1.131	4.898026021153367e-13
1.1320000000000001	4.899132708607811e-13
1.133	4.900238861693999e-13
1.1340000000000001	4.901344481102953e-13
1.135	4.902449567524243e-13
1.1360000000000001	4.903554121645997e-13
1.137	4.90465814415488e-13
1.1380000000000001	4.905761635736135e-13
1.139	4.906864597073549e-13
1.1400000000000001	4.90796702884952e-13
1.141	4.909068931744965e-13
1.1420000000000001	4.910170306439405e-13
1.143	4.911271153610957e-13
1.1440000000000001	4.912371473936282e-13
1.145	4.913471268090686e-13
1.1460000000000001	4.914570536748007e-13
1.147	4.91566928058073e-13
1.1480000000000001	4.916767500259904e-13
1.149	4.917865196455214e-13
1.1500000000000001	4.918962369834945e-13
1.151	4.920059021065972e-13
1.1520000000000001	4.921155150813826e-13
1.153	4.922250759742629e-13
1.154	4.923345848515144e-13
1.155	4.924440417792756e-13
1.156	4.92553446823549e-13
1.157	4.926628000502002e-13
1.158	4.927721015249589e-13
1.159	4.928813513134193e-13
1.16	4.929905494810414e-13
1.161	4.930996960931495e-13
1.162	4.932087912149334e-13
1.163	4.933178349114493e-13
1.164	4.934268272476191e-13
1.165	4.935357682882344e-13
1.166	4.9364465809795e-13
1.167	4.937534967412901e-13
1.168	4.938622842826468e-13
1.169	4.939710207862795e-13
1.17	4.940797063163197e-13
1.171	4.941883409367627e-13
1.172	4.942969247114771e-13
1.173	4.944054577042004e-13
1.174	4.945139399785381e-13
1.175	4.946223715979706e-13
1.176	4.947307526258451e-13
1.177	4.948390831253809e-13
1.178	4.949473631596705e-13
1.179	4.950555927916784e-13
1.18	4.951637720842381e-13
1.181	4.952719011000594e-13
1.182	4.953799799017236e-13
1.183	4.954880085516854e-13
1.184	4.955959871122735e-13
1.185	4.957039156456918e-13
1.186	4.958117942140159e-13
1.187	4.959196228791986e-13
1.188	4.960274017030667e-13
1.189	4.961351307473242e-13
1.19	4.962428100735469e-13
1.191	4.96350439743192e-13
1.192	4.964580198175896e-13
1.193	4.96565550357948e-13
1.194	4.966730314253532e-13
1.195	4.967804630807674e-13
1.196	4.968878453850314e-13
1.197	4.969951783988652e-13
1.198	4.971024621828643e-13
1.199	4.972096967975079e-13
1.2	4.973168823031508e-13
1.201	4.974240187600274e-13
1.202	4.97531106228255e-13
1.203	4.976381447678273e-13
1.204	4.977451344386218e-13
1.205	4.978520753003948e-13
1.206	4.979589674127844e-13
1.207	4.980658108353109e-13
1.208	4.981726056273765e-13
1.209	4.982793518482645e-13
1.21	4.983860495571421e-13
1.211	4.984926988130582e-13
1.212	4.985992996749455e-13
1.213	4.987058522016201e-13
1.214	4.988123564517813e-13
1.215	4.989188124840135e-13
1.216	4.990252203567853e-13
1.217	4.991315801284506e-13
1.218	4.992378918572466e-13
1.219	4.993441556012973e-13
1.22	4.994503714186128e-13
1.221	4.99556539367088e-13
1.222	4.996626595045047e-13
1.223	4.997687318885312e-13
1.224	4.998747565767234e-13
1.225	4.999807336265232e-13
1.226	5.000866630952615e-13
1.227	5.001925450401568e-13
1.228	5.002983795183134e-13
1.229	5.004041665867273e-13
1.23	5.005099063022832e-13
1.231	5.006155987217518e-13
1.232	5.007212439017949e-13
1.233	5.008268418989655e-13
1.234	5.00932392769704e-13
1.235	5.010378965703437e-13
1.236	5.011433533571053e-13
1.237	5.012487631861033e-13
1.238	5.013541261133413e-13
1.239	5.014594421947149e-13
1.24	5.015647114860131e-13
1.241	5.016699340429147e-13
1.242	5.01775109920991e-13
1.243	5.018802391757068e-13
1.244	5.019853218624204e-13
1.245	5.020903580363812e-13
1.246	5.021953477527348e-13
1.247	5.023002910665168e-13
1.248	5.024051880326614e-13
1.249	5.02510038705993e-13
1.25	5.026148431412321e-13
1.2510000000000001	5.027196013929964e-13
1.252	5.028243135157943e-13
1.2530000000000001	5.029289795640335e-13
1.254	5.030335995920152e-13
1.2550000000000001	5.031381736539367e-13
1.256	5.03242701803894e-13
1.2570000000000001	5.033471840958758e-13
1.258	5.03451620583771e-13
1.2590000000000001	5.035560113213633e-13
1.26	5.036603563623347e-13
1.2610000000000001	5.037646557602654e-13
1.262	5.038689095686317e-13
1.2630000000000001	5.039731178408109e-13
1.264	5.040772806300757e-13
1.2650000000000001	5.041813979895983e-13
1.266	5.042854699724526e-13
1.2670000000000001	5.043894966316068e-13
1.268	5.044934780199343e-13
1.2690000000000001	5.045974141902031e-13
1.27	5.047013051950847e-13
1.2710000000000001	5.048051510871485e-13
1.272	5.049089519188659e-13
1.2730000000000001	5.050127077426097e-13
1.274	5.051164186106525e-13
1.2750000000000001	5.052200845751678e-13
1.276	5.053237056882329e-13
1.2770000000000001	5.054272820018243e-13
1.278	5.055308135678215e-13
1.2790000000000001	5.056343004380086e-13
1.28	5.057377426640687e-13
1.281	5.058411402975902e-13
1.282	5.05944493390063e-13
1.283	5.060478019928826e-13
1.284	5.061510661573463e-13
1.285	5.062542859346549e-13
1.286	5.063574613759152e-13
1.287	5.064605925321367e-13
1.288	5.065636794542345e-13
1.289	5.066667221930285e-13
1.29	5.067697207992423e-13
1.291	5.06872675323507e-13
1.292	5.069755858163578e-13
1.293	5.070784523282365e-13
1.294	5.071812749094906e-13
1.295	5.072840536103739e-13
1.296	5.07386788481047e-13
1.297	5.074894795715775e-13
1.298	5.07592126931939e-13
1.299	5.076947306120133e-13
1.3	5.077972906615909e-13
1.301	5.078998071303669e-13
1.302	5.080022800679476e-13
1.303	5.081047095238455e-13
1.304	5.082070955474821e-13
1.305	5.083094381881879e-13
1.306	5.084117374952025e-13
1.307	5.085139935176735e-13
1.308	5.0861620630466e-13
1.309	5.087183759051294e-13
1.31	5.08820502367958e-13
1.311	5.089225857419335e-13
1.312	5.090246260757545e-13
1.313	5.091266234180287e-13
1.314	5.09228577817275e-13
1.315	5.093304893219237e-13
1.316	5.09432357980317e-13
1.317	5.095341838407067e-13
1.318	5.096359669512578e-13
1.319	5.097377073600466e-13
1.32	5.09839405115062e-13
1.321	5.099410602642036e-13
1.322	5.100426728552856e-13
1.323	5.101442429360346e-13
1.324	5.102457705540899e-13
1.325	5.103472557570035e-13
1.326	5.104486985922409e-13
1.327	5.105500991071831e-13
1.328	5.106514573491223e-13
1.329	5.107527733652664e-13
1.33	5.108540472027384e-13
1.331	5.109552789085731e-13
1.332	5.110564685297231e-13
1.333	5.111576161130547e-13
1.334	5.112587217053475e-13
1.335	5.113597853533002e-13
1.336	5.114608071035238e-13
1.337	5.115617870025468e-13
1.338	5.116627250968141e-13
1.339	5.117636214326858e-13
1.34	5.118644760564377e-13
1.341	5.119652890142652e-13
1.342	5.12066060352278e-13
1.343	5.121667901165011e-13
1.344	5.122674783528837e-13
1.345	5.123681251072845e-13
1.346	5.124687304254848e-13
1.347	5.125692943531818e-13
1.348	5.126698169359927e-13
1.349	5.127702982194488e-13
1.35	5.128707382490064e-13
1.351	5.129711370700343e-13
1.352	5.130714947278237e-13
1.353	5.131718112675837e-13
1.354	5.132720867344435e-13
1.355	5.133723211734505e-13
1.356	5.134725146295718e-13
1.357	5.135726671476982e-13
1.358	5.136727787726342e-13
1.359	5.137728495491105e-13
1.36	5.138728795217741e-13
1.361	5.139728687351953e-13
1.362	5.140728172338635e-13
1.363	5.141727250621906e-13
1.364	5.142725922645093e-13
1.365	5.143724188850723e-13
1.366	5.144722049680573e-13
1.367	5.145719505575605e-13
1.368	5.146716556976021e-13
1.369	5.147713204321233e-13
1.37	5.148709448049883e-13
1.371	5.149705288599851e-13
1.372	5.150700726408211e-13
1.373	5.151695761911314e-13
1.374	5.152690395544709e-13
1.375	5.153684627743169e-13
1.3760000000000001	5.154678458940754e-13
1.377	5.155671889570707e-13
1.3780000000000001	5.156664920065526e-13
1.379	5.157657550856976e-13
1.3800000000000001	5.158649782376028e-13
1.381	5.159641615052917e-13
1.3820000000000001	5.160633049317134e-13
1.383	5.161624085597384e-13
1.3840000000000001	5.162614724321673e-13
1.385	5.163604965917199e-13
1.3860000000000001	5.164594810810475e-13
1.387	5.165584259427215e-13
1.3880000000000001	5.16657331219243e-13
1.389	5.167561969530372e-13
1.3900000000000001	5.168550231864554e-13
1.391	5.16953809961777e-13
1.3920000000000001	5.170525573212038e-13
1.393	5.171512653068692e-13
1.3940000000000001	5.172499339608292e-13
1.395	5.1734856332507e-13
1.3960000000000001	5.174471534415035e-13
1.397	5.175457043519689e-13
1.3980000000000001	5.176442160982316e-13
1.399	5.177426887219889e-13
1.4000000000000001	5.178411222648607e-13
1.401	5.179395167683985e-13
1.4020000000000001	5.180378722740806e-13
1.403	5.181361888233148e-13
1.4040000000000001	5.182344664574357e-13
1.405	5.183327052177085e-13
1.4060000000000001	5.18430905145325e-13
1.407	5.185290662814094e-13
1.408	5.186271886670108e-13
1.409	5.187252723431122e-13
1.41	5.188233173506225e-13
1.411	5.189213237303828e-13
1.412	5.190192915231626e-13
1.413	5.191172207696624e-13
1.414	5.192151115105114e-13
1.415	5.193129637862733e-13
1.416	5.194107776374364e-13
1.417	5.195085531044225e-13
1.418	5.196062902275869e-13
1.419	5.19703989047212e-13
1.42	5.198016496035144e-13
1.421	5.198992719366388e-13
1.422	5.199968560866646e-13
1.423	5.200944020936007e-13
1.424	5.201919099973893e-13
1.425	5.202893798379046e-13
1.426	5.20386811654952e-13
1.427	5.204842054882699e-13
1.428	5.205815613775289e-13
1.429	5.206788793623333e-13
1.43	5.207761594822165e-13
1.431	5.208734017766513e-13
1.432	5.209706062850382e-13
1.433	5.210677730467134e-13
1.434	5.211649021009458e-13
1.435	5.212619934869384e-13
1.436	5.213590472438257e-13
1.437	5.21456063410682e-13
1.438	5.215530420265086e-13
1.439	5.216499831302441e-13
1.44	5.217468867607636e-13
1.441	5.218437529568739e-13
1.442	5.219405817573164e-13
1.443	5.220373732007692e-13
1.444	5.221341273258437e-13
1.445	5.222308441710883e-13
1.446	5.223275237749848e-13
1.447	5.224241661759502e-13
1.448	5.225207714123399e-13
1.449	5.226173395224416e-13
1.45	5.227138705444814e-13
1.451	5.228103645166215e-13
1.452	5.229068214769566e-13
1.453	5.230032414635235e-13
1.454	5.230996245142908e-13
1.455	5.23195970667165e-13
1.456	5.232922799599898e-13
1.457	5.233885524305478e-13
1.458	5.234847881165535e-13
1.459	5.235809870556648e-13
1.46	5.236771492854719e-13
1.461	5.237732748435052e-13
1.462	5.23869363767232e-13
1.463	5.239654160940576e-13
1.464	5.240614318613243e-13
1.465	5.241574111063143e-13
1.466	5.242533538662464e-13
1.467	5.243492601782786e-13
1.468	5.244451300795065e-13
1.469	5.245409636069651e-13
1.47	5.246367607976282e-13
1.471	5.247325216884088e-13
1.472	5.248282463161581e-13
1.473	5.249239347176671e-13
1.474	5.250195869296663e-13
1.475	5.251152029888246e-13
1.476	5.252107829317502e-13
1.477	5.253063267949953e-13
1.478	5.254018346150449e-13
1.479	5.254973064283316e-13
1.48	5.255927422712223e-13
1.481	5.256881421800255e-13
1.482	5.257835061909943e-13
1.483	5.258788343403155e-13
1.484	5.259741266641231e-13
1.485	5.260693831984867e-13
1.486	5.261646039794211e-13
1.487	5.262597890428793e-13
1.488	5.263549384247563e-13
1.489	5.264500521608889e-13
1.49	5.265451302870568e-13
1.491	5.266401728389773e-13
1.492	5.267351798523126e-13
1.493	5.268301513626677e-13
1.494	5.26925087405587e-13
1.495	5.270199880165577e-13
1.496	5.271148532310098e-13
1.497	5.272096830843164e-13
1.498	5.273044776117923e-13
1.499	5.273992368486948e-13
1.5	5.274939608302239e-13