0.	9.37982117325697e-14
0.001	9.37982117325697e-14
0.002	9.37982117325697e-14
0.003	9.37982117325697e-14
0.004	9.37982117325697e-14
0.005	9.37982117325697e-14
0.006	9.37982117325697e-14
0.007	9.37982117325697e-14
0.008	9.37982117325697e-14
0.009000000000000001	9.37982117325697e-14
0.01	9.37982117325697e-14
0.011	9.37982117325697e-14
0.012	9.37982117325697e-14
0.013000000000000001	9.37982117325697e-14
0.014	9.37982117325697e-14
0.015	9.37982117325697e-14
0.016	9.37982117325697e-14
0.017	9.37982117325697e-14
0.018000000000000002	9.37982117325697e-14
0.019	9.37982117325697e-14
0.02	9.37982117325697e-14
0.021	9.37982117325697e-14
0.022	9.37982117325697e-14
0.023	9.37982117325697e-14
0.024	9.37982117325697e-14
0.025	9.37982117325697e-14
0.026000000000000002	9.381913914389158e-14
0.027	9.396014984081736e-14
0.028	9.410048648970454e-14
0.029	9.424015775939768e-14
0.03	9.437917213752462e-14
0.031	9.451753793572548e-14
0.032	9.465526329469053e-14
0.033	9.479235618901352e-14
0.034	9.492882443187085e-14
0.035	9.506467567953227e-14
0.036000000000000004	9.519991743571178e-14
0.037	9.533455705576472e-14
0.038	9.546860175073788e-14
0.039	9.560205859127966e-14
0.04	9.573493451141432e-14
0.041	9.586723631218805e-14
0.042	9.599897066519097e-14
0.043000000000000003	9.613014411596003e-14
0.044	9.626076308726876e-14
0.045	9.639083388230725e-14
0.046	9.652036268775744e-14
0.047	9.664935557676791e-14
0.048	9.677781851183177e-14
0.049	9.69057573475719e-14
0.05	9.703317783343675e-14
0.051000000000000004	9.716008561631057e-14
0.052000000000000005	9.728648624304105e-14
0.053	9.741238516288777e-14
0.054	9.753778772989414e-14
0.055	9.766269920518642e-14
0.056	9.778712475920152e-14
0.057	9.791106947384692e-14
0.058	9.803453834459545e-14
0.059000000000000004	9.815753628251657e-14
0.06	9.828006811624706e-14
0.061	9.840213859390295e-14
0.062	9.852375238493523e-14
0.063	9.864491408193084e-14
0.064	9.876562820236128e-14
0.065	9.888589919028069e-14
0.066	9.900573141797462e-14
0.067	9.912512918756225e-14
0.068	9.92440967325524e-14
0.069	9.936263821935614e-14
0.07	9.948075774875656e-14
0.07100000000000001	9.959845935733776e-14
0.07200000000000001	9.971574701887403e-14
0.073	9.983262464568082e-14
0.074	9.994909608992873e-14
0.075	1.0006516514492165e-13
0.076	1.0018083554634038e-13
0.077	1.0029611097345258e-13
0.078	1.0041099505029065e-13
0.079	1.0052549134679791e-13
0.08	1.0063960337994498e-13
0.081	1.0075333461481607e-13
0.082	1.0086668846566788e-13
0.083	1.0097966829695997e-13
0.084	1.01092277424359e-13
0.085	1.0120451911571729e-13
0.08600000000000001	1.0131639659202613e-13
0.08700000000000001	1.0142791302834488e-13
0.088	1.0153907155470663e-13
0.089	1.0164987525700117e-13
0.09	1.0176032717783594e-13
0.091	1.0187043031737532e-13
0.092	1.0198018763415941e-13
0.093	1.0208960204590267e-13
0.094	1.0219867643027292e-13
0.095	1.0230741362565133e-13
0.096	1.0241581643187445e-13
0.097	1.0252388761095777e-13
0.098	1.0263162988780244e-13
0.099	1.02739045950885e-13
0.1	1.0284613845293057e-13
0.101	1.0295291001157056e-13
0.10200000000000001	1.030593632099847e-13
0.10300000000000001	1.0316550059752818e-13
0.10400000000000001	1.032713246903442e-13
0.105	1.0337683797196234e-13
0.106	1.0348204289388341e-13
0.107	1.0358694187615052e-13
0.108	1.0369153730790769e-13
0.109	1.037958315479453e-13
0.11	1.0389982692523369e-13
0.111	1.0400352573944439e-13
0.112	1.0410693026146015e-13
0.113	1.042100427338735e-13
0.114	1.0431286537147394e-13
0.115	1.044154003617251e-13
0.116	1.045176498652309e-13
0.117	1.0461961601619185e-13
0.11800000000000001	1.0472130092285149e-13
0.11900000000000001	1.0482270666793288e-13
0.12	1.0492383530906605e-13
0.121	1.0502468887920646e-13
0.122	1.0512526938704395e-13
0.123	1.052255788174037e-13
0.124	1.0532561913163833e-13
0.125	1.0542539226801204e-13
0.126	1.0552490014207663e-13
0.127	1.0562414464703941e-13
0.128	1.0572312765412415e-13
0.129	1.0582185101292406e-13
0.13	1.0592031655174787e-13
0.131	1.0601852607795845e-13
0.132	1.0611648137830508e-13
0.133	1.0621418421924845e-13
0.134	1.0631163634727977e-13
0.135	1.0640883948923276e-13
0.136	1.0650579535258993e-13
0.137	1.066025056257826e-13
0.138	1.0669897197848509e-13
0.139	1.0679519606190287e-13
0.14	1.0689117950905538e-13
0.14100000000000001	1.0698692393505309e-13
0.14200000000000002	1.070824309373691e-13
0.14300000000000002	1.0717770209610607e-13
0.14400000000000002	1.0727273897425716e-13
0.145	1.0736754311796257e-13
0.146	1.0746211605676084e-13
0.147	1.0755645930383582e-13
0.148	1.076505743562583e-13
0.149	1.0774446269522363e-13
0.15	1.0783812578628454e-13
0.151	1.0793156507957991e-13
0.152	1.0802478201005906e-13
0.153	1.0811777799770168e-13
0.154	1.082105544477343e-13
0.155	1.0830311275084201e-13
0.156	1.0839545428337721e-13
0.157	1.0848758040756331e-13
0.158	1.0857949247169622e-13
0.159	1.0867119181034082e-13
0.16	1.0876267974452485e-13
0.161	1.0885395758192856e-13
0.162	1.0894502661707168e-13
0.163	1.0903588813149652e-13
0.164	1.0912654339394813e-13
0.165	1.0921699366055127e-13
0.166	1.0930724017498357e-13
0.167	1.0939728416864698e-13
0.168	1.094871268608349e-13
0.169	1.0957676945889721e-13
0.17	1.0966621315840214e-13
0.171	1.0975545914329542e-13
0.17200000000000001	1.0984450858605657e-13
0.17300000000000001	1.099333626478525e-13
0.17400000000000002	1.1002202247868882e-13
0.17500000000000002	1.1011048921755825e-13
0.176	1.101987639925863e-13
0.177	1.102868479211752e-13
0.178	1.1037474211014466e-13
0.179	1.1046244765587064e-13
0.18	1.1054996564442197e-13
0.181	1.1063729715169406e-13
0.182	1.1072444324354112e-13
0.183	1.108114049759058e-13
0.184	1.1089818339494661e-13
0.185	1.1098477953716356e-13
0.186	1.1107119442952147e-13
0.187	1.111574290895715e-13
0.188	1.1124348452557048e-13
0.189	1.1132936173659838e-13
0.19	1.114150617126741e-13
0.191	1.1150058543486903e-13
0.192	1.11585933875419e-13
0.193	1.1167110799783458e-13
0.194	1.1175610875700923e-13
0.195	1.1184093709932617e-13
0.196	1.119255939627632e-13
0.197	1.1201008027699622e-13
0.198	1.1209439696350066e-13
0.199	1.1217854493565198e-13
0.2	1.1226252509882391e-13
0.201	1.1234633835048546e-13
0.202	1.1242998558029685e-13
0.203	1.1251346767020302e-13
0.20400000000000001	1.1259678549452663e-13
0.20500000000000002	1.1267993992005912e-13
0.20600000000000002	1.1276293180615057e-13
0.20700000000000002	1.1284576200479784e-13
0.20800000000000002	1.1292843136073217e-13
0.209	1.130109407115044e-13
0.21	1.1309329088756999e-13
0.211	1.1317548271237172e-13
0.212	1.1325751700242213e-13
0.213	1.1333939456738375e-13
0.214	1.1342111621014917e-13
0.215	1.1350268272691911e-13
0.216	1.1358409490727954e-13
0.217	1.1366535353427797e-13
0.218	1.137464593844983e-13
0.219	1.1382741322813477e-13
0.22	1.1390821582906453e-13
0.221	1.1398886794491951e-13
0.222	1.1406937032715724e-13
0.223	1.1414972372113014e-13
0.224	1.1422992886615435e-13
0.225	1.1430998649557783e-13
0.226	1.1438989733684607e-13
0.227	1.1446966211156893e-13
0.228	1.1454928153558483e-13
0.229	1.1462875631902475e-13
0.23	1.1470808716637518e-13
0.231	1.147872747765404e-13
0.232	1.1486631984290372e-13
0.233	1.1494522305338752e-13
0.234	1.1502398509051315e-13
0.23500000000000001	1.1510260663145958e-13
0.23600000000000002	1.1518108834812114e-13
0.23700000000000002	1.1525943090716467e-13
0.23800000000000002	1.1533763497008578e-13
0.23900000000000002	1.154157011932647e-13
0.24	1.1549363022802052e-13
0.241	1.1557142272066555e-13
0.242	1.1564907931255867e-13
0.243	1.157266006401575e-13
0.244	1.1580398733507072e-13
0.245	1.1588124002410891e-13
0.246	1.1595835932933508e-13
0.247	1.1603534586811444e-13
0.248	1.1611220025316364e-13
0.249	1.161889230925991e-13
0.25	1.1626551498998482e-13
0.251	1.1634197654437952e-13
0.252	1.1641830835038344e-13
0.253	1.1649451099818397e-13
0.254	1.1657058507360124e-13
0.255	1.1664653115813262e-13
0.256	1.1672234982899717e-13
0.257	1.1679804165917885e-13
0.258	1.1687360721747004e-13
0.259	1.1694904706851341e-13
0.26	1.1702436177284423e-13
0.261	1.170995518869317e-13
0.262	1.1717461796321965e-13
0.263	1.1724956055016688e-13
0.264	1.1732438019228695e-13
0.265	1.173990774301878e-13
0.266	1.174736528006098e-13
0.267	1.175481068364649e-13
0.268	1.1762244006687382e-13
0.269	1.176966530172037e-13
0.27	1.1777074620910478e-13
0.271	1.178447201605471e-13
0.272	1.1791857538585595e-13
0.273	1.1799231239574796e-13
0.274	1.1806593169736577e-13
0.275	1.181394337943126e-13
0.276	1.1821281918668699e-13
0.277	1.1828608837111578e-13
0.278	1.1835924184078804e-13
0.279	1.1843228008548799e-13
0.28	1.1850520359162725e-13
0.281	1.1857801284227715e-13
0.28200000000000003	1.186507083172007e-13
0.28300000000000003	1.1872329049288332e-13
0.28400000000000003	1.1879575984256489e-13
0.28500000000000003	1.1886811683626934e-13
0.28600000000000003	1.1894036194083517e-13
0.28700000000000003	1.1901249561994597e-13
0.28800000000000003	1.1908451833415905e-13
0.289	1.1915643054093524e-13
0.29	1.1922823269466728e-13
0.291	1.192999252467087e-13
0.292	1.1937150864540192e-13
0.293	1.1944298333610555e-13
0.294	1.1951434976122256e-13
0.295	1.1958560836022707e-13
0.296	1.1965675956969126e-13
0.297	1.1972780382331195e-13
0.298	1.1979874155193684e-13
0.299	1.1986957318359011e-13
0.3	1.1994029914349864e-13
0.301	1.2001091985411672e-13
0.302	1.200814357351514e-13
0.303	1.2015184720358738e-13
0.304	1.202221546737108e-13
0.305	1.2029235855713437e-13
0.306	1.2036245926282046e-13
0.307	1.2043245719710494e-13
0.308	1.205023527637208e-13
0.309	1.20572146363821e-13
0.31	1.2064183839600135e-13
0.311	1.207114292563231e-13
0.312	1.2078091933833505e-13
0.313	1.2085030903309608e-13
0.314	1.2091959872919653e-13
0.315	1.2098878881277984e-13
0.316	1.2105787966756416e-13
0.317	1.2112687167486308e-13
0.318	1.211957652136068e-13
0.319	1.2126456066036255e-13
0.32	1.213332583893551e-13
0.321	1.2140185877248673e-13
0.322	1.2147036217935765e-13
0.323	1.2153876897728524e-13
0.324	1.216070795313237e-13
0.325	1.2167529420428372e-13
0.326	1.2174341335675098e-13
0.327	1.2181143734710544e-13
0.328	1.2187936653153994e-13
0.329	1.2194720126407867e-13
0.33	1.2201494189659541e-13
0.331	1.220825887788316e-13
0.332	1.2215014225841448e-13
0.333	1.2221760268087433e-13
0.334	1.2228497038966246e-13
0.335	1.223522457261681e-13
0.336	1.2241942902973604e-13
0.337	1.2248652063768298e-13
0.338	1.2255352088531478e-13
0.339	1.2262043010594306e-13
0.34	1.2268724863090114e-13
0.341	1.2275397678956093e-13
0.342	1.228206149093485e-13
0.343	1.2288716331576023e-13
0.34400000000000003	1.229536223323787e-13
0.34500000000000003	1.2301999228088796e-13
0.34600000000000003	1.2308627348108897e-13
0.34700000000000003	1.2315246625091526e-13
0.34800000000000003	1.2321857090644762e-13
0.34900000000000003	1.2328458776192916e-13
0.35000000000000003	1.233505171297802e-13
0.35100000000000003	1.234163593206126e-13
0.352	1.234821146432449e-13
0.353	1.2354778340471603e-13
0.354	1.2361336591029963e-13
0.355	1.2367886246351828e-13
0.356	1.2374427336615752e-13
0.357	1.2380959891827912e-13
0.358	1.2387483941823525e-13
0.359	1.239399951626815e-13
0.36	1.2400506644659086e-13
0.361	1.240700535632661e-13
0.362	1.2413495680435364e-13
0.363	1.2419977645985596e-13
0.364	1.2426451281814492e-13
0.365	1.243291661659738e-13
0.366	1.2439373678849068e-13
0.367	1.2445822496925002e-13
0.368	1.2452263099022577e-13
0.369	1.2458695513182313e-13
0.37	1.246511976728909e-13
0.371	1.2471535889073283e-13
0.372	1.2477943906112024e-13
0.373	1.2484343845830375e-13
0.374	1.2490735735502382e-13
0.375	1.2497119602252367e-13
0.376	1.250349547305596e-13
0.377	1.2509863374741292e-13
0.378	1.2516223333990084e-13
0.379	1.2522575377338746e-13
0.38	1.2528919531179495e-13
0.381	1.253525582176143e-13
0.382	1.2541584275191595e-13
0.383	1.2547904917436068e-13
0.384	1.2554217774320986e-13
0.385	1.2560522871533622e-13
0.386	1.2566820234623387e-13
0.387	1.2573109889002882e-13
0.388	1.2579391859948888e-13
0.389	1.258566617260339e-13
0.39	1.2591932851974547e-13
0.391	1.2598191922937717e-13
0.392	1.2604443410236416e-13
0.393	1.2610687338483268e-13
0.394	1.2616923732160984e-13
0.395	1.2623152615623295e-13
0.396	1.2629374013095933e-13
0.397	1.2635587948677486e-13
0.398	1.2641794446340418e-13
0.399	1.26479935299319e-13
0.4	1.2654185223174767e-13
0.401	1.2660369549668395e-13
0.402	1.2666546532889598e-13
0.403	1.2672716196193492e-13
0.404	1.2678878562814408e-13
0.405	1.2685033655866723e-13
0.406	1.2691181498345701e-13
0.40700000000000003	1.2697322113128398e-13
0.40800000000000003	1.270345552297448e-13
0.40900000000000003	1.2709581750527023e-13
0.41000000000000003	1.271570081831339e-13
0.41100000000000003	1.2721812748746015e-13
0.41200000000000003	1.2727917564123223e-13
0.41300000000000003	1.2734015286630066e-13
0.41400000000000003	1.2740105938339063e-13
0.41500000000000004	1.2746189541211044e-13
0.41600000000000004	1.2752266117095885e-13
0.417	1.2758335687733326e-13
0.418	1.2764398274753714e-13
0.419	1.2770453899678796e-13
0.42	1.2776502583922396e-13
0.421	1.278254434879128e-13
0.422	1.2788579215485796e-13
0.423	1.279460720510069e-13
0.424	1.2800628338625747e-13
0.425	1.280664263694659e-13
0.426	1.2812650120845368e-13
0.427	1.281865081100147e-13
0.428	1.28246447279922e-13
0.429	1.2830631892293525e-13
0.43	1.2836612324280738e-13
0.431	1.2842586044229121e-13
0.432	1.2848553072314685e-13
0.433	1.285451342861477e-13
0.434	1.2860467133108788e-13
0.435	1.2866414205678824e-13
0.436	1.287235466611031e-13
0.437	1.2878288534092702e-13
0.438	1.288421582922009e-13
0.439	1.2890136570991874e-13
0.44	1.2896050778813324e-13
0.441	1.2901958471996304e-13
0.442	1.2907859669759853e-13
0.443	1.291375439123078e-13
0.444	1.2919642655444302e-13
0.445	1.2925524481344645e-13
0.446	1.293139988778567e-13
0.447	1.29372688935314e-13
0.448	1.2943131517256728e-13
0.449	1.294898777754788e-13
0.45	1.2954837692903084e-13
0.451	1.2960681281733097e-13
0.452	1.2966518562361812e-13
0.453	1.2972349553026807e-13
0.454	1.2978174271879918e-13
0.455	1.2983992736987784e-13
0.456	1.2989804966332403e-13
0.457	1.29956109778117e-13
0.458	1.3001410789240054e-13
0.459	1.300720441834882e-13
0.46	1.301299188278693e-13
0.461	1.301877320012133e-13
0.462	1.30245483878376e-13
0.463	1.303031746334042e-13
0.464	1.3036080443954077e-13
0.465	1.3041837346923037e-13
0.466	1.304758818941239e-13
0.467	1.3053332988508437e-13
0.468	1.305907176121907e-13
0.46900000000000003	1.3064804524474405e-13
0.47000000000000003	1.3070531295127168e-13
0.47100000000000003	1.3076252089953258e-13
0.47200000000000003	1.3081966925652163e-13
0.47300000000000003	1.3087675818847531e-13
0.47400000000000003	1.3093378786087546e-13
0.47500000000000003	1.3099075843845493e-13
0.47600000000000003	1.310476700852016e-13
0.47700000000000004	1.3110452296436337e-13
0.47800000000000004	1.311613172384528e-13
0.47900000000000004	1.3121805306925157e-13
0.48	1.3127473061781514e-13
0.481	1.3133135004447707e-13
0.482	1.3138791150885387e-13
0.483	1.3144441516984904e-13
0.484	1.3150086118565763e-13
0.485	1.3155724971377084e-13
0.486	1.3161358091097975e-13
0.487	1.316698549333805e-13
0.488	1.3172607193637784e-13
0.489	1.3178223207468973e-13
0.49	1.3183833550235117e-13
0.491	1.3189438237271897e-13
0.492	1.319503728384753e-13
0.493	1.320063070516322e-13
0.494	1.3206218516353553e-13
0.495	1.3211800732486876e-13
0.496	1.3217377368565748e-13
0.497	1.3222948439527283e-13
0.498	1.322851396024361e-13
0.499	1.3234073945522186e-13
0.5	1.3239628410106253e-13
0.501	1.3245177368675194e-13
0.502	1.3250720835844914e-13
0.503	1.3256258826168228e-13
0.504	1.3261791354135244e-13
0.505	1.32673184341737e-13
0.506	1.3272840080649402e-13
0.507	1.3278356307866535e-13
0.508	1.328386713006806e-13
0.509	1.3289372561436036e-13
0.51	1.329487261609205e-13
0.511	1.3300367308097507e-13
0.512	1.330585665145404e-13
0.513	1.3311340660103782e-13
0.514	1.3316819347929832e-13
0.515	1.3322292728756494e-13
0.516	1.3327760816349685e-13
0.517	1.3333223624417247e-13
0.518	1.3338681166609307e-13
0.519	1.3344133456518588e-13
0.52	1.3349580507680767e-13
0.521	1.33550223335748e-13
0.522	1.3360458947623236e-13
0.523	1.3365890363192568e-13
0.524	1.3371316593593547e-13
0.525	1.3376737652081492e-13
0.526	1.3382153551856625e-13
0.527	1.338756430606439e-13
0.528	1.3392969927795763e-13
0.529	1.3398370430087543e-13
0.53	1.340376582592268e-13
0.531	1.3409156128230618e-13
0.532	1.3414541349887546e-13
0.533	1.3419921503716728e-13
0.534	1.3425296602488776e-13
0.535	1.3430666658922014e-13
0.536	1.343603168568271e-13
0.537	1.3441391695385396e-13
0.538	1.3446746700593142e-13
0.539	1.3452096713817902e-13
0.54	1.345744174752073e-13
0.541	1.3462781814112114e-13
0.542	1.3468116925952246e-13
0.543	1.347344709535131e-13
0.544	1.3478772334569744e-13
0.545	1.348409265581854e-13
0.546	1.34894080712595e-13
0.547	1.349471859300554e-13
0.548	1.3500024233120935e-13
0.549	1.350532500362158e-13
0.55	1.3510620916475322e-13
0.551	1.351591198360214e-13
0.552	1.3521198216874466e-13
0.553	1.3526479628117418e-13
0.554	1.3531756229109113e-13
0.555	1.353702803158085e-13
0.556	1.3542295047217418e-13
0.557	1.354755728765735e-13
0.558	1.3552814764493172e-13
0.559	1.3558067489271598e-13
0.56	1.3563315473493902e-13
0.561	1.3568558728616054e-13
0.562	1.3573797266049019e-13
0.5630000000000001	1.357903109715897e-13
0.5640000000000001	1.358426023326761e-13
0.5650000000000001	1.358948468565228e-13
0.5660000000000001	1.3594704465546323e-13
0.5670000000000001	1.3599919584139276e-13
0.5680000000000001	1.3605130052577082e-13
0.5690000000000001	1.3610335881962364e-13
0.5700000000000001	1.3615537083354626e-13
0.5710000000000001	1.362073366777052e-13
0.5720000000000001	1.3625925646184047e-13
0.5730000000000001	1.3631113029526792e-13
0.5740000000000001	1.3636295828688155e-13
0.5750000000000001	1.3641474054515597e-13
0.5760000000000001	1.36466477178148e-13
0.577	1.3651816829349974e-13
0.578	1.365698139984401e-13
0.579	1.3662141439978742e-13
0.58	1.3667296960395128e-13
0.581	1.36724479716935e-13
0.582	1.3677594484433777e-13
0.583	1.3682736509135638e-13
0.584	1.3687874056278785e-13
0.585	1.3693007136303126e-13
0.586	1.3698135759608995e-13
0.587	1.370325993655734e-13
0.588	1.3708379677469943e-13
0.589	1.3713494992629658e-13
0.59	1.3718605892280526e-13
0.591	1.3723712386628115e-13
0.592	1.3728814485839542e-13
0.593	1.373391220004386e-13
0.594	1.3739005539332103e-13
0.595	1.3744094513757574e-13
0.596	1.3749179133336009e-13
0.597	1.3754259408045784e-13
0.598	1.3759335347828083e-13
0.599	1.3764406962587129e-13
0.6	1.3769474262190314e-13
0.601	1.377453725646847e-13
0.602	1.377959595521598e-13
0.603	1.378465036819102e-13
0.604	1.3789700505115711e-13
0.605	1.3794746375676324e-13
0.606	1.379978798952343e-13
0.607	1.380482535627214e-13
0.608	1.3809858485502222e-13
0.609	1.3814887386758326e-13
0.61	1.3819912069550157e-13
0.611	1.382493254335262e-13
0.612	1.3829948817606017e-13
0.613	1.3834960901716256e-13
0.614	1.3839968805054948e-13
0.615	1.3844972536959663e-13
0.616	1.3849972106734033e-13
0.617	1.3854967523647971e-13
0.618	1.3859958796937797e-13
0.619	1.3864945935806475e-13
0.62	1.3869928949423678e-13
0.621	1.3874907846926065e-13
0.622	1.3879882637417374e-13
0.623	1.388485332996857e-13
0.624	1.3889819933618109e-13
0.625	1.3894782457371962e-13
0.626	1.389974091020394e-13
0.627	1.390469530105565e-13
0.628	1.3909645638836866e-13
0.629	1.3914591932425528e-13
0.63	1.3919534190667982e-13
0.631	1.39244724223791e-13
0.632	1.3929406636342443e-13
0.633	1.3934336841310443e-13
0.634	1.393926304600452e-13
0.635	1.3944185259115215e-13
0.636	1.3949103489302414e-13
0.637	1.3954017745195453e-13
0.638	1.3958928035393247e-13
0.639	1.396383436846446e-13
0.64	1.396873675294769e-13
0.641	1.3973635197351537e-13
0.642	1.3978529710154804e-13
0.643	1.3983420299806657e-13
0.644	1.3988306974726706e-13
0.645	1.3993189743305192e-13
0.646	1.3998068613903118e-13
0.647	1.4002943594852387e-13
0.648	1.4007814694455962e-13
0.649	1.401268192098798e-13
0.65	1.4017545282693888e-13
0.651	1.4022404787790605e-13
0.652	1.4027260444466678e-13
0.653	1.4032112260882304e-13
0.654	1.4036960245169625e-13
0.655	1.4041804405432772e-13
0.656	1.4046644749747961e-13
0.657	1.4051481286163737e-13
0.658	1.4056314022701019e-13
0.659	1.4061142967353243e-13
0.66	1.406596812808654e-13
0.661	1.4070789512839792e-13
0.662	1.4075607129524845e-13
0.663	1.4080420986026537e-13
0.664	1.4085231090202935e-13
0.665	1.4090037449885388e-13
0.666	1.4094840072878654e-13
0.667	1.4099638966961045e-13
0.668	1.4104434139884584e-13
0.669	1.4109225599375059e-13
0.67	1.411401335313218e-13
0.671	1.411879740882971e-13
0.672	1.4123577774115576e-13
0.673	1.4128354456611996e-13
0.674	1.4133127463915565e-13
0.675	1.4137896803597454e-13
0.676	1.4142662483203415e-13
0.677	1.4147424510254002e-13
0.678	1.4152182892244622e-13
0.679	1.4156937636645692e-13
0.68	1.4161688750902727e-13
0.681	1.4166436242436472e-13
0.682	1.4171180118643e-13
0.683	1.4175920386893843e-13
0.684	1.418065705453609e-13
0.685	1.4185390128892519e-13
0.686	1.419011961726166e-13
0.687	1.4194845526918001e-13
0.6880000000000001	1.4199567865111974e-13
0.6890000000000001	1.4204286639070185e-13
0.6900000000000001	1.4209001855995413e-13
0.6910000000000001	1.4213713523066826e-13
0.6920000000000001	1.4218421647439995e-13
0.6930000000000001	1.4223126236247043e-13
0.6940000000000001	1.4227827296596786e-13
0.6950000000000001	1.4232524835574757e-13
0.6960000000000001	1.4237218860243383e-13
0.6970000000000001	1.4241909377642065e-13
0.6980000000000001	1.4246596394787257e-13
0.6990000000000001	1.4251279918672597e-13
0.7000000000000001	1.4255959956269045e-13
0.7010000000000001	1.4260636514524878e-13
0.7020000000000001	1.4265309600365918e-13
0.7030000000000001	1.4269979220695547e-13
0.704	1.4274645382394825e-13
0.705	1.4279308092322625e-13
0.706	1.42839673573157e-13
0.707	1.428862318418875e-13
0.708	1.4293275579734626e-13
0.709	1.4297924550724285e-13
0.71	1.430257010390704e-13
0.711	1.4307212246010518e-13
0.712	1.4311850983740825e-13
0.713	1.4316486323782665e-13
0.714	1.4321118272799356e-13
0.715	1.4325746837433032e-13
0.716	1.4330372024304624e-13
0.717	1.4334993840014025e-13
0.718	1.4339612291140145e-13
0.719	1.4344227384241043e-13
0.72	1.4348839125853993e-13
0.721	1.4353447522495574e-13
0.722	1.4358052580661765e-13
0.723	1.436265430682804e-13
0.724	1.4367252707449446e-13
0.725	1.4371847788960713e-13
0.726	1.4376439557776302e-13
0.727	1.4381028020290555e-13
0.728	1.4385613182877724e-13
0.729	1.439019505189209e-13
0.73	1.4394773633668052e-13
0.731	1.4399348934520174e-13
0.732	1.440392096074334e-13
0.733	1.4408489718612753e-13
0.734	1.4413055214384121e-13
0.735	1.4417617454293632e-13
0.736	1.4422176444558125e-13
0.737	1.4426732191375134e-13
0.738	1.4431284700922977e-13
0.739	1.443583397936084e-13
0.74	1.4440380032828836e-13
0.741	1.444492286744815e-13
0.742	1.4449462489321057e-13
0.743	1.4453998904531026e-13
0.744	1.4458532119142773e-13
0.745	1.4463062139202426e-13
0.746	1.446758897073749e-13
0.747	1.4472112619757013e-13
0.748	1.4476633092251605e-13
0.749	1.4481150394193577e-13
0.75	1.4485664531536964e-13
0.751	1.4490175510217618e-13
0.752	1.4494683336153317e-13
0.753	1.4499188015243783e-13
0.754	1.450368955337082e-13
0.755	1.450818795639833e-13
0.756	1.451268323017244e-13
0.757	1.4517175380521545e-13
0.758	1.4521664413256403e-13
0.759	1.4526150334170174e-13
0.76	1.453063314903855e-13
0.761	1.4535112863619747e-13
0.762	1.4539589483654686e-13
0.763	1.4544063014866975e-13
0.764	1.4548533462963004e-13
0.765	1.4553000833632037e-13
0.766	1.455746513254627e-13
0.767	1.4561926365360893e-13
0.768	1.4566384537714202e-13
0.769	1.45708396552276e-13
0.77	1.457529172350571e-13
0.771	1.4579740748136473e-13
0.772	1.458418673469113e-13
0.773	1.4588629688724378e-13
0.774	1.4593069615774408e-13
0.775	1.4597506521362944e-13
0.776	1.4601940410995345e-13
0.777	1.460637129016068e-13
0.778	1.4610799164331754e-13
0.779	1.461522403896521e-13
0.78	1.4619645919501577e-13
0.781	1.462406481136534e-13
0.782	1.4628480719965018e-13
0.783	1.4632893650693207e-13
0.784	1.463730360892667e-13
0.785	1.4641710600026385e-13
0.786	1.4646114629337588e-13
0.787	1.46505157021899e-13
0.788	1.4654913823897316e-13
0.789	1.4659308999758315e-13
0.79	1.4663701235055926e-13
0.791	1.4668090535057778e-13
0.792	1.467247690501611e-13
0.793	1.4676860350167948e-13
0.794	1.4681240875735067e-13
0.795	1.4685618486924096e-13
0.796	1.4689993188926546e-13
0.797	1.4694364986918938e-13
0.798	1.4698733886062794e-13
0.799	1.4703099891504709e-13
0.8	1.470746300837644e-13
0.801	1.4711823241794956e-13
0.802	1.4716180596862483e-13
0.803	1.4720535078666563e-13
0.804	1.4724886692280125e-13
0.805	1.4729235442761556e-13
0.806	1.4733581335154704e-13
0.807	1.4737924374489012e-13
0.808	1.4742264565779495e-13
0.809	1.474660191402688e-13
0.81	1.475093642421757e-13
0.811	1.4755268101323815e-13
0.812	1.4759596950303626e-13
0.8130000000000001	1.4763922976101e-13
0.8140000000000001	1.476824618364579e-13
0.8150000000000001	1.477256657785393e-13
0.8160000000000001	1.4776884163627368e-13
0.8170000000000001	1.4781198945854192e-13
0.8180000000000001	1.4785510929408642e-13
0.8190000000000001	1.47898201191512e-13
0.8200000000000001	1.4794126519928605e-13
0.8210000000000001	1.4798430136573949e-13
0.8220000000000001	1.480273097390669e-13
0.8230000000000001	1.4807029036732752e-13
0.8240000000000001	1.4811324329844508e-13
0.8250000000000001	1.4815616858020904e-13
0.8260000000000001	1.4819906626027487e-13
0.8270000000000001	1.4824193638616414e-13
0.8280000000000001	1.4828477900526596e-13
0.8290000000000001	1.4832759416483654e-13
0.8300000000000001	1.4837038191200008e-13
0.8310000000000001	1.4841314229374958e-13
0.8320000000000001	1.4845587535694706e-13
0.833	1.4849858114832382e-13
0.834	1.4854125971448157e-13
0.835	1.485839111018923e-13
0.836	1.4862653535689912e-13
0.837	1.4866913252571677e-13
0.838	1.4871170265443178e-13
0.839	1.4875424578900354e-13
0.84	1.4879676197526427e-13
0.841	1.4883925125891976e-13
0.842	1.488817136855497e-13
0.843	1.4892414930060822e-13
0.844	1.4896655814942451e-13
0.845	1.4900894027720328e-13
0.846	1.4905129572902471e-13
0.847	1.4909362454984597e-13
0.848	1.491359267845005e-13
0.849	1.4917820247769936e-13
0.85	1.492204516740311e-13
0.851	1.49262674417963e-13
0.852	1.4930487075384043e-13
0.853	1.4934704072588854e-13
0.854	1.493891843782114e-13
0.855	1.4943130175479366e-13
0.856	1.4947339289950042e-13
0.857	1.4951545785607726e-13
0.858	1.4955749666815195e-13
0.859	1.4959950937923363e-13
0.86	1.4964149603271358e-13
0.861	1.4968345667186628e-13
0.862	1.4972539133984904e-13
0.863	1.4976730007970288e-13
0.864	1.4980918293435299e-13
0.865	1.498510399466088e-13
0.866	1.4989287115916504e-13
0.867	1.499346766146012e-13
0.868	1.4997645635538312e-13
0.869	1.5001821042386234e-13
0.87	1.5005993886227757e-13
0.871	1.501016417127538e-13
0.872	1.5014331901730427e-13
0.873	1.5018497081782957e-13
0.874	1.5022659715611879e-13
0.875	1.5026819807384953e-13
0.876	1.5030977361258864e-13
0.877	1.5035132381379242e-13
0.878	1.5039284871880723e-13
0.879	1.5043434836886946e-13
0.88	1.5047582280510663e-13
0.881	1.505172720685371e-13
0.882	1.5055869620007075e-13
0.883	1.5060009524050953e-13
0.884	1.5064146923054763e-13
0.885	1.5068281821077205e-13
0.886	1.5072414222166258e-13
0.887	1.5076544130359286e-13
0.888	1.508067154968305e-13
0.889	1.5084796484153682e-13
0.89	1.5088918937776839e-13
0.891	1.5093038914547634e-13
0.892	1.509715641845078e-13
0.893	1.5101271453460499e-13
0.894	1.5105384023540686e-13
0.895	1.510949413264486e-13
0.896	1.5113601784716255e-13
0.897	1.5117706983687816e-13
0.898	1.5121809733482255e-13
0.899	1.512591003801209e-13
0.9	1.5130007901179716e-13
0.901	1.5134103326877324e-13
0.902	1.513819631898709e-13
0.903	1.5142286881381116e-13
0.904	1.5146375017921497e-13
0.905	1.515046073246031e-13
0.906	1.5154544028839748e-13
0.907	1.5158624910892044e-13
0.908	1.5162703382439587e-13
0.909	1.5166779447294938e-13
0.91	1.5170853109260842e-13
0.911	1.517492437213026e-13
0.912	1.517899323968642e-13
0.913	1.5183059715702935e-13
0.914	1.5187123803943636e-13
0.915	1.519118550816278e-13
0.916	1.5195244832105032e-13
0.917	1.5199301779505516e-13
0.918	1.5203356354089762e-13
0.919	1.5207408559573906e-13
0.92	1.5211458399664496e-13
0.921	1.5215505878058768e-13
0.922	1.521955099844449e-13
0.923	1.522359376450016e-13
0.924	1.522763417989482e-13
0.925	1.5231672248288306e-13
0.926	1.5235707973331204e-13
0.927	1.5239741358664788e-13
0.928	1.5243772407921202e-13
0.929	1.5247801124723424e-13
0.93	1.5251827512685242e-13
0.931	1.5255851575411433e-13
0.932	1.5259873316497598e-13
0.933	1.526389273953041e-13
0.934	1.526790984808743e-13
0.935	1.527192464573733e-13
0.936	1.527593713603977e-13
0.937	1.5279947322545544e-13
0.9380000000000001	1.5283955208796555e-13
0.9390000000000001	1.5287960798325858e-13
0.9400000000000001	1.529196409465764e-13
0.9410000000000001	1.5295965101307374e-13
0.9420000000000001	1.529996382178171e-13
0.9430000000000001	1.53039602595786e-13
0.9440000000000001	1.5307954418187295e-13
0.9450000000000001	1.5311946301088377e-13
0.9460000000000001	1.5315935911753742e-13
0.9470000000000001	1.5319923253646763e-13
0.9480000000000001	1.5323908330222145e-13
0.9490000000000001	1.5327891144926109e-13
0.9500000000000001	1.5331871701196296e-13
0.9510000000000001	1.5335850002461933e-13
0.9520000000000001	1.5339826052143713e-13
0.9530000000000001	1.5343799853653906e-13
0.9540000000000001	1.5347771410396383e-13
0.9550000000000001	1.5351740725766677e-13
0.9560000000000001	1.535570780315188e-13
0.9570000000000001	1.5359672645930884e-13
0.9580000000000001	1.5363635257474193e-13
0.9590000000000001	1.5367595641144085e-13
0.96	1.5371553800294573e-13
0.961	1.537550973827153e-13
0.962	1.5379463458412586e-13
0.963	1.5383414964047245e-13
0.964	1.5387364258496865e-13
0.965	1.5391311345074723e-13
0.966	1.5395256227086052e-13
0.967	1.5399198907827976e-13
0.968	1.5403139390589676e-13
0.969	1.540707767865229e-13
0.97	1.5411013775289047e-13
0.971	1.5414947683765158e-13
0.972	1.5418879407338025e-13
0.973	1.5422808949257096e-13
0.974	1.5426736312763977e-13
0.975	1.5430661501092486e-13
0.976	1.5434584517468594e-13
0.977	1.5438505365110493e-13
0.978	1.5442424047228671e-13
0.979	1.5446340567025832e-13
0.98	1.5450254927697024e-13
0.981	1.5454167132429595e-13
0.982	1.5458077184403285e-13
0.983	1.5461985086790125e-13
0.984	1.546589084275468e-13
0.985	1.5469794455453787e-13
0.986	1.5473695928036897e-13
0.987	1.5477595263645792e-13
0.988	1.548149246541488e-13
0.989	1.5485387536470984e-13
0.99	1.5489280479933575e-13
0.991	1.549317129891465e-13
0.992	1.5497059996518823e-13
0.993	1.5500946575843312e-13
0.994	1.5504831039978024e-13
0.995	1.5508713392005481e-13
0.996	1.5512593635000988e-13
0.997	1.5516471772032484e-13
0.998	1.552034780616071e-13
0.999	1.5524221740439148e-13
1.	1.552809357791413e-13
1.0010000000000001	1.5531963321624692e-13
1.002	1.55358309746028e-13
1.0030000000000001	1.5539696539873292e-13
1.004	1.554356002045383e-13
1.0050000000000001	1.5547421419355035e-13
1.006	1.5551280739580417e-13
1.0070000000000001	1.5555137984126486e-13
1.008	1.555899315598274e-13
1.0090000000000001	1.55628462581316e-13
1.01	1.5566697293548616e-13
1.0110000000000001	1.557054626520228e-13
1.012	1.5574393176054245e-13
1.0130000000000001	1.557823802905921e-13
1.014	1.558208082716499e-13
1.0150000000000001	1.5585921573312542e-13
1.016	1.558976027043596e-13
1.0170000000000001	1.5593596921462583e-13
1.018	1.5597431529312855e-13
1.0190000000000001	1.5601264096900565e-13
1.02	1.560509462713262e-13
1.0210000000000001	1.560892312290928e-13
1.022	1.561274958712408e-13
1.0230000000000001	1.5616574022663841e-13
1.024	1.5620396432408738e-13
1.025	1.562421681923228e-13
1.026	1.5628035186001375e-13
1.027	1.563185153557633e-13
1.028	1.563566587081084e-13
1.029	1.5639478194552037e-13
1.03	1.5643288509640564e-13
1.031	1.5647096818910492e-13
1.032	1.5650903125189375e-13
1.033	1.5654707431298344e-13
1.034	1.5658509740052095e-13
1.035	1.5662310054258768e-13
1.036	1.5666108376720191e-13
1.037	1.5669904710231771e-13
1.038	1.5673699057582494e-13
1.039	1.5677491421555056e-13
1.04	1.5681281804925769e-13
1.041	1.5685070210464642e-13
1.042	1.5688856640935403e-13
1.043	1.5692641099095467e-13
1.044	1.5696423587696013e-13
1.045	1.5700204109482001e-13
1.046	1.5703982667192132e-13
1.047	1.570775926355896e-13
1.048	1.571153390130879e-13
1.049	1.5715306583161817e-13
1.05	1.571907731183212e-13
1.051	1.5722846090027596e-13
1.052	1.5726612920450082e-13
1.053	1.5730377805795266e-13
1.054	1.573414074875287e-13
1.055	1.573790175200651e-13
1.056	1.5741660818233795e-13
1.057	1.574541795010632e-13
1.058	1.5749173150289657e-13
1.059	1.575292642144349e-13
1.06	1.575667776622147e-13
1.061	1.576042718727135e-13
1.062	1.5764174687234958e-13
1.063	1.5767920268748253e-13
1.064	1.5771663934441262e-13
1.065	1.5775405686938196e-13
1.066	1.577914552885745e-13
1.067	1.5782883462811467e-13
1.068	1.5786619491407058e-13
1.069	1.57903536172451e-13
1.07	1.5794085842920805e-13
1.071	1.5797816171023548e-13
1.072	1.5801544604137013e-13
1.073	1.5805271144839184e-13
1.074	1.5808995795702264e-13
1.075	1.5812718559292883e-13
1.076	1.5816439438171927e-13
1.077	1.5820158434894684e-13
1.078	1.582387555201073e-13
1.079	1.5827590792064116e-13
1.08	1.5831304157593264e-13
1.081	1.5835015651131015e-13
1.082	1.5838725275204648e-13
1.083	1.5842433032335892e-13
1.084	1.5846138925040938e-13
1.085	1.58498429558305e-13
1.086	1.5853545127209745e-13
1.087	1.585724544167843e-13
1.088	1.586094390173078e-13
1.089	1.5864640509855614e-13
1.09	1.586833526853633e-13
1.091	1.587202818025088e-13
1.092	1.5875719247471804e-13
1.093	1.5879408472666337e-13
1.094	1.5883095858296314e-13
1.095	1.58867814068182e-13
1.096	1.5890465120683119e-13
1.097	1.589414700233693e-13
1.098	1.589782705422016e-13
1.099	1.590150527876808e-13
1.1	1.5905181678410642e-13
1.101	1.5908856255572578e-13
1.102	1.59125290126734e-13
1.103	1.5916199952127386e-13
1.104	1.5919869076343544e-13
1.105	1.5923536387725828e-13
1.106	1.5927201888672892e-13
1.107	1.5930865581578308e-13
1.108	1.5934527468830457e-13
1.109	1.593818755281262e-13
1.11	1.5941845835902979e-13
1.111	1.594550232047455e-13
1.112	1.5949157008895339e-13
1.113	1.5952809903528253e-13
1.114	1.5956461006731177e-13
1.115	1.596011032085694e-13
1.116	1.5963757848253274e-13
1.117	1.5967403591263046e-13
1.118	1.5971047552224004e-13
1.119	1.5974689733469003e-13
1.12	1.5978330137325882e-13
1.121	1.5981968766117558e-13
1.122	1.5985605622162023e-13
1.123	1.5989240707772288e-13
1.124	1.5992874025256545e-13
1.125	1.599650557691806e-13
1.1260000000000001	1.6000135365055163e-13
1.127	1.6003763391961394e-13
1.1280000000000001	1.600738965992547e-13
1.129	1.6011014171231172e-13
1.1300000000000001	1.6014636928157553e-13
1.131	1.6018257932978804e-13
1.1320000000000001	1.6021877187964365e-13
1.133	1.6025494695378863e-13
1.1340000000000001	1.6029110457482176e-13
1.135	1.6032724476529444e-13
1.1360000000000001	1.603633675477108e-13
1.137	1.6039947294452722e-13
1.1380000000000001	1.6043556097815358e-13
1.139	1.6047163167095209e-13
1.1400000000000001	1.6050768504523952e-13
1.141	1.605437211232842e-13
1.1420000000000001	1.6057973992730896e-13
1.143	1.6061574147949046e-13
1.1440000000000001	1.6065172580195803e-13
1.145	1.606876929167964e-13
1.1460000000000001	1.6072364284604253e-13
1.147	1.6075957561168898e-13
1.1480000000000001	1.607954912356814e-13
1.149	1.6083138973992086e-13
1.1500000000000001	1.6086727114626255e-13
1.151	1.6090313547651566e-13
1.1520000000000001	1.609389827524454e-13
1.153	1.6097481299577085e-13
1.154	1.6101062622816673e-13
1.155	1.6104642247126258e-13
1.156	1.6108220174664358e-13
1.157	1.6111796407585004e-13
1.158	1.6115370948037785e-13
1.159	1.611894379816787e-13
1.16	1.612251496011602e-13
1.161	1.6126084436018572e-13
1.162	1.6129652228007461e-13
1.163	1.6133218338210248e-13
1.164	1.6136782768750118e-13
1.165	1.6140345521745973e-13
1.166	1.614390659931225e-13
1.167	1.6147466003559117e-13
1.168	1.6151023736592426e-13
1.169	1.615457980051368e-13
1.17	1.6158134197420208e-13
1.171	1.616168692940487e-13
1.172	1.6165237998556402e-13
1.173	1.616878740695924e-13
1.174	1.6172335156693507e-13
1.175	1.6175881249835228e-13
1.176	1.6179425688456092e-13
1.177	1.618296847462358e-13
1.178	1.6186509610401036e-13
1.179	1.6190049097847626e-13
1.18	1.619358693901822e-13
1.181	1.619712313596365e-13
1.182	1.6200657690730547e-13
1.183	1.6204190605361392e-13
1.184	1.6207721881894555e-13
1.185	1.621125152236432e-13
1.186	1.6214779528800776e-13
1.187	1.6218305903229996e-13
1.188	1.6221830647673937e-13
1.189	1.6225353764150525e-13
1.19	1.6228875254673516e-13
1.191	1.6232395121252767e-13
1.192	1.6235913365893993e-13
1.193	1.6239429990598912e-13
1.194	1.6242944997365253e-13
1.195	1.6246458388186699e-13
1.196	1.6249970165052952e-13
1.197	1.6253480329949766e-13
1.198	1.6256988884858828e-13
1.199	1.6260495831758024e-13
1.2	1.6264001172621155e-13
1.201	1.6267504909418113e-13
1.202	1.6271007044114926e-13
1.203	1.627450757867361e-13
1.204	1.627800651505237e-13
1.205	1.6281503855205436e-13
1.206	1.628499960108319e-13
1.207	1.628849375463215e-13
1.208	1.6291986317794979e-13
1.209	1.6295477292510446e-13
1.21	1.6298966680713526e-13
1.211	1.6302454484335326e-13
1.212	1.6305940705303147e-13
1.213	1.6309425345540486e-13
1.214	1.6312908406967012e-13
1.215	1.6316389891498646e-13
1.216	1.6319869801047508e-13
1.217	1.6323348137521976e-13
1.218	1.6326824902826609e-13
1.219	1.6330300098862276e-13
1.22	1.6333773727526092e-13
1.221	1.633724579071144e-13
1.222	1.6340716290307974e-13
1.223	1.6344185228201657e-13
1.224	1.6347652606274767e-13
1.225	1.6351118426405854e-13
1.226	1.6354582690469838e-13
1.227	1.6358045400337958e-13
1.228	1.6361506557877741e-13
1.229	1.6364966164953143e-13
1.23	1.6368424223424488e-13
1.231	1.6371880735148393e-13
1.232	1.637533570197788e-13
1.233	1.6378789125762439e-13
1.234	1.6382241008347869e-13
1.235	1.6385691351576465e-13
1.236	1.6389140157286833e-13
1.237	1.6392587427314125e-13
1.238	1.639603316348985e-13
1.239	1.6399477367641984e-13
1.24	1.640292004159503e-13
1.241	1.6406361187169874e-13
1.242	1.64098008061839e-13
1.243	1.6413238900450988e-13
1.244	1.6416675471781563e-13
1.245	1.6420110521982466e-13
1.246	1.6423544052857144e-13
1.247	1.642697606620546e-13
1.248	1.6430406563823963e-13
1.249	1.6433835547505586e-13
1.25	1.6437263019039897e-13
1.2510000000000001	1.6440688980213073e-13
1.252	1.6444113432807737e-13
1.2530000000000001	1.644753637860321e-13
1.254	1.645095781937532e-13
1.2550000000000001	1.645437775689653e-13
1.256	1.645779619293595e-13
1.2570000000000001	1.6461213129259206e-13
1.258	1.6464628567628653e-13
1.2590000000000001	1.6468042509803204e-13
1.26	1.6471454957538454e-13
1.2610000000000001	1.6474865912586658e-13
1.262	1.6478275376696678e-13
1.2630000000000001	1.6481683351614142e-13
1.264	1.6485089839081245e-13
1.2650000000000001	1.6488494840836913e-13
1.266	1.6491898358616847e-13
1.2670000000000001	1.649530039415329e-13
1.268	1.6498700949175386e-13
1.2690000000000001	1.6502100025408835e-13
1.27	1.650549762457618e-13
1.2710000000000001	1.6508893748396618e-13
1.272	1.6512288398586156e-13
1.2730000000000001	1.6515681576857567e-13
1.274	1.6519073284920336e-13
1.2750000000000001	1.652246352448074e-13
1.276	1.652585229724187e-13
1.2770000000000001	1.6529239604903546e-13
1.278	1.6532625449162407e-13
1.2790000000000001	1.653600983171198e-13
1.28	1.6539392754242477e-13
1.281	1.654277421844102e-13
1.282	1.654615422599151e-13
1.283	1.6549532778574763e-13
1.284	1.6552909877868374e-13
1.285	1.6556285525546795e-13
1.286	1.6559659723281388e-13
1.287	1.656303247274035e-13
1.288	1.656640377558878e-13
1.289	1.6569773633488667e-13
1.29	1.6573142048098848e-13
1.291	1.6576509021075137e-13
1.292	1.6579874554070216e-13
1.293	1.65832386487337e-13
1.294	1.6586601306712137e-13
1.295	1.6589962529649004e-13
1.296	1.659332231918472e-13
1.297	1.6596680676956674e-13
1.298	1.6600037604599168e-13
1.299	1.6603393103743528e-13
1.3	1.6606747176018073e-13
1.301	1.6610099823048e-13
1.302	1.6613451046455605e-13
1.303	1.6616800847860132e-13
1.304	1.6620149228877837e-13
1.305	1.6623496191121987e-13
1.306	1.6626841736202895e-13
1.307	1.6630185865727872e-13
1.308	1.6633528581301303e-13
1.309	1.6636869884524603e-13
1.31	1.6640209776996194e-13
1.311	1.6643548260311606e-13
1.312	1.6646885336063454e-13
1.313	1.6650221005841387e-13
1.314	1.6653555271232129e-13
1.315	1.6656888133819526e-13
1.316	1.666021959518454e-13
1.317	1.666354965690517e-13
1.318	1.6666878320556585e-13
1.319	1.667020558771104e-13
1.32	1.6673531459937947e-13
1.321	1.6676855938803785e-13
1.322	1.6680179025872252e-13
1.323	1.6683500722704166e-13
1.324	1.6686821030857503e-13
1.325	1.6690139951887386e-13
1.326	1.6693457487346095e-13
1.327	1.6696773638783153e-13
1.328	1.670008840774519e-13
1.329	1.6703401795776062e-13
1.33	1.6706713804416857e-13
1.331	1.6710024435205771e-13
1.332	1.6713333689678333e-13
1.333	1.6716641569367223e-13
1.334	1.6719948075802298e-13
1.335	1.6723253210510779e-13
1.336	1.6726556975017e-13
1.337	1.6729859370842605e-13
1.338	1.6733160399506506e-13
1.339	1.6736460062524839e-13
1.34	1.6739758361410995e-13
1.341	1.6743055297675712e-13
1.342	1.6746350872826945e-13
1.343	1.6749645088369874e-13
1.344	1.675293794580719e-13
1.345	1.675622944663864e-13
1.346	1.6759519592361433e-13
1.347	1.6762808384470025e-13
1.348	1.6766095824456254e-13
1.349	1.676938191380916e-13
1.35	1.6772666654015317e-13
1.351	1.6775950046558452e-13
1.352	1.6779232092919734e-13
1.353	1.6782512794577668e-13
1.354	1.6785792153008133e-13
1.355	1.6789070169684337e-13
1.356	1.6792346846076857e-13
1.357	1.6795622183653786e-13
1.358	1.6798896183880388e-13
1.359	1.6802168848219505e-13
1.36	1.680544017813126e-13
1.361	1.6808710175073247e-13
1.362	1.681197884050044e-13
1.363	1.6815246175865246e-13
1.364	1.6818512182617514e-13
1.365	1.6821776862204455e-13
1.366	1.6825040216070831e-13
1.367	1.6828302245658746e-13
1.368	1.683156295240782e-13
1.369	1.6834822337755078e-13
1.37	1.683808040313503e-13
1.371	1.68413371499797e-13
1.372	1.684459257971847e-13
1.373	1.6847846693778367e-13
1.374	1.6851099493583788e-13
1.375	1.6854350980556585e-13
1.3760000000000001	1.6857601156116287e-13
1.377	1.686085002167976e-13
1.3780000000000001	1.6864097578661416e-13
1.379	1.6867343828473274e-13
1.3800000000000001	1.687058877252477e-13
1.381	1.6873832412222918e-13
1.3820000000000001	1.6877074748972303e-13
1.383	1.688031578417494e-13
1.3840000000000001	1.6883555519230555e-13
1.385	1.688679395553624e-13
1.3860000000000001	1.6890031094486838e-13
1.387	1.6893266937474595e-13
1.3880000000000001	1.689650148588943e-13
1.389	1.6899734741118805e-13
1.3900000000000001	1.6902966704547742e-13
1.391	1.6906197377558942e-13
1.3920000000000001	1.690942676153254e-13
1.393	1.6912654857846453e-13
1.3940000000000001	1.6915881667876053e-13
1.395	1.6919107192994445e-13
1.3960000000000001	1.692233143457228e-13
1.397	1.6925554393977858e-13
1.3980000000000001	1.6928776072577056e-13
1.399	1.693199647173351e-13
1.4000000000000001	1.6935215592808342e-13
1.401	1.6938433437160432e-13
1.4020000000000001	1.6941650006146264e-13
1.403	1.694486530112002e-13
1.4040000000000001	1.6948079323433483e-13
1.405	1.6951292074436173e-13
1.4060000000000001	1.6954503555475204e-13
1.407	1.6957713767895478e-13
1.408	1.6960922713039448e-13
1.409	1.6964130392247407e-13
1.41	1.69673368068572e-13
1.411	1.6970541958204502e-13
1.412	1.697374584762259e-13
1.413	1.697694847644253e-13
1.414	1.6980149845993038e-13
1.415	1.6983349957600675e-13
1.416	1.6986548812589568e-13
1.417	1.6989746412281644e-13
1.418	1.6992942757996655e-13
1.419	1.6996137851051989e-13
1.42	1.6999331692762863e-13
1.421	1.700252428444215e-13
1.422	1.7005715627400582e-13
1.423	1.7008905722946595e-13
1.424	1.7012094572386443e-13
1.425	1.7015282177024142e-13
1.426	1.7018468538161473e-13
1.427	1.7021653657098022e-13
1.428	1.7024837535131152e-13
1.429	1.702802017355606e-13
1.43	1.7031201573665637e-13
1.431	1.7034381736750778e-13
1.432	1.7037560664100012e-13
1.433	1.7040738356999767e-13
1.434	1.7043914816734285e-13
1.435	1.7047090044585638e-13
1.436	1.705026404183365e-13
1.437	1.7053436809756198e-13
1.438	1.7056608349628765e-13
1.439	1.705977866272477e-13
1.44	1.7062947750315562e-13
1.441	1.7066115613670272e-13
1.442	1.7069282254055868e-13
1.443	1.707244767273727e-13
1.444	1.707561187097719e-13
1.445	1.7078774850036304e-13
1.446	1.7081936611173103e-13
1.447	1.7085097155643962e-13
1.448	1.7088256484703226e-13
1.449	1.7091414599603045e-13
1.45	1.7094571501593536e-13
1.451	1.7097727191922747e-13
1.452	1.7100881671836507e-13
1.453	1.7104034942578749e-13
1.454	1.7107187005391174e-13
1.455	1.711033786151346e-13
1.456	1.7113487512183242e-13
1.457	1.711663595863612e-13
1.458	1.7119783202105512e-13
1.459	1.7122929243822947e-13
1.46	1.7126074085017762e-13
1.461	1.712921772691734e-13
1.462	1.7132360170746972e-13
1.463	1.713550141772996e-13
1.464	1.713864146908753e-13
1.465	1.7141780326038927e-13
1.466	1.714491798980134e-13
1.467	1.714805446158997e-13
1.468	1.7151189742617972e-13
1.469	1.7154323834096515e-13
1.47	1.7157456737234776e-13
1.471	1.7160588453239944e-13
1.472	1.716371898331717e-13
1.473	1.7166848328669663e-13
1.474	1.7169976490498624e-13
1.475	1.7173103470003256e-13
1.476	1.7176229268380784e-13
1.477	1.7179353886826593e-13
1.478	1.7182477326533862e-13
1.479	1.718559958869407e-13
1.48	1.7188720674496538e-13
1.481	1.7191840585128683e-13
1.482	1.7194959321776108e-13
1.483	1.719807688562225e-13
1.484	1.7201193277848815e-13
1.485	1.72043084996354e-13
1.486	1.7207422552159825e-13
1.487	1.7210535436597873e-13
1.488	1.7213647154123443e-13
1.489	1.7216757705908506e-13
1.49	1.7219867093123204e-13
1.491	1.7222975316935602e-13
1.492	1.7226082378511996e-13
1.493	1.7229188279016773e-13
1.494	1.7232293019612368e-13
1.495	1.7235396601459345e-13
1.496	1.7238499025716382e-13
1.497	1.7241600293540295e-13
1.498	1.7244700406086017e-13
1.499	1.7247799364506574e-13
1.5	1.7250897169953136e-13