0.092	1.e-9
0.093	2.4726860796205307e-14
0.094	1.7609779845954775e-14
0.095	1.448030162854037e-14
0.096	1.2628377108585464e-14
0.097	1.1373717308318453e-14
0.098	1.0454249849731405e-14
0.099	9.744785613657935e-15
0.1	9.177014397248342e-15
0.101	8.710098592965313e-15
0.102	8.317936180252343e-15
0.103	7.982967130678985e-15
0.104	7.692889429132514e-15
0.105	7.438796384396393e-15
0.106	7.214061321204358e-15
0.107	7.013639386249568e-15
0.108	6.833613877416874e-15
0.109	6.670891970006596e-15
0.11	6.522994998612777e-15
0.111	6.3879104371980426e-15
0.112	6.263985223499293e-15
0.113	6.149847445763696e-15
0.11399999999999999	6.044347895406421e-15
0.11499999999999999	5.946515795822152e-15
0.11599999999999999	5.8555248179641536e-15
0.11699999999999999	5.770666674290539e-15
0.118	5.691330373144298e-15
0.119	5.616985754485742e-15
0.12	5.5471703014057846e-15
0.121	5.48147848473421e-15
0.122	5.419553085698713e-15
0.123	5.3610780772700485e-15
0.124	5.305772744117869e-15
0.125	5.253386794573302e-15
0.126	5.203696272926848e-15
0.127	5.156500121859732e-15
0.128	5.111617276397392e-15
0.129	5.0688841950426494e-15
0.13	5.028152752539389e-15
0.131	4.989288433379801e-15
0.132	4.9521687766882984e-15
0.133	4.916682032227171e-15
0.134	4.882725994521665e-15
0.135	4.8502069879093554e-15
0.136	4.819038979995174e-15
0.137	4.789142804779278e-15
0.138	4.760445479805938e-15
0.139	4.732879604200788e-15
0.14	4.7063828265335914e-15
0.14100000000000001	4.680897373151436e-15
0.14200000000000002	4.6563696290426365e-15
0.14300000000000002	4.6327497644692254e-15
0.14400000000000002	4.60999140158952e-15
0.145	4.5880513161169945e-15
0.146	4.566889169755534e-15
0.147	4.546467269737041e-15
0.148	4.526750352283586e-15
0.149	4.5077053872380245e-15
0.15	4.489301401466417e-15
0.151	4.471509318942856e-15
0.152	4.4543018156907395e-15
0.153	4.4376531879809224e-15
0.154	4.421539232382383e-15
0.155	4.4059371364296215e-15
0.156	4.3908253788171445e-15
0.157	4.376183638158125e-15
0.158	4.361992709454784e-15
0.159	4.348234427524241e-15
0.16	4.334891596707759e-15
0.161	4.321947926264963e-15
0.162	4.309387970919374e-15
0.163	4.297197076078357e-15
0.164	4.2853613273008166e-15
0.16499999999999998	4.27386750363013e-15
0.16599999999999998	4.2627030344489655e-15
0.16699999999999998	4.2518559595472415e-15
0.16799999999999998	4.241314892125282e-15
0.16899999999999998	4.2310689844814704e-15
0.16999999999999998	4.221107896158132e-15
0.17099999999999999	4.211421764340929e-15
0.172	4.202001176326564e-15
0.173	4.192837143890767e-15
0.174	4.1839210794041435e-15
0.175	4.175244773557341e-15
0.176	4.166800374569438e-15
0.177	4.158580368764766e-15
0.178	4.150577562413429e-15
0.179	4.142785064739905e-15
0.18	4.135196272012379e-15
0.181	4.1278048526328466e-15
0.182	4.120604733154797e-15
0.183	4.113590085161328e-15
0.184	4.1067553129421425e-15
0.185	4.100095041912814e-15
0.186	4.093604107724336e-15
0.187	4.0872775460150684e-15
0.188	4.081110582761029e-15
0.189	4.075098625183829e-15
0.19	4.069237253178822e-15
0.191	4.063522211228784e-15
0.192	4.0579494007711475e-15
0.193	4.05251487298919e-15
0.194	4.047214821999747e-15
0.195	4.04204557841211e-15
0.196	4.037003603234533e-15
0.197	4.032085482106543e-15
0.198	4.027287919836756e-15
0.199	4.022607735227394e-15
0.2	4.018041856167967e-15
0.201	4.013587314981828e-15
0.202	4.009241244010443e-15
0.203	4.005000871421234e-15
0.20400000000000001	4.000863517225815e-15
0.20500000000000002	3.996826589496343e-15
0.20600000000000002	3.9928875807684986e-15
0.20700000000000002	3.989044064620377e-15
0.20800000000000002	3.985293692417305e-15
0.20900000000000002	3.981634190213159e-15
0.21000000000000002	3.978063355799502e-15
0.21100000000000002	3.9745790558942505e-15
0.212	3.971179223462259e-15
0.213	3.9678618551605665e-15
0.214	3.964625008901592e-15
0.215	3.961466801527904e-15
0.216	3.958385406592651e-15
0.217	3.955379052240036e-15
0.218	3.952446019180603e-15
0.219	3.949584638756384e-15
0.22	3.946793291091288e-15
0.221	3.944070403322324e-15
0.222	3.9414144479075846e-15
0.223	3.938823941007078e-15
0.224	3.9362974409327824e-15
0.225	3.9338335466644614e-15
0.226	3.931430896428005e-15
0.227	3.929088166333226e-15
0.228	3.926804069068194e-15
0.229	3.9245773526474314e-15
0.23	3.922406799211318e-15
0.231	3.920291223874322e-15
0.232	3.918229473619697e-15
0.233	3.916220426238518e-15
0.234	3.914262989310921e-15
0.23500000000000001	3.91235609922766e-15
0.23600000000000002	3.910498720250069e-15
0.237	3.908689843606701e-15
0.238	3.906928486624975e-15
0.239	3.905213691896259e-15
0.24	3.903544526472861e-15
0.241	3.901920081095555e-15
0.242	3.900339469450239e-15
0.243	3.898801827452498e-15
0.244	3.89730631255881e-15
0.245	3.895852103103258e-15
0.246	3.894438397658664e-15
0.247	3.893064414421062e-15
0.248	3.891729390616556e-15
0.249	3.890432581929582e-15
0.25	3.889173261951709e-15
0.251	3.887950721650089e-15
0.252	3.886764268854759e-15
0.253	3.885613227764015e-15
0.254	3.884496938467109e-15
0.255	3.8834147564835725e-15
0.256	3.882366052318491e-15
0.257	3.881350211033082e-15
0.258	3.880366631829949e-15
0.259	3.879414727652484e-15
0.26	3.8784939247977744e-15
0.261	3.877603662542564e-15
0.262	3.876743392781691e-15
0.263	3.875912579678573e-15
0.264	3.875110699327228e-15
0.265	3.8743372394254145e-15
0.266	3.873591698958464e-15
0.267	3.872873587893385e-15
0.268	3.872182426882851e-15
0.269	3.871517746978734e-15
0.27	3.870879089354774e-15
0.271	3.870266005038083e-15
0.272	3.869678054649138e-15
0.273	3.869114808149977e-15
0.274	3.868575844600243e-15
0.275	3.868060751920865e-15
0.276	3.8675691266650235e-15
0.277	3.867100573796199e-15
0.278	3.866654706473017e-15
0.279	3.8662311458406515e-15
0.28	3.865829520828562e-15
0.281	3.8654494679543376e-15
0.28200000000000003	3.865090631133428e-15
0.28300000000000003	3.8647526614945655e-15
0.28400000000000003	3.8644352172006705e-15
0.28500000000000003	3.8641379632750595e-15
0.28600000000000003	3.8638605714327745e-15
0.28700000000000003	3.863602719916831e-15
0.28800000000000003	3.863364093339276e-15
0.28900000000000003	3.863144382526823e-15
0.29000000000000004	3.8629432843709574e-15
0.29100000000000004	3.86276050168235e-15
0.29200000000000004	3.862595743049434e-15
0.29300000000000004	3.862448722700995e-15
0.29400000000000004	3.862319160372661e-15
0.29500000000000004	3.862206781177154e-15
0.29600000000000004	3.862111315478182e-15
0.29700000000000004	3.862032498767849e-15
0.29800000000000004	3.861970071547477e-15
0.29900000000000004	3.861923779211713e-15
0.30000000000000004	3.861893371935844e-15
0.301	3.861878604566186e-15
0.302	3.861879236513474e-15
0.303	3.861895031649134e-15
0.304	3.861925758204382e-15
0.305	3.861971188672003e-15
0.306	3.8620310997108075e-15
0.307	3.862105272052594e-15
0.308	3.862193490411611e-15
0.309	3.8622955433963914e-15
0.31	3.862411223423932e-15
0.311	3.862540326636098e-15
0.312	3.862682652818222e-15
0.313	3.8628380053198214e-15
0.314	3.863006190977353e-15
0.315	3.863187020038966e-15
0.316	3.863380306091186e-15
0.317	3.863585865987477e-15
0.318	3.863803519778589e-15
0.319	3.8640330906447234e-15
0.32	3.86427440482936e-15
0.321	3.864527291574765e-15
0.322	3.864791583059118e-15
0.323	3.865067114335195e-15
0.324	3.865353723270578e-15
0.325	3.8656512504893326e-15
0.326	3.865959539315136e-15
0.327	3.866278435715781e-15
0.328	3.8666077882490494e-15
0.329	3.8669474480098916e-15
0.33	3.867297268578878e-15
0.331	3.867657105971924e-15
0.33199999999999996	3.8680268185911785e-15
0.33299999999999996	3.868406267177119e-15
0.33399999999999996	3.8687953147617815e-15
0.33499999999999996	3.869193826623093e-15
0.33599999999999997	3.869601670240288e-15
0.33699999999999997	3.870018715250376e-15
0.33799999999999997	3.870444833405624e-15
0.33899999999999997	3.870879898532049e-15
0.33999999999999997	3.871323786488853e-15
0.34099999999999997	3.871776375128817e-15
0.34199999999999997	3.872237544259601e-15
0.34299999999999997	3.872707175605932e-15
0.344	3.8731851527726814e-15
0.345	3.873671361208747e-15
0.346	3.8741656881717916e-15
0.347	3.87466802269376e-15
0.348	3.875178255547189e-15
0.349	3.875696279212262e-15
0.35	3.876221987844615e-15
0.351	3.876755277243849e-15
0.352	3.877296044822754e-15
0.353	3.877844189577214e-15
0.354	3.8783996120567664e-15
0.355	3.878962214335822e-15
0.356	3.879531899985515e-15
0.357	3.880108574046159e-15
0.358	3.880692143000306e-15
0.359	3.881282514746404e-15
0.36	3.8818795985730034e-15
0.361	3.882483305133536e-15
0.362	3.883093546421619e-15
0.363	3.8837102357469086e-15
0.364	3.884333287711447e-15
0.365	3.884962618186529e-15
0.366	3.885598144290049e-15
0.367	3.886239784364322e-15
0.368	3.886887457954396e-15
0.369	3.887541085786779e-15
0.37	3.888200589748642e-15
0.371	3.888865892867451e-15
0.372	3.889536919291006e-15
0.373	3.890213594267903e-15
0.374	3.890895844128406e-15
0.375	3.8915835962656904e-15
0.376	3.892276779117506e-15
0.377	3.892975322148167e-15
0.378	3.893679155830946e-15
0.379	3.894388211630818e-15
0.38	3.895102421987535e-15
0.381	3.895821720299058e-15
0.382	3.896546040905326e-15
0.383	3.897275319072328e-15
0.384	3.898009490976515e-15
0.385	3.898748493689505e-15
0.386	3.899492265163109e-15
0.387	3.900240744214635e-15
0.388	3.90099387051249e-15
0.389	3.901751584562064e-15
0.39	3.902513827691894e-15
0.391	3.9032805420400855e-15
0.392	3.904051670541012e-15
0.393	3.90482715691227e-15
0.394	3.90560694564187e-15
0.395	3.9063909819756964e-15
0.396	3.907179211905197e-15
0.397	3.9079715821553155e-15
0.398	3.90876804017263e-15
0.399	3.90956853411376e-15
0.4	3.910373012833946e-15
0.401	3.91118142587589e-15
0.402	3.911993723458765e-15
0.403	3.9128098564674665e-15
0.404	3.913629776442036e-15
0.405	3.914453435567303e-15
0.406	3.91528078666272e-15
0.40700000000000003	3.916111783172361e-15
0.40800000000000003	3.916946379155131e-15
0.40900000000000003	3.917784529275167e-15
0.41000000000000003	3.918626188792361e-15
0.41100000000000003	3.919471313553125e-15
0.41200000000000003	3.920319859981276e-15
0.41300000000000003	3.92117178506911e-15
0.41400000000000003	3.922027046368637e-15
0.41500000000000004	3.922885601982956e-15
0.41600000000000004	3.923747410557822e-15
0.41700000000000004	3.924612431273327e-15
0.41800000000000004	3.925480623835758e-15
0.41900000000000004	3.9263519484695854e-15
0.42000000000000004	3.927226365909601e-15
0.42100000000000004	3.928103837393195e-15
0.42200000000000004	3.928984324652775e-15
0.42300000000000004	3.929867789908313e-15
0.42400000000000004	3.9307541958600196e-15
0.42500000000000004	3.9316435056811635e-15
0.42600000000000005	3.932535683011002e-15
0.42700000000000005	3.933430691947848e-15
0.42800000000000005	3.9343284970422375e-15
0.42900000000000005	3.935229063290251e-15
0.43000000000000005	3.936132356126913e-15
0.43100000000000005	3.937038341419732e-15
0.43200000000000005	3.937946985462335e-15
0.43300000000000005	3.9388582549682355e-15
0.43400000000000005	3.939772117064685e-15
0.43500000000000005	3.94068853928663e-15
0.43600000000000005	3.941607489570794e-15
0.43700000000000006	3.942528936249848e-15
0.43800000000000006	3.943452848046663e-15
0.43900000000000006	3.944379194068704e-15
0.44000000000000006	3.945307943802465e-15
0.44100000000000006	3.9462390671080385e-15
0.44200000000000006	3.947172534213758e-15
0.44300000000000006	3.948108315710947e-15
0.44399999999999995	3.94904638254872e-15
0.44499999999999995	3.949986706028919e-15
0.44599999999999995	3.950929257801092e-15
0.44699999999999995	3.9518740098575815e-15
0.44799999999999995	3.9528209345286864e-15
0.44899999999999995	3.953770004477898e-15
0.44999999999999996	3.954721192697224e-15
0.45099999999999996	3.955674472502575e-15
0.45199999999999996	3.956629817529258e-15
0.45299999999999996	3.957587201727497e-15
0.45399999999999996	3.958546599358071e-15
0.45499999999999996	3.9595079849879895e-15
0.45599999999999996	3.96047133348627e-15
0.45699999999999996	3.961436620019746e-15
0.45799999999999996	3.9624038200489835e-15
0.45899999999999996	3.963372909324226e-15
0.45999999999999996	3.964343863881433e-15
0.46099999999999997	3.965316660038369e-15
0.46199999999999997	3.966291274390758e-15
0.46299999999999997	3.967267683808482e-15
0.46399999999999997	3.968245865431881e-15
0.46499999999999997	3.969225796668081e-15
0.46599999999999997	3.970207455187365e-15
0.46699999999999997	3.971190818919655e-15
0.46799999999999997	3.972175866050984e-15
0.469	3.973162575020089e-15
0.47	3.9741509245149996e-15
0.471	3.975140893469713e-15
0.472	3.97613246106092e-15
0.473	3.977125606704766e-15
0.474	3.978120310053675e-15
0.475	3.979116550993221e-15
0.476	3.98011430963904e-15
0.477	3.981113566333805e-15
0.478	3.9821143016442255e-15
0.479	3.983116496358122e-15
0.48	3.984120131481513e-15
0.481	3.985125188235769e-15
0.482	3.986131648054804e-15
0.483	3.98713949258231e-15
0.484	3.988148703669034e-15
0.485	3.9891592633700844e-15
0.486	3.990171153942302e-15
0.487	3.991184357841646e-15
0.488	3.9921988577206415e-15
0.489	3.993214636425829e-15
0.49	3.994231676995321e-15
0.491	3.995249962656306e-15
0.492	3.996269476822664e-15
0.493	3.997290203092572e-15
0.494	3.998312125246172e-15
0.495	3.999335227243253e-15
0.496	4.0003594932209896e-15
0.497	4.0013849074916884e-15
0.498	4.0024114545405824e-15
0.499	4.003439119023665e-15
0.5	4.004467885765541e-15
0.501	4.005497739757303e-15
0.502	4.0065286661544714e-15
0.503	4.007560650274926e-15
0.504	4.0085936775968876e-15
0.505	4.009627733756938e-15
0.506	4.010662804548033e-15
0.507	4.011698875917592e-15
0.508	4.012735933965575e-15
0.509	4.0137739649426015e-15
0.51	4.014812955248106e-15
0.511	4.015852891428513e-15
0.512	4.0168937601754196e-15
0.513	4.017935548323838e-15
0.514	4.018978242850438e-15
0.515	4.020021830871818e-15
0.516	4.0210662996428104e-15
0.517	4.02211163655481e-15
0.518	4.0231578291341e-15
0.519	4.0242048650402375e-15
0.52	4.025252732064459e-15
0.521	4.026301418128061e-15
0.522	4.027350911280866e-15
0.523	4.028401199699665e-15
0.524	4.029452271686721e-15
0.525	4.0305041156682294e-15
0.526	4.031556720192887e-15
0.527	4.032610073930397e-15
0.528	4.0336641656700594e-15
0.529	4.034718984319329e-15
0.53	4.03577451890244e-15
0.531	4.036830758559009e-15
0.532	4.03788769254268e-15
0.533	4.0389453102197955e-15
0.534	4.040003601068048e-15
0.535	4.041062554675198e-15
0.536	4.0421221607377726e-15
0.537	4.0431824090598e-15
0.538	4.0442432895515616e-15
0.539	4.045304792228336e-15
0.54	4.046366907209206e-15
0.541	4.047429624715835e-15
0.542	4.0484929350712924e-15
0.543	4.049556828698864e-15
0.544	4.050621296120922e-15
0.545	4.0516863279577685e-15
0.546	4.052751914926507e-15
0.547	4.053818047839943e-15
0.548	4.054884717605479e-15
0.549	4.055951915224043e-15
0.55	4.0570196317890094e-15
0.551	4.058087858485164e-15
0.552	4.0591565865876355e-15
0.553	4.060225807460905e-15
0.554	4.061295512557769e-15
0.555	4.062365693418347e-15
0.556	4.063436341669102e-15
0.557	4.064507449021857e-15
0.558	4.065579007272841e-15
0.559	4.0666510083017455e-15
0.56	4.067723444070775e-15
0.561	4.0687963066237345e-15
0.562	4.0698695880851175e-15
0.5630000000000001	4.070943280659198e-15
0.5640000000000001	4.072017376629149e-15
0.5650000000000001	4.0730918683561635e-15
0.5660000000000001	4.074166748278591e-15
0.5670000000000001	4.075242008911068e-15
0.5680000000000001	4.076317642843703e-15
0.5690000000000001	4.077393642741213e-15
0.5700000000000001	4.078470001342117e-15
0.5710000000000001	4.079546711457921e-15
0.572	4.080623765972316e-15
0.573	4.081701157840383e-15
0.574	4.082778880087817e-15
0.575	4.083856925810148e-15
0.576	4.0849352881719795e-15
0.577	4.086013960406244e-15
0.578	4.0870929358134436e-15
0.579	4.088172207760937e-15
0.58	4.089251769682194e-15
0.581	4.090331615076098e-15
0.582	4.091411737506211e-15
0.583	4.0924921306001125e-15
0.584	4.093572788048677e-15
0.585	4.094653703605412e-15
0.586	4.095734871085784e-15
0.587	4.096816284366535e-15
0.588	4.097897937385052e-15
0.589	4.098979824138701e-15
0.59	4.100061938684198e-15
0.591	4.1011442751369615e-15
0.592	4.102226827670503e-15
0.593	4.1033095905158015e-15
0.594	4.1043925579606935e-15
0.595	4.105475724349276e-15
0.596	4.106559084081306e-15
0.597	4.10764263161161e-15
0.598	4.108726361449515e-15
0.599	4.109810268158258e-15
0.6	4.1108943463544395e-15
0.601	4.111978590707441e-15
0.602	4.113062995938883e-15
0.603	4.114147556822084e-15
0.604	4.115232268181512e-15
0.605	4.1163171248922474e-15
0.606	4.117402121879462e-15
0.607	4.118487254117899e-15
0.608	4.119572516631352e-15
0.609	4.1206579044921595e-15
0.61	4.121743412820704e-15
0.611	4.1228290367849076e-15
0.612	4.123914771599745e-15
0.613	4.125000612526765e-15
0.614	4.126086554873598e-15
0.615	4.1271725939934915e-15
0.616	4.128258725284836e-15
0.617	4.1293449441907084e-15
0.618	4.130431246198403e-15
0.619	4.131517626838996e-15
0.62	4.1326040816868814e-15
0.621	4.1336906063593385e-15
0.622	4.134777196516089e-15
0.623	4.135863847858878e-15
0.624	4.136950556131033e-15
0.625	4.138037317117049e-15
0.626	4.139124126642165e-15
0.627	4.140210980571966e-15
0.628	4.1412978748119624e-15
0.629	4.1423848053071935e-15
0.63	4.143471768041815e-15
0.631	4.144558759038739e-15
0.632	4.145645774359206e-15
0.633	4.146732810102422e-15
0.634	4.14781986240518e-15
0.635	4.1489069274414704e-15
0.636	4.1499940014221224e-15
0.637	4.151081080594427e-15
0.638	4.152168161241772e-15
0.639	4.153255239683302e-15
0.64	4.154342312273539e-15
0.641	4.155429375402037e-15
0.642	4.1565164254930544e-15
0.643	4.157603459005181e-15
0.644	4.158690472431019e-15
0.645	4.1597774622968336e-15
0.646	4.160864425162242e-15
0.647	4.1619513576198554e-15
0.648	4.1630382562949785e-15
0.649	4.16412511784528e-15
0.65	4.1652119389604755e-15
0.651	4.166298716361999e-15
0.652	4.16738544680273e-15
0.653	4.168472127066645e-15
0.654	4.1695587539685384e-15
0.655	4.170645324353708e-15
0.656	4.171731835097678e-15
0.657	4.172818283105876e-15
0.658	4.173904665313367e-15
0.659	4.174990978684564e-15
0.66	4.176077220212922e-15
0.661	4.1771633869206834e-15
0.662	4.17824947585858e-15
0.663	4.179335484105577e-15
0.664	4.180421408768577e-15
0.665	4.181507246982174e-15
0.666	4.1825929959083704e-15
0.667	4.183678652736328e-15
0.668	4.184764214682087e-15
0.6689999999999999	4.185849678988333e-15
0.6699999999999999	4.186935042924123e-15
0.6709999999999999	4.188020303784644e-15
0.6719999999999999	4.189105458890952e-15
0.6729999999999999	4.190190505589741e-15
0.6739999999999999	4.191275441253087e-15
0.6749999999999999	4.192360263278207e-15
0.6759999999999999	4.193444969087229e-15
0.6769999999999999	4.194529556126944e-15
0.6779999999999999	4.19561402186858e-15
0.6789999999999999	4.1966983638075634e-15
0.6799999999999999	4.197782579463299e-15
0.6809999999999999	4.198866666378935e-15
0.6819999999999999	4.1999506221211435e-15
0.6829999999999999	4.2010344442799044e-15
0.6839999999999999	4.202118130468265e-15
0.6849999999999999	4.203201678322153e-15
0.6859999999999999	4.2042850855001296e-15
0.6869999999999999	4.205368349683204e-15
0.688	4.206451468574603e-15
0.689	4.207534439899584e-15
0.69	4.208617261405204e-15
0.691	4.209699930860138e-15
0.692	4.210782446054453e-15
0.693	4.211864804799439e-15
0.694	4.212947004927386e-15
0.695	4.214029044291398e-15
0.696	4.2151109207652036e-15
0.697	4.216192632242955e-15
0.698	4.217274176639043e-15
0.699	4.218355551887914e-15
0.7	4.219436755943877e-15
0.701	4.2205177867809235e-15
0.702	4.221598642392547e-15
0.703	4.222679320791563e-15
0.704	4.2237598200099206e-15
0.705	4.224840138098542e-15
0.706	4.225920273127139e-15
0.707	4.227000223184044e-15
0.708	4.228079986376032e-15
0.709	4.229159560828163e-15
0.71	4.2302389446836e-15
0.711	4.231318136103462e-15
0.712	4.232397133266634e-15
0.713	4.233475934369637e-15
0.714	4.234554537626438e-15
0.715	4.235632941268304e-15
0.716	4.236711143543651e-15
0.717	4.2377891427178624e-15
0.718	4.23886693707318e-15
0.719	4.239944524908497e-15
0.72	4.241021904539251e-15
0.721	4.242099074297244e-15
0.722	4.2431760325305155e-15
0.723	4.244252777603184e-15
0.724	4.2453293078953e-15
0.725	4.246405621802714e-15
0.726	4.247481717736924e-15
0.727	4.248557594124932e-15
0.728	4.249633249409114e-15
0.729	4.250708682047079e-15
0.73	4.251783890511527e-15
0.731	4.252858873290113e-15
0.732	4.253933628885329e-15
0.733	4.2550081558143435e-15
0.734	4.256082452608893e-15
0.735	4.257156517815146e-15
0.736	4.258230349993569e-15
0.737	4.259303947718802e-15
0.738	4.260377309579529e-15
0.739	4.261450434178357e-15
0.74	4.262523320131695e-15
0.741	4.263595966069624e-15
0.742	4.2646683706357724e-15
0.743	4.26574053248721e-15
0.744	4.266812450294322e-15
0.745	4.267884122740675e-15
0.746	4.2689555485229265e-15
0.747	4.2700267263507e-15
0.748	4.2710976549464505e-15
0.749	4.272168333045385e-15
0.75	4.2732387593953265e-15
0.751	4.274308932756607e-15
0.752	4.275378851901961e-15
0.753	4.276448515616411e-15
0.754	4.277517922697173e-15
0.755	4.278587071953522e-15
0.756	4.279655962206721e-15
0.757	4.280724592289892e-15
0.758	4.281792961047911e-15
0.759	4.2828610673373145e-15
0.76	4.283928910026206e-15
0.761	4.284996487994132e-15
0.762	4.28606380013199e-15
0.763	4.287130845341947e-15
0.764	4.2881976225373184e-15
0.765	4.289264130642479e-15
0.766	4.290330368592765e-15
0.767	4.291396335334392e-15
0.768	4.292462029824333e-15
0.769	4.293527451030253e-15
0.77	4.294592597930397e-15
0.771	4.295657469513509e-15
0.772	4.296722064778734e-15
0.773	4.2977863827355304e-15
0.774	4.2988504224035866e-15
0.775	4.29991418281272e-15
0.776	4.300977663002798e-15
0.777	4.302040862023653e-15
0.778	4.303103778934982e-15
0.779	4.3041664128062896e-15
0.78	4.305228762716769e-15
0.781	4.306290827755249e-15
0.782	4.307352607020083e-15
0.783	4.308414099619096e-15
0.784	4.30947530466948e-15
0.785	4.310536221297719e-15
0.786	4.311596848639525e-15
0.787	4.31265718583973e-15
0.788	4.313717232052238e-15
0.789	4.314776986439927e-15
0.79	4.315836448174575e-15
0.791	4.316895616436791e-15
0.792	4.3179544904159355e-15
0.793	4.3190130693100435e-15
0.794	4.320071352325755e-15
0.795	4.321129338678239e-15
0.7959999999999999	4.322187027591115e-15
0.7969999999999999	4.3232444182963985e-15
0.7979999999999999	4.324301510034409e-15
0.7989999999999999	4.325358302053702e-15
0.7999999999999999	4.326414793611024e-15
0.8009999999999999	4.327470983971204e-15
0.8019999999999999	4.3285268724071175e-15
0.8029999999999999	4.3295824581996e-15
0.8039999999999999	4.3306377406373816e-15
0.8049999999999999	4.3316927190170315e-15
0.8059999999999999	4.332747392642872e-15
0.8069999999999999	4.333801760826938e-15
0.8079999999999999	4.334855822888888e-15
0.8089999999999999	4.3359095781559485e-15
0.8099999999999999	4.3369630259628525e-15
0.8109999999999999	4.338016165651776e-15
0.8119999999999999	4.339068996572269e-15
0.813	4.340121518081207e-15
0.814	4.341173729542707e-15
0.815	4.3422256303280915e-15
0.816	4.343277219815802e-15
0.817	4.344328497391368e-15
0.818	4.345379462447314e-15
0.819	4.3464301143831335e-15
0.82	4.347480452605205e-15
0.821	4.348530476526755e-15
0.822	4.3495801855677794e-15
0.823	4.350629579154999e-15
0.824	4.351678656721809e-15
0.825	4.3527274177082026e-15
0.826	4.353775861560741e-15
0.827	4.354823987732475e-15
0.828	4.355871795682906e-15
0.829	4.3569192848779284e-15
0.83	4.3579664547897725e-15
0.831	4.359013304896954e-15
0.832	4.36005983468422e-15
0.833	4.361106043642499e-15
0.834	4.3621519312688565e-15
0.835	4.363197497066426e-15
0.836	4.364242740544362e-15
0.837	4.365287661217815e-15
0.838	4.366332258607849e-15
0.839	4.367376532241409e-15
0.84	4.368420481651265e-15
0.841	4.369464106375976e-15
0.842	4.3705074059598234e-15
0.843	4.3715503799527785e-15
0.844	4.372593027910449e-15
0.845	4.3736353493940285e-15
0.846	4.374677343970265e-15
0.847	4.375719011211391e-15
0.848	4.3767603506951e-15
0.849	4.377801362004486e-15
0.85	4.3788420447280146e-15
0.851	4.379882398459459e-15
0.852	4.380922422797872e-15
0.853	4.381962117347529e-15
0.854	4.383001481717904e-15
0.855	4.384040515523604e-15
0.856	4.385079218384339e-15
0.857	4.38611758992488e-15
0.858	4.387155629775015e-15
0.859	4.388193337569504e-15
0.86	4.38923071294805e-15
0.861	4.390267755555239e-15
0.862	4.391304465040513e-15
0.863	4.3923408410581336e-15
0.864	4.3933768832671244e-15
0.865	4.394412591331254e-15
0.866	4.395447964918983e-15
0.867	4.396483003703419e-15
0.868	4.397517707362302e-15
0.869	4.3985520755779424e-15
0.87	4.3995861080371966e-15
0.871	4.400619804431423e-15
0.872	4.401653164456449e-15
0.873	4.40268618781253e-15
0.874	4.403718874204322e-15
0.875	4.404751223340834e-15
0.876	4.4057832349353976e-15
0.877	4.406814908705634e-15
0.878	4.407846244373416e-15
0.879	4.4088772416648314e-15
0.88	4.409907900310145e-15
0.881	4.410938220043776e-15
0.882	4.411968200604258e-15
0.883	4.412997841734206e-15
0.884	4.414027143180266e-15
0.885	4.415056104693117e-15
0.886	4.416084726027409e-15
0.887	4.417113006941737e-15
0.888	4.418140947198616e-15
0.889	4.419168546564443e-15
0.89	4.420195804809466e-15
0.891	4.421222721707751e-15
0.892	4.422249297037152e-15
0.893	4.423275530579284e-15
0.894	4.424301422119487e-15
0.895	4.4253269714467956e-15
0.896	4.42635217835391e-15
0.897	4.427377042637172e-15
0.898	4.428401564096517e-15
0.899	4.4294257425354706e-15
0.9	4.4304495777610985e-15
0.901	4.431473069583984e-15
0.902	4.4324962178182e-15
0.903	4.433519022281286e-15
0.904	4.4345414827942e-15
0.905	4.435563599181328e-15
0.906	4.436585371270405e-15
0.907	4.437606798892538e-15
0.908	4.43862788188214e-15
0.909	4.4396486200769255e-15
0.91	4.440669013317875e-15
0.911	4.441689061449213e-15
0.912	4.442708764318371e-15
0.913	4.443728121775974e-15
0.914	4.4447471336758094e-15
0.915	4.4457657998747995e-15
0.916	4.446784120232973e-15
0.917	4.447802094613446e-15
0.918	4.448819722882403e-15
0.919	4.449837004909047e-15
0.92	4.450853940565606e-15
0.921	4.451870529727286e-15
0.922	4.452886772272251e-15
0.923	4.4539026680816066e-15
0.924	4.454918217039374e-15
0.9249999999999999	4.4559334190324566e-15
0.9259999999999999	4.456948273950628e-15
0.9269999999999999	4.4579627816865024e-15
0.9279999999999999	4.458976942135511e-15
0.9289999999999999	4.459990755195885e-15
0.9299999999999999	4.461004220768618e-15
0.9309999999999999	4.4620173387574655e-15
0.9319999999999999	4.4630301090689085e-15
0.9329999999999999	4.4640425316121305e-15
0.9339999999999999	4.465054606298997e-15
0.9349999999999999	4.466066333044034e-15
0.9359999999999999	4.467077711764413e-15
0.9369999999999999	4.468088742379922e-15
0.938	4.4690994248129375e-15
0.939	4.470109758988426e-15
0.94	4.471119744833892e-15
0.941	4.472129382279385e-15
0.942	4.473138671257458e-15
0.943	4.4741476117031664e-15
0.944	4.475156203554028e-15
0.945	4.4761644467500206e-15
0.946	4.477172341233541e-15
0.947	4.478179886949409e-15
0.948	4.479187083844836e-15
0.949	4.480193931869392e-15
0.95	4.481200430975016e-15
0.951	4.482206581115972e-15
0.952	4.483212382248834e-15
0.953	4.484217834332485e-15
0.954	4.48522293732807e-15
0.955	4.4862276911989975e-15
0.956	4.48723209591092e-15
0.957	4.488236151431701e-15
0.958	4.489239857731416e-15
0.959	4.490243214782318e-15
0.96	4.491246222558832e-15
0.961	4.492248881037525e-15
0.962	4.493251190197107e-15
0.963	4.49425315001838e-15
0.964	4.4952547604842704e-15
0.965	4.496256021579762e-15
0.966	4.497256933291913e-15
0.967	4.498257495609816e-15
0.968	4.499257708524596e-15
0.969	4.500257572029396e-15
0.97	4.501257086119344e-15
0.971	4.502256250791548e-15
0.972	4.50325506604509e-15
0.973	4.50425353188098e-15
0.974	4.505251648302171e-15
0.975	4.506249415313521e-15
0.976	4.507246832921796e-15
0.977	4.5082439011356364e-15
0.978	4.509240619965547e-15
0.979	4.510236989423893e-15
0.98	4.511233009524878e-15
0.981	4.512228680284508e-15
0.982	4.513224001720617e-15
0.983	4.514218973852811e-15
0.984	4.515213596702495e-15
0.985	4.5162078702928075e-15
0.986	4.517201794648656e-15
0.987	4.5181953697966695e-15
0.988	4.519188595765202e-15
0.989	4.520181472584302e-15
0.99	4.5211740002857145e-15
0.991	4.522166178902853e-15
0.992	4.5231580084708084e-15
0.993	4.524149489026296e-15
0.994	4.5251406206076855e-15
0.995	4.5261314032549574e-15
0.996	4.527121837009704e-15
0.997	4.5281119219151e-15
0.998	4.5291016580159145e-15
0.999	4.530091045358474e-15
1.	4.5310800839906606e-15
1.0010000000000001	4.532068773961905e-15
1.002	4.5330571153231585e-15
1.0030000000000001	4.534045108126887e-15
1.004	4.535032752427054e-15
1.0050000000000001	4.536020048279137e-15
1.006	4.5370069957400656e-15
1.0070000000000001	4.537993594868239e-15
1.008	4.538979845723513e-15
1.0090000000000001	4.5399657483671955e-15
1.01	4.540951302862e-15
1.0110000000000001	4.54193650927208e-15
1.012	4.54292136766297e-15
1.0130000000000001	4.543905878101615e-15
1.014	4.544890040656328e-15
1.0150000000000001	4.545873855396814e-15
1.016	4.546857322394111e-15
1.0170000000000001	4.5478404417206075e-15
1.018	4.548823213450043e-15
1.0190000000000001	4.549805637657459e-15
1.02	4.550787714419228e-15
1.0210000000000001	4.551769443813013e-15
1.022	4.552750825917771e-15
1.0230000000000001	4.553731860813741e-15
1.024	4.554712548582418e-15
1.0250000000000001	4.5556928893065754e-15
1.026	4.556672883070215e-15
1.0270000000000001	4.5576525299585846e-15
1.028	4.558631830058151e-15
1.0290000000000001	4.5596107834566005e-15
1.03	4.560589390242832e-15
1.0310000000000001	4.5615676505069284e-15
1.032	4.562545564340154e-15
1.0330000000000001	4.563523131834959e-15
1.034	4.564500353084956e-15
1.0350000000000001	4.565477228184901e-15
1.036	4.566453757230706e-15
1.0370000000000001	4.567429940319414e-15
1.038	4.568405777549189e-15
1.0390000000000001	4.569381269019315e-15
1.04	4.570356414830174e-15
1.0410000000000001	4.571331215083258e-15
1.042	4.572305669881126e-15
1.0430000000000001	4.5732797793274386e-15
1.044	4.574253543526905e-15
1.0450000000000002	4.575226962585292e-15
1.046	4.576200036609428e-15
1.0470000000000002	4.5771727657071764e-15
1.048	4.5781451499874245e-15
1.0490000000000002	4.579117189560097e-15
1.05	4.580088884536118e-15
1.0510000000000002	4.581060235027418e-15
1.052	4.582031241146929e-15
1.053	4.58300190300857e-15
1.054	4.58397222072723e-15
1.055	4.584942194418778e-15
1.056	4.5859118242000336e-15
1.057	4.586881110188776e-15
1.058	4.587850052503728e-15
1.059	4.588818651264548e-15
1.06	4.5897869065918224e-15
1.061	4.590754818607058e-15
1.062	4.591722387432675e-15
1.063	4.592689613191979e-15
1.064	4.593656496009197e-15
1.065	4.594623036009438e-15
1.066	4.5955892333186656e-15
1.067	4.5965550880637535e-15
1.068	4.597520600372409e-15
1.069	4.598485770373206e-15
1.07	4.599450598195572e-15
1.071	4.60041508396977e-15
1.072	4.6013792278268925e-15
1.073	4.602343029898866e-15
1.074	4.603306490318436e-15
1.075	4.604269609219142e-15
1.076	4.605232386735355e-15
1.077	4.606194823002215e-15
1.078	4.607156918155679e-15
1.079	4.608118672332456e-15
1.08	4.6090800856700564e-15
1.081	4.610041158306735e-15
1.082	4.611001890381531e-15
1.083	4.6119622820342235e-15
1.084	4.612922333405344e-15
1.085	4.613882044636154e-15
1.086	4.614841415868664e-15
1.087	4.6158004472456e-15
1.088	4.616759138910418e-15
1.089	4.617717491007271e-15
1.09	4.618675503681038e-15
1.091	4.619633177077284e-15
1.092	4.6205905113422866e-15
1.0930000000000002	4.6215475066229795e-15
1.094	4.622504163067e-15
1.0950000000000002	4.623460480822664e-15
1.096	4.6244164600389415e-15
1.0970000000000002	4.625372100865472e-15
1.098	4.626327403452541e-15
1.0990000000000002	4.627282367951101e-15
1.1	4.6282369945127445e-15
1.1010000000000002	4.629191283289677e-15
1.102	4.630145234434777e-15
1.1030000000000002	4.631098848101504e-15
1.104	4.632052124443974e-15
1.1050000000000002	4.633005063616899e-15
1.106	4.6339576657756e-15
1.1070000000000002	4.6349099310760026e-15
1.108	4.635861859674621e-15
1.1090000000000002	4.636813451728581e-15
1.11	4.637764707395562e-15
1.1110000000000002	4.638715626833859e-15
1.112	4.639666210202305e-15
1.1130000000000002	4.640616457660324e-15
1.114	4.641566369367897e-15
1.1150000000000002	4.6425159454855576e-15
1.116	4.6434651861743975e-15
1.117	4.644414091596051e-15
1.118	4.645362661912689e-15
1.119	4.646310897287036e-15
1.12	4.647258797882327e-15
1.121	4.648206363862324e-15
1.122	4.649153595391326e-15
1.123	4.6501004926341315e-15
1.124	4.651047055756039e-15
1.125	4.651993284922875e-15
1.1260000000000001	4.65293918030097e-15
1.127	4.653884742057111e-15
1.1280000000000001	4.6548299703586074e-15
1.129	4.65577486537325e-15
1.1300000000000001	4.656719427269294e-15
1.131	4.657663656215485e-15
1.1320000000000001	4.658607552381031e-15
1.133	4.659551115935607e-15
1.1340000000000001	4.660494347049353e-15
1.135	4.661437245892854e-15
1.1360000000000001	4.662379812637153e-15
1.137	4.6633220474537446e-15
1.1380000000000001	4.6642639505145565e-15
1.139	4.665205521991961e-15
1.1400000000000001	4.6661467620587535e-15
1.141	4.6670876708881614e-15
1.1420000000000001	4.668028248653851e-15
1.143	4.668968495529887e-15
1.1440000000000001	4.669908411690762e-15
1.145	4.670847997311358e-15
1.1460000000000001	4.671787252566999e-15
1.147	4.672726177633381e-15
1.1480000000000001	4.673664772686617e-15
1.149	4.674603037903198e-15
1.1500000000000001	4.675540973460011e-15
1.151	4.6764785795343315e-15
1.1520000000000001	4.677415856303808e-15
1.153	4.678352803946475e-15
1.1540000000000001	4.679289422640723e-15
1.155	4.6802257125653385e-15
1.1560000000000001	4.681161673899443e-15
1.157	4.682097306822534e-15
1.1580000000000001	4.68303261151448e-15
1.159	4.683967588155459e-15
1.1600000000000001	4.6849022369260446e-15
1.161	4.685836558007124e-15
1.1620000000000001	4.686770551579943e-15
1.163	4.687704217826074e-15
1.1640000000000001	4.688637556927425e-15
1.165	4.689570569066241e-15
1.1660000000000001	4.690503254425071e-15
1.167	4.691435613186819e-15
1.1680000000000001	4.692367645534683e-15
1.169	4.693299351652187e-15
1.1700000000000002	4.694230731723146e-15
1.171	4.69516178593171e-15
1.1720000000000002	4.696092514462319e-15
1.173	4.697022917499717e-15
1.1740000000000002	4.697952995228941e-15
1.175	4.698882747835319e-15
1.1760000000000002	4.699812175504473e-15
1.177	4.700741278422318e-15
1.1780000000000002	4.7016700567750314e-15
1.179	4.702598510749098e-15
1.1800000000000002	4.703526640531253e-15
1.181	4.7044544463085184e-15
1.1820000000000002	4.705381928268186e-15
1.183	4.706309086597807e-15
1.1840000000000002	4.707235921485187e-15
1.185	4.7081624331184176e-15
1.1860000000000002	4.709088621685831e-15
1.187	4.710014487376009e-15
1.1880000000000002	4.710940030377778e-15
1.189	4.7118652508802306e-15
1.1900000000000002	4.712790149072689e-15
1.191	4.713714725144725e-15
1.1920000000000002	4.714638979286137e-15
1.193	4.715562911686958e-15
1.1940000000000002	4.716486522537466e-15
1.195	4.717409812028161e-15
1.1960000000000002	4.718332780349745e-15
1.197	4.719255427693185e-15
1.1980000000000002	4.720177754249635e-15
1.199	4.721099760210476e-15
1.2000000000000002	4.7220214457673e-15
1.201	4.722942811111912e-15
1.2020000000000002	4.72386385643633e-15
1.203	4.724784581932757e-15
1.2040000000000002	4.72570498779362e-15
1.205	4.7266250742115305e-15
1.2060000000000002	4.727544841379313e-15
1.207	4.7284642894899765e-15
1.2080000000000002	4.7293834187366966e-15
1.209	4.730302229312884e-15
1.2100000000000002	4.731220721412093e-15
1.211	4.732138895228087e-15
1.2120000000000002	4.733056750954796e-15
1.213	4.7339742887863335e-15
1.2140000000000002	4.734891508916989e-15
1.215	4.7358084115412096e-15
1.2160000000000002	4.7367249968536354e-15
1.217	4.737641265049062e-15
1.2180000000000002	4.738557216322435e-15
1.219	4.739472850868881e-15
1.2200000000000002	4.740388168883691e-15
1.221	4.74130317056229e-15
1.2220000000000002	4.742217856100274e-15
1.223	4.7431322256933825e-15
1.2240000000000002	4.744046279537515e-15
1.225	4.744960017828706e-15
1.2260000000000002	4.745873440763139e-15
1.227	4.746786548537142e-15
1.2280000000000002	4.74769934134719e-15
1.229	4.748611819389875e-15
1.2300000000000002	4.749523982861944e-15
1.231	4.750435831960255e-15
1.2320000000000002	4.751347366881835e-15
1.233	4.752258587823794e-15
1.2340000000000002	4.753169494983392e-15
1.235	4.754080088558019e-15
1.2360000000000002	4.75499036874516e-15
1.237	4.755900335742462e-15
1.2380000000000002	4.756809989747639e-15
1.239	4.7577193309585595e-15
1.2400000000000002	4.7586283595731735e-15
1.241	4.759537075789574e-15
1.2420000000000002	4.760445479805942e-15
1.243	4.761353571820557e-15
1.2440000000000002	4.7622613520318295e-15
1.245	4.7631688206382475e-15
1.246	4.7640759778384105e-15
1.247	4.764982823831012e-15
1.248	4.76588935881485e-15
1.249	4.766795582988804e-15
1.25	4.767701496551849e-15
1.2510000000000001	4.768607099703054e-15
1.252	4.769512392641579e-15
1.2530000000000001	4.7704173755666605e-15
1.254	4.77132204867762e-15
1.2550000000000001	4.77222641217387e-15
1.256	4.773130466254883e-15
1.2570000000000001	4.77403421112025e-15
1.258	4.7749376469695954e-15
1.2590000000000001	4.775840774002632e-15
1.26	4.776743592419153e-15
1.2610000000000001	4.777646102419011e-15
1.262	4.7785483042021514e-15
1.2630000000000001	4.779450197968548e-15
1.264	4.780351783918269e-15
1.2650000000000001	4.781253062251444e-15
1.266	4.782154033168237e-15
1.2670000000000001	4.783054696868921e-15
1.268	4.783955053553782e-15
1.2690000000000001	4.784855103423174e-15
1.27	4.785754846677518e-15
1.2710000000000001	4.786654283517292e-15
1.272	4.7875534141429914e-15
1.2730000000000001	4.788452238755195e-15
1.274	4.7893507575545165e-15
1.2750000000000001	4.790248970741614e-15
1.276	4.7911468785171895e-15
1.2770000000000001	4.792044481082007e-15
1.278	4.7929417786368395e-15
1.2790000000000001	4.79383877138252e-15
1.28	4.794735459519917e-15
1.2810000000000001	4.7956318432499395e-15
1.282	4.796527922773501e-15
1.2830000000000001	4.797423698291601e-15
1.284	4.7983191700052266e-15
1.2850000000000001	4.799214338115411e-15
1.286	4.800109202823222e-15
1.2870000000000001	4.801003764329743e-15
1.288	4.801898022836085e-15
1.2890000000000001	4.8027919785433965e-15
1.29	4.8036856316528125e-15
1.2910000000000001	4.804578982365544e-15
1.292	4.805472030882777e-15
1.2930000000000001	4.806364777405726e-15
1.294	4.807257222135638e-15
1.2950000000000002	4.80814936527375e-15
1.296	4.809041207021339e-15
1.2970000000000002	4.809932747579674e-15
1.298	4.810823987150035e-15
1.2990000000000002	4.811714925933728e-15
1.3	4.812605564132063e-15
1.3010000000000002	4.8134959019463405e-15
1.302	4.81438593957789e-15
1.3030000000000002	4.8152756772280244e-15
1.304	4.816165115098071e-15
1.3050000000000002	4.817054253389355e-15
1.306	4.8179430923031936e-15
1.3070000000000002	4.818831632040921e-15
1.308	4.819719872803859e-15
1.3090000000000002	4.820607814793327e-15
1.31	4.821495458210629e-15
1.3110000000000002	4.822382803257076e-15
1.312	4.823269850133971e-15
1.3130000000000002	4.824156599042601e-15
1.314	4.8250430501842466e-15
1.3150000000000002	4.825929203760172e-15
1.316	4.826815059971639e-15
1.3170000000000002	4.827700619019885e-15
1.318	4.828585881106142e-15
1.3190000000000002	4.829470846431624e-15
1.32	4.830355515197512e-15
1.3210000000000002	4.8312398876049836e-15
1.322	4.8321239638552155e-15
1.3230000000000002	4.833007744149318e-15
1.324	4.833891228688404e-15
1.3250000000000002	4.834774417673579e-15
1.326	4.835657311305893e-15
1.3270000000000002	4.836539909786402e-15
1.328	4.837422213316101e-15
1.3290000000000002	4.8383042220959874e-15
1.33	4.8391859363270135e-15
1.3310000000000002	4.840067356210097e-15
1.332	4.840948481946154e-15
1.3330000000000002	4.8418293137360375e-15
1.334	4.8427098517805744e-15
1.3350000000000002	4.84359009628056e-15
1.336	4.844470047436768e-15
1.3370000000000002	4.8453497054499124e-15
1.338	4.846229070520695e-15
1.3390000000000002	4.847108142849744e-15
1.34	4.847986922637695e-15
1.3410000000000002	4.848865410085099e-15
1.342	4.849743605392488e-15
1.3430000000000002	4.850621508760364e-15
1.344	4.851499120389151e-15
1.3450000000000002	4.8523764404792614e-15
1.346	4.8532534692310435e-15
1.3470000000000002	4.854130206844799e-15
1.348	4.85500665352081e-15
1.3490000000000002	4.8558828094592664e-15
1.35	4.856758674860348e-15
1.3510000000000002	4.8576342499241605e-15
1.352	4.858509534850768e-15
1.3530000000000002	4.8593845298401875e-15
1.354	4.860259235092366e-15
1.3550000000000002	4.861133650807226e-15
1.356	4.862007777184606e-15
1.3570000000000002	4.862881614424296e-15
1.358	4.863755162726055e-15
1.3590000000000002	4.864628422289541e-15
1.36	4.8655013933144035e-15
1.3610000000000002	4.8663740760001876e-15
1.362	4.867246470546414e-15
1.3630000000000002	4.868118577152512e-15
1.364	4.868990396017872e-15
1.3650000000000002	4.869861927341823e-15
1.366	4.870733171323619e-15
1.3670000000000002	4.87160412816245e-15
1.368	4.87247479805746e-15
1.3690000000000002	4.8733451812077e-15
1.37	4.874215277812162e-15
1.3710000000000002	4.875085088069804e-15
1.372	4.8759546121794655e-15
1.373	4.8768238503399544e-15
1.374	4.877692802749986e-15
1.375	4.878561469608228e-15
1.3760000000000001	4.87942985111326e-15
1.377	4.88029794746359e-15
1.3780000000000001	4.881165758857667e-15
1.379	4.882033285493852e-15
1.3800000000000001	4.882900527570442e-15
1.381	4.883767485285659e-15
1.3820000000000001	4.884634158837639e-15
1.383	4.885500548424455e-15
1.3840000000000001	4.886366654244094e-15
1.385	4.887232476494477e-15
1.3860000000000001	4.8880980153734336e-15
1.387	4.888963271078723e-15
1.3880000000000001	4.889828243808018e-15
1.389	4.890692933758921e-15
1.3900000000000001	4.8915573411289395e-15
1.391	4.892421466115513e-15
1.3920000000000001	4.893285308916003e-15
1.393	4.894148869727661e-15
1.3940000000000001	4.895012148747687e-15
1.395	4.895875146173174e-15
1.3960000000000001	4.89673786220114e-15
1.397	4.8976002970285145e-15
1.3980000000000001	4.898462450852146e-15
1.399	4.899324323868789e-15
1.4000000000000001	4.90018591627512e-15
1.401	4.901047228267722e-15
1.4020000000000001	4.901908260043083e-15
1.403	4.902769011797608e-15
1.4040000000000001	4.903629483727619e-15
1.405	4.9044896760293375e-15
1.4060000000000001	4.9053495888988906e-15
1.407	4.906209222532327e-15
1.4080000000000001	4.907068577125601e-15
1.409	4.907927652874568e-15
1.4100000000000001	4.9087864499749865e-15
1.411	4.909644968622532e-15
1.4120000000000001	4.910503209012783e-15
1.413	4.911361171341208e-15
1.4140000000000001	4.912218855803199e-15
1.415	4.913076262594047e-15
1.4160000000000001	4.913933391908947e-15
1.417	4.91479024394299e-15
1.4180000000000001	4.9156468188911675e-15
1.419	4.916503116948395e-15
1.4200000000000002	4.9173591383094585e-15
1.421	4.918214883169065e-15
1.4220000000000002	4.919070351721819e-15
1.423	4.919925544162213e-15
1.4240000000000002	4.920780460684659e-15
1.425	4.921635101483455e-15
1.4260000000000002	4.922489466752784e-15
1.427	4.923343556686762e-15
1.4280000000000002	4.924197371479364e-15
1.429	4.925050911324485e-15
1.4300000000000002	4.9259041764159145e-15
1.431	4.926757166947333e-15
1.4320000000000002	4.9276098831123076e-15
1.433	4.928462325104326e-15
1.4340000000000002	4.929314493116744e-15
1.435	4.930166387342807e-15
1.4360000000000002	4.9310180079757e-15
1.437	4.931869355208445e-15
1.4380000000000002	4.9327204292339886e-15
1.439	4.933571230245158e-15
1.4400000000000002	4.9344217584346885e-15
1.441	4.935272013995169e-15
1.4420000000000002	4.9361219971191335e-15
1.443	4.936971707998959e-15
1.4440000000000002	4.937821146826935e-15
1.445	4.938670313795237e-15
1.4460000000000002	4.939519209095931e-15
1.447	4.940367832920966e-15
1.4480000000000002	4.94121618546217e-15
1.449	4.942064266911305e-15
1.4500000000000002	4.942912077459956e-15
1.451	4.9437596172996484e-15
1.4520000000000002	4.944606886621758e-15
1.453	4.945453885617571e-15
1.4540000000000002	4.946300614478243e-15
1.455	4.9471470733948255e-15
1.4560000000000002	4.947993262558257e-15
1.457	4.948839182159344e-15
1.4580000000000002	4.949684832388804e-15
1.459	4.9505302134372125e-15
1.4600000000000002	4.951375325495051e-15
1.461	4.952220168752665e-15
1.4620000000000002	4.9530647434002934e-15
1.463	4.953909049628064e-15
1.4640000000000002	4.95475308762596e-15
1.465	4.955596857583891e-15
1.4660000000000002	4.956440359691615e-15
1.467	4.957283594138759e-15
1.4680000000000002	4.958126561114885e-15
1.469	4.958969260809382e-15
1.4700000000000002	4.959811693411536e-15
1.471	4.960653859110532e-15
1.4720000000000002	4.9614957580954064e-15
1.473	4.962337390555091e-15
1.4740000000000002	4.963178756678403e-15
1.475	4.964019856654006e-15
1.4760000000000002	4.964860690670498e-15
1.477	4.965701258916286e-15
1.4780000000000002	4.966541561579723e-15
1.479	4.967381598848984e-15
1.4800000000000002	4.968221370912158e-15
1.481	4.969060877957195e-15
1.4820000000000002	4.969900120171915e-15
1.483	4.970739097744044e-15
1.4840000000000002	4.971577810861136e-15
1.485	4.972416259710672e-15
1.4860000000000002	4.973254444479968e-15
1.487	4.9740923653562455e-15
1.4880000000000002	4.974930022526585e-15
1.489	4.9757674161779426e-15
1.4900000000000002	4.976604546497142e-15
1.491	4.977441413670909e-15
1.4920000000000002	4.9782780178858035e-15
1.493	4.979114359328292e-15
1.4940000000000002	4.979950438184695e-15
1.495	4.980786254641226e-15
1.4960000000000002	4.9816218088839436e-15
1.497	4.982457101098805e-15
1.4980000000000002	4.983292131471617e-15
1.499	4.984126900188086e-15
1.5	4.984961407433756e-15