0.092	1.e-9
0.093	7.560922549005813e-14
0.094	5.3846779264734145e-14
0.095	4.4277532842518547e-14
0.096	3.861476069469593e-14
0.097	3.477829085189819e-14
0.098	3.1966764432105027e-14
0.099	2.9797381029799354e-14
0.1	2.8061263279871888e-14
0.101	2.663353888647355e-14
0.102	2.5434393692268768e-14
0.103	2.441013304672539e-14
0.104	2.3523140131343637e-14
0.105	2.2746180270840155e-14
0.106	2.20589905701962e-14
0.107	2.1446144993151655e-14
0.108	2.0895667138179365e-14
0.109	2.039809983713951e-14
0.11	1.9945863884036714e-14
0.111	1.953280542310181e-14
0.112	1.9153869758616237e-14
0.113	1.8804861890416916e-14
0.11399999999999999	1.8482267794959112e-14
0.11499999999999999	1.818311905389579e-14
0.11599999999999999	1.7904888937297967e-14
0.11699999999999999	1.7645411659831728e-14
0.118	1.7402818945279225e-14
0.119	1.717548968248054e-14
0.12	1.696200959788269e-14
0.121	1.676113867372822e-14
0.122	1.657178461468182e-14
0.123	1.6392981080571485e-14
0.124	1.6223869706524858e-14
0.125	1.6063685156441018e-14
0.126	1.591174262370908e-14
0.127	1.5767427319890002e-14
0.128	1.5630185588674438e-14
0.129	1.5499517356638628e-14
0.13	1.537496968978571e-14
0.131	1.525613126969375e-14
0.132	1.5142627638317615e-14
0.133	1.5034117088354028e-14
0.134	1.493028709825603e-14
0.135	1.483085122874039e-14
0.136	1.4735546411930773e-14
0.137	1.4644130575856028e-14
0.138	1.4556380556443788e-14
0.139	1.4472090256852643e-14
0.14	1.4391069020315152e-14
0.14100000000000001	1.4313140187885946e-14
0.14200000000000002	1.4238139816817036e-14
0.14300000000000002	1.4165915538883231e-14
0.14400000000000002	1.4096325540988298e-14
0.145	1.4029237652904341e-14
0.146	1.3964528529118487e-14
0.147	1.3902082913552491e-14
0.148	1.3841792977438326e-14
0.149	1.3783557721922144e-14
0.15	1.3727282438068287e-14
0.151	1.3672878217874347e-14
0.152	1.3620261510713936e-14
0.153	1.3569353720316021e-14
0.154	1.3520080837986627e-14
0.155	1.347237310829411e-14
0.156	1.342616472388616e-14
0.157	1.3381393546494138e-14
0.158	1.3338000851518119e-14
0.159	1.329593109388023e-14
0.16	1.325513169309119e-14
0.161	1.3215552835700262e-14
0.162	1.3177147293496723e-14
0.163	1.313987025600471e-14
0.164	1.3103679175966673e-14
0.16499999999999998	1.3068533626645944e-14
0.16599999999999998	1.3034395169898328e-14
0.16699999999999998	1.3001227234068892e-14
0.16799999999999998	1.2968995000863812e-14
0.16899999999999998	1.2937665300430906e-14
0.16999999999999998	1.2907206513956836e-14
0.17099999999999999	1.2877588483155057e-14
0.172	1.2848782426078199e-14
0.173	1.282076085874108e-14
0.174	1.2793497522088313e-14
0.175	1.276696731388282e-14
0.176	1.2741146225129718e-14
0.177	1.2716011280684591e-14
0.178	1.2691540483725829e-14
0.179	1.2667712763798737e-14
0.18	1.2644507928164248e-14
0.181	1.2621906616207802e-14
0.182	1.2599890256684524e-14
0.183	1.2578441027595448e-14
0.184	1.2557541818506483e-14
0.185	1.2537176195137152e-14
0.186	1.2517328366059996e-14
0.187	1.2497983151364317e-14
0.188	1.2479125953149524e-14
0.189	1.2460742727723638e-14
0.19	1.2442819959392456e-14
0.191	1.2425344635733425e-14
0.192	1.2408304224256307e-14
0.193	1.2391686650360267e-14
0.194	1.2375480276503416e-14
0.195	1.2359673882507351e-14
0.196	1.2344256646924613e-14
0.197	1.2329218129402376e-14
0.198	1.2314548253980316e-14
0.199	1.230023729326513e-14
0.2	1.2286275853428109e-14
0.201	1.2272654859975957e-14
0.202	1.2259365544248433e-14
0.203	1.2246399430599725e-14
0.20400000000000001	1.2233748324223063e-14
0.20500000000000002	1.2221404299581184e-14
0.20600000000000002	1.2209359689407434e-14
0.20700000000000002	1.2197607074244792e-14
0.20800000000000002	1.2186139272492243e-14
0.20900000000000002	1.2174949330929703e-14
0.21000000000000002	1.2164030515694923e-14
0.21100000000000002	1.2153376303687084e-14
0.212	1.2142980374373715e-14
0.213	1.213283660197885e-14
0.214	1.2122939048031805e-14
0.215	1.2113281954257163e-14
0.216	1.2103859735787795e-14
0.217	1.2094666974683855e-14
0.218	1.2085698413741642e-14
0.219	1.2076948950577239e-14
0.22	1.2068413631970855e-14
0.221	1.2060087648458248e-14
0.222	1.205196632915696e-14
0.223	1.2044045136815222e-14
0.224	1.2036319663072621e-14
0.225	1.2028785623921736e-14
0.226	1.2021438855361052e-14
0.227	1.2014275309229644e-14
0.228	1.2007291049214739e-14
0.229	1.2000482247023977e-14
0.23	1.1993845178714262e-14
0.231	1.198737622116989e-14
0.232	1.1981071848722824e-14
0.233	1.1974928629908444e-14
0.234	1.1968943224350455e-14
0.23500000000000001	1.1963112379768996e-14
0.23600000000000002	1.195743292910623e-14
0.237	1.1951901787764055e-14
0.238	1.1946515950948881e-14
0.239	1.1941272491118648e-14
0.24	1.1936168555527389e-14
0.241	1.1931201363863179e-14
0.242	1.1926368205975169e-14
0.243	1.1921666439685935e-14
0.244	1.1917093488685298e-14
0.245	1.191264684050214e-14
0.246	1.1908324044550895e-14
0.247	1.1904122710249401e-14
0.248	1.1900040505205203e-14
0.249	1.1896075153467305e-14
0.25	1.1892224433840751e-14
0.251	1.1888486178261209e-14
0.252	1.188485827022732e-14
0.253	1.1881338643288192e-14
0.254	1.1877925279583938e-14
0.255	1.1874616208437023e-14
0.256	1.18714095049924e-14
0.257	1.1868303288904411e-14
0.258	1.186529572306862e-14
0.259	1.1862385012396849e-14
0.26	1.1859569402633549e-14
0.261	1.1856847179212052e-14
0.262	1.185421666614902e-14
0.263	1.1851676224975698e-14
0.264	1.184922425370443e-14
0.265	1.184685918582923e-14
0.266	1.1844579489358974e-14
0.267	1.1842383665882069e-14
0.268	1.18402702496613e-14
0.269	1.183823780675788e-14
0.27	1.1836284934183438e-14
0.271	1.1834410259079019e-14
0.272	1.183261243792003e-14
0.273	1.1830890155746303e-14
0.274	1.1829242125416105e-14
0.275	1.1827667086883542e-14
0.276	1.1826163806498216e-14
0.277	1.1824731076326567e-14
0.278	1.1823367713493939e-14
0.279	1.182207255954677e-14
0.28	1.1820844479834115e-14
0.281	1.1819682362907821e-14
0.28200000000000003	1.1818585119940751e-14
0.28300000000000003	1.1817551684162385e-14
0.28400000000000003	1.1816581010311165e-14
0.28500000000000003	1.1815672074103106e-14
0.28600000000000003	1.181482387171602e-14
0.28700000000000003	1.1814035419288818e-14
0.28800000000000003	1.1813305752435468e-14
0.28900000000000003	1.181263392577303e-14
0.29000000000000004	1.1812019012463259e-14
0.29100000000000004	1.1811460103767467e-14
0.29200000000000004	1.1810956308614082e-14
0.29300000000000004	1.181050675317846e-14
0.29400000000000004	1.1810110580474664e-14
0.29500000000000004	1.1809766949958705e-14
0.29600000000000004	1.1809475037142936e-14
0.29700000000000004	1.1809234033221206e-14
0.29800000000000004	1.1809043144704433e-14
0.29900000000000004	1.1808901593066234e-14
0.30000000000000004	1.1808808614398353e-14
0.301	1.1808763459075502e-14
0.302	1.1808765391429367e-14
0.303	1.1808813689431428e-14
0.304	1.180890764438444e-14
0.305	1.1809046560622082e-14
0.306	1.1809229755216805e-14
0.307	1.1809456557695353e-14
0.308	1.1809726309761912e-14
0.309	1.181003836502852e-14
0.31	1.1810392088752654e-14
0.311	1.1810786857581604e-14
0.312	1.1811222059303575e-14
0.313	1.181169709260524e-14
0.314	1.1812211366835573e-14
0.315	1.1812764301775732e-14
0.316	1.181335532741489e-14
0.317	1.1813983883731779e-14
0.318	1.1814649420481735e-14
0.319	1.181535139698925e-14
0.32	1.1816089281945633e-14
0.321	1.1816862553211826e-14
0.322	1.1817670697626122e-14
0.323	1.1818513210816701e-14
0.324	1.1819389597018793e-14
0.325	1.1820299368896335e-14
0.326	1.1821242047368069e-14
0.327	1.1822217161437871e-14
0.328	1.1823224248029205e-14
0.329	1.182426285182364e-14
0.33	1.1825332525103218e-14
0.331	1.182643282759672e-14
0.33199999999999996	1.1827563326329501e-14
0.33299999999999996	1.1828723595476998e-14
0.33399999999999996	1.1829913216221724e-14
0.33499999999999996	1.1831131776613628e-14
0.33599999999999997	1.1832378871433762e-14
0.33699999999999997	1.1833654102061179e-14
0.33799999999999997	1.1834957076342919e-14
0.33899999999999997	1.1836287408467077e-14
0.33999999999999997	1.1837644718838776e-14
0.34099999999999997	1.1839028633959069e-14
0.34199999999999997	1.1840438786306586e-14
0.34299999999999997	1.1841874814221924e-14
0.344	1.1843336361794728e-14
0.345	1.184482307875329e-14
0.346	1.1846334620356676e-14
0.347	1.184787064728933e-14
0.348	1.1849430825558031e-14
0.349	1.185101482639115e-14
0.35	1.185262232614024e-14
0.351	1.1854253006183713e-14
0.352	1.1855906552832766e-14
0.353	1.1857582657239336e-14
0.354	1.1859281015306088e-14
0.355	1.1861001327598418e-14
0.356	1.1862743299258347e-14
0.357	1.1864506639920343e-14
0.358	1.1866291063628908e-14
0.359	1.1868096288758033e-14
0.36	1.186992203793234e-14
0.361	1.1871768037949944e-14
0.362	1.187363401970696e-14
0.363	1.1875519718123651e-14
0.364	1.1877424872072106e-14
0.365	1.1879349224305509e-14
0.366	1.1881292521388868e-14
0.367	1.1883254513631193e-14
0.368	1.1885234955019181e-14
0.369	1.1887233603152178e-14
0.37	1.1889250219178573e-14
0.371	1.1891284567733528e-14
0.372	1.1893336416877924e-14
0.373	1.1895405538038648e-14
0.374	1.1897491705950074e-14
0.375	1.1899594698596727e-14
0.376	1.1901714297157203e-14
0.377	1.1903850285949115e-14
0.378	1.1906002452375222e-14
0.379	1.1908170586870721e-14
0.38	1.1910354482851425e-14
0.381	1.1912553936663168e-14
0.382	1.1914768747532111e-14
0.383	1.1916998717516106e-14
0.384	1.1919243651456955e-14
0.385	1.1921503356933712e-14
0.386	1.1923777644216855e-14
0.387	1.1926066326223351e-14
0.388	1.1928369218472648e-14
0.389	1.1930686139043497e-14
0.39	1.1933016908531645e-14
0.391	1.1935361350008336e-14
0.392	1.1937719288979597e-14
0.393	1.1940090553346399e-14
0.394	1.1942474973365456e-14
0.395	1.1944872381610894e-14
0.396	1.1947282612936613e-14
0.397	1.1949705504439362e-14
0.398	1.1952140895422507e-14
0.399	1.1954588627360545e-14
0.4	1.1957048543864211e-14
0.401	1.195952049064635e-14
0.402	1.1962004315488283e-14
0.403	1.1964499868206975e-14
0.404	1.1967007000622688e-14
0.405	1.1969525566527296e-14
0.406	1.19720554216532e-14
0.40700000000000003	1.1974596423642768e-14
0.40800000000000003	1.1977148432018377e-14
0.40900000000000003	1.1979711308153063e-14
0.41000000000000003	1.1982284915241557e-14
0.41100000000000003	1.1984869118272038e-14
0.41200000000000003	1.1987463783998257e-14
0.41300000000000003	1.1990068780912242e-14
0.41400000000000003	1.199268397921751e-14
0.41500000000000004	1.1995309250802682e-14
0.41600000000000004	1.19979444692157e-14
0.41700000000000004	1.2000589509638393e-14
0.41800000000000004	1.2003244248861565e-14
0.41900000000000004	1.2005908565260524e-14
0.42000000000000004	1.200858233877102e-14
0.42100000000000004	1.2011265450865636e-14
0.42200000000000004	1.2013957784530608e-14
0.42300000000000004	1.2016659224243034e-14
0.42400000000000004	1.201936965594849e-14
0.42500000000000004	1.2022088967039033e-14
0.42600000000000005	1.2024817046331618e-14
0.42700000000000005	1.2027553784046903e-14
0.42800000000000005	1.2030299071788332e-14
0.42900000000000005	1.2033052802521724e-14
0.43000000000000005	1.2035814870555091e-14
0.43100000000000005	1.2038585171518888e-14
0.43200000000000005	1.2041363602346546e-14
0.43300000000000005	1.2044150061255413e-14
0.43400000000000005	1.2046944447727949e-14
0.43500000000000005	1.2049746662493273e-14
0.43600000000000005	1.2052556607509024e-14
0.43700000000000006	1.205537418594358e-14
0.43800000000000006	1.2058199302158453e-14
0.43900000000000006	1.2061031861691165e-14
0.44000000000000006	1.2063871771238216e-14
0.44100000000000006	1.2066718938638494e-14
0.44200000000000006	1.206957327285688e-14
0.44300000000000006	1.2072434683968203e-14
0.44399999999999995	1.2075303083141335e-14
0.44499999999999995	1.2078178382623704e-14
0.44599999999999995	1.2081060495725952e-14
0.44699999999999995	1.2083949336806916e-14
0.44799999999999995	1.2086844821258817e-14
0.44899999999999995	1.2089746865492703e-14
0.44999999999999996	1.209265538692416e-14
0.45099999999999996	1.2095570303959202e-14
0.45199999999999996	1.2098491535980472e-14
0.45299999999999996	1.2101419003333558e-14
0.45399999999999996	1.2104352627313674e-14
0.45499999999999996	1.2107292330152398e-14
0.45599999999999996	1.21102380350048e-14
0.45699999999999996	1.2113189665936588e-14
0.45799999999999996	1.211614714791165e-14
0.45899999999999996	1.2119110406779635e-14
0.45999999999999996	1.2122079369263855e-14
0.46099999999999997	1.2125053962949316e-14
0.46199999999999997	1.2128034116270958e-14
0.46299999999999997	1.2131019758502044e-14
0.46399999999999997	1.2134010819742828e-14
0.46499999999999997	1.2137007230909342e-14
0.46599999999999997	1.2140008923722291e-14
0.46699999999999997	1.21430158306963e-14
0.46799999999999997	1.2146027885129126e-14
0.469	1.2149045021091226e-14
0.47	1.2152067173415355e-14
0.471	1.2155094277686374e-14
0.472	1.2158126270231247e-14
0.473	1.2161163088109139e-14
0.474	1.2164204669101695e-14
0.475	1.2167250951703493e-14
0.476	1.217030187511258e-14
0.477	1.2173357379221235e-14
0.478	1.2176417404606791e-14
0.479	1.2179481892522683e-14
0.48	1.2182550784889554e-14
0.481	1.2185624024286546e-14
0.482	1.2188701553942708e-14
0.483	1.2191783317728543e-14
0.484	1.2194869260147684e-14
0.485	1.2197959326328652e-14
0.486	1.2201053462016828e-14
0.487	1.2204151613566446e-14
0.488	1.2207253727932791e-14
0.489	1.2210359752664421e-14
0.49	1.2213469635895659e-14
0.491	1.2216583326338985e-14
0.492	1.2219700773277753e-14
0.493	1.2222821926558846e-14
0.494	1.2225946736585546e-14
0.495	1.2229075154310473e-14
0.496	1.223220713122864e-14
0.497	1.2235342619370585e-14
0.498	1.2238481571295604e-14
0.499	1.2241623940085154e-14
0.5	1.2244769679336258e-14
0.501	1.224791874315502e-14
0.502	1.2251071086150343e-14
0.503	1.2254226663427565e-14
0.504	1.2257385430582333e-14
0.505	1.2260547343694515e-14
0.506	1.2263712359322143e-14
0.507	1.2266880434495552e-14
0.508	1.2270051526711518e-14
0.509	1.2273225593927512e-14
0.51	1.2276402594556033e-14
0.511	1.2279582487459046e-14
0.512	1.2282765231942425e-14
0.513	1.2285950787750575e-14
0.514	1.2289139115061052e-14
0.515	1.2292330174479293e-14
0.516	1.2295523927033416e-14
0.517	1.2298720334169114e-14
0.518	1.2301919357744548e-14
0.519	1.2305120960025398e-14
0.52	1.2308325103679984e-14
0.521	1.2311531751774325e-14
0.522	1.2314740867767438e-14
0.523	1.2317952415506603e-14
0.524	1.2321166359222732e-14
0.525	1.232438266352572e-14
0.526	1.2327601293400034e-14
0.527	1.2330822214200159e-14
0.528	1.2334045391646263e-14
0.529	1.2337270791819823e-14
0.53	1.23404983811594e-14
0.531	1.2343728126456358e-14
0.532	1.2346959994850741e-14
0.533	1.2350193953827186e-14
0.534	1.2353429971210834e-14
0.535	1.235666801516338e-14
0.536	1.2359908054179091e-14
0.537	1.236315005708097e-14
0.538	1.23663939930169e-14
0.539	1.2369639831455838e-14
0.54	1.2372887542184134e-14
0.541	1.2376137095301825e-14
0.542	1.2379388461219006e-14
0.543	1.2382641610652225e-14
0.544	1.2385896514621015e-14
0.545	1.2389153144444342e-14
0.546	1.2392411471737186e-14
0.547	1.2395671468407154e-14
0.548	1.2398933106651106e-14
0.549	1.2402196358951894e-14
0.55	1.240546119807504e-14
0.551	1.240872759706558e-14
0.552	1.2411995529244814e-14
0.553	1.241526496820725e-14
0.554	1.2418535887817432e-14
0.555	1.2421808262206946e-14
0.556	1.242508206577138e-14
0.557	1.2428357273167338e-14
0.558	1.2431633859309513e-14
0.559	1.2434911799367819e-14
0.56	1.2438191068764466e-14
0.561	1.2441471643171188e-14
0.562	1.2444753498506438e-14
0.5630000000000001	1.2448036610932626e-14
0.5640000000000001	1.2451320956853416e-14
0.5650000000000001	1.2454606512911041e-14
0.5660000000000001	1.2457893255983659e-14
0.5670000000000001	1.2461181163182704e-14
0.5680000000000001	1.2464470211850367e-14
0.5690000000000001	1.2467760379557e-14
0.5700000000000001	1.2471051644098615e-14
0.5710000000000001	1.2474343983494395e-14
0.572	1.2477637375984247e-14
0.573	1.2480931800026396e-14
0.574	1.2484227234294961e-14
0.575	1.248752365767762e-14
0.576	1.2490821049273249e-14
0.577	1.2494119388389667e-14
0.578	1.2497418654541308e-14
0.579	1.2500718827447029e-14
0.58	1.2504019887027843e-14
0.581	1.2507321813404788e-14
0.582	1.2510624586896675e-14
0.583	1.2513928188018061e-14
0.584	1.2517232597477046e-14
0.585	1.2520537796173254e-14
0.586	1.2523843765195754e-14
0.587	1.2527150485820995e-14
0.588	1.2530457939510853e-14
0.589	1.2533766107910618e-14
0.59	1.2537074972847045e-14
0.591	1.2540384516326407e-14
0.592	1.2543694720532593e-14
0.593	1.2547005567825226e-14
0.594	1.2550317040737787e-14
0.595	1.2553629121975778e-14
0.596	1.2556941794414916e-14
0.597	1.2560255041099283e-14
0.598	1.256356884523964e-14
0.599	1.256688319021157e-14
0.6	1.2570198059553843e-14
0.601	1.2573513436966606e-14
0.602	1.257682930630977e-14
0.603	1.258014565160129e-14
0.604	1.2583462457015561e-14
0.605	1.25867797068817e-14
0.606	1.2590097385682032e-14
0.607	1.2593415478050441e-14
0.608	1.259673396877079e-14
0.609	1.2600052842775394e-14
0.61	1.2603372085143468e-14
0.611	1.2606691681099595e-14
0.612	1.2610011616012244e-14
0.613	1.2613331875392278e-14
0.614	1.2616652444891481e-14
0.615	1.261997331030112e-14
0.616	1.2623294457550498e-14
0.617	1.2626615872705559e-14
0.618	1.262993754196746e-14
0.619	1.2633259451671231e-14
0.62	1.2636581588284346e-14
0.621	1.2639903938405432e-14
0.622	1.2643226488762883e-14
0.623	1.264654922621359e-14
0.624	1.26498721377416e-14
0.625	1.2653195210456844e-14
0.626	1.2656518431593829e-14
0.627	1.265984178851044e-14
0.628	1.2663165268686636e-14
0.629	1.266648885972325e-14
0.63	1.2669812549340735e-14
0.631	1.2673136325378035e-14
0.632	1.2676460175791302e-14
0.633	1.2679784088652787e-14
0.634	1.2683108052149654e-14
0.635	1.2686432054582825e-14
0.636	1.2689756084365858e-14
0.637	1.2693080130023803e-14
0.638	1.2696404180192098e-14
0.639	1.2699728223615503e-14
0.64	1.2703052249146954e-14
0.641	1.270637624574652e-14
0.642	1.270970020248038e-14
0.643	1.2713024108519685e-14
0.644	1.27163479531396e-14
0.645	1.2719671725718223e-14
0.646	1.2722995415735622e-14
0.647	1.272631901277277e-14
0.648	1.2729642506510592e-14
0.649	1.273296588672899e-14
0.65	1.2736289143305851e-14
0.651	1.2739612266216061e-14
0.652	1.2742935245530632e-14
0.653	1.2746258071415694e-14
0.654	1.2749580734131597e-14
0.655	1.2752903224031958e-14
0.656	1.2756225531562835e-14
0.657	1.2759547647261712e-14
0.658	1.2762869561756711e-14
0.659	1.2766191265765666e-14
0.66	1.2769512750095247e-14
0.661	1.277283400564013e-14
0.662	1.2776155023382108e-14
0.663	1.277947579438931e-14
0.664	1.2782796309815301e-14
0.665	1.2786116560898289e-14
0.666	1.2789436538960324e-14
0.667	1.2792756235406487e-14
0.668	1.2796075641724046e-14
0.6689999999999999	1.2799394749481748e-14
0.6699999999999999	1.2802713550328984e-14
0.6709999999999999	1.2806032035995036e-14
0.6719999999999999	1.280935019828829e-14
0.6729999999999999	1.281266802909553e-14
0.6739999999999999	1.2815985520381149e-14
0.6749999999999999	1.281930266418642e-14
0.6759999999999999	1.2822619452628779e-14
0.6769999999999999	1.2825935877901089e-14
0.6779999999999999	1.2829251932270925e-14
0.6789999999999999	1.2832567608079863e-14
0.6799999999999999	1.2835882897742791e-14
0.6809999999999999	1.2839197793747212e-14
0.6819999999999999	1.2842512288652543e-14
0.6829999999999999	1.2845826375089485e-14
0.6839999999999999	1.2849140045759269e-14
0.6849999999999999	1.2852453293433088e-14
0.6859999999999999	1.2855766110951346e-14
0.6869999999999999	1.285907849122308e-14
0.688	1.2862390427225285e-14
0.689	1.286570191200229e-14
0.69	1.2869012938665106e-14
0.691	1.287232350039083e-14
0.692	1.2875633590421987e-14
0.693	1.2878943202065992e-14
0.694	1.2882252328694466e-14
0.695	1.2885560963742686e-14
0.696	1.2888869100708977e-14
0.697	1.289217673315414e-14
0.698	1.2895483854700836e-14
0.699	1.289879045903307e-14
0.7	1.2902096539895572e-14
0.701	1.2905402091093259e-14
0.702	1.2908707106490684e-14
0.703	1.2912011580011477e-14
0.704	1.2915315505637778e-14
0.705	1.2918618877409748e-14
0.706	1.2921921689424993e-14
0.707	1.2925223935838052e-14
0.708	1.2928525610859874e-14
0.709	1.2931826708757307e-14
0.71	1.293512722385256e-14
0.711	1.2938427150522739e-14
0.712	1.294172648319929e-14
0.713	1.294502521636757e-14
0.714	1.2948323344566293e-14
0.715	1.2951620862387056e-14
0.716	1.2954917764473918e-14
0.717	1.2958214045522811e-14
0.718	1.2961509700281206e-14
0.719	1.296480472354749e-14
0.72	1.2968099110170666e-14
0.721	1.2971392855049745e-14
0.722	1.2974685953133399e-14
0.723	1.2977978399419474e-14
0.724	1.2981270188954518e-14
0.725	1.2984561316833406e-14
0.726	1.2987851778198853e-14
0.727	1.2991141568240969e-14
0.728	1.2994430682196907e-14
0.729	1.2997719115350369e-14
0.73	1.3001006863031215e-14
0.731	1.3004293920615026e-14
0.732	1.300758028352276e-14
0.733	1.3010865947220254e-14
0.734	1.3014150907217877e-14
0.735	1.301743515907014e-14
0.736	1.3020718698375271e-14
0.737	1.3024001520774836e-14
0.738	1.3027283621953351e-14
0.739	1.3030564997637892e-14
0.74	1.303384564359775e-14
0.741	1.303712555564402e-14
0.742	1.3040404729629215e-14
0.743	1.3043683161446957e-14
0.744	1.3046960847031586e-14
0.745	1.3050237782357727e-14
0.746	1.3053513963440065e-14
0.747	1.305678938633291e-14
0.748	1.3060064047129814e-14
0.749	1.3063337941963327e-14
0.75	1.3066611067004562e-14
0.751	1.3069883418462894e-14
0.752	1.3073154992585625e-14
0.753	1.3076425785657618e-14
0.754	1.307969579400103e-14
0.755	1.3082965013974891e-14
0.756	1.3086233441974887e-14
0.757	1.3089501074432959e-14
0.758	1.3092767907817e-14
0.759	1.3096033938630553e-14
0.76	1.3099299163412532e-14
0.761	1.3102563578736836e-14
0.762	1.3105827181212089e-14
0.763	1.3109089967481347e-14
0.764	1.3112351934221772e-14
0.765	1.311561307814436e-14
0.766	1.3118873395993585e-14
0.767	1.3122132884547218e-14
0.768	1.3125391540615923e-14
0.769	1.3128649361043035e-14
0.77	1.3131906342704266e-14
0.771	1.3135162482507418e-14
0.772	1.3138417777392091e-14
0.773	1.3141672224329447e-14
0.774	1.3144925820321899e-14
0.775	1.3148178562402843e-14
0.776	1.3151430447636416e-14
0.777	1.3154681473117216e-14
0.778	1.3157931635970004e-14
0.779	1.3161180933349531e-14
0.78	1.3164429362440182e-14
0.781	1.316767692045579e-14
0.782	1.3170923604639326e-14
0.783	1.3174169412262714e-14
0.784	1.3177414340626526e-14
0.785	1.3180658387059747e-14
0.786	1.3183901548919573e-14
0.787	1.3187143823591097e-14
0.788	1.319038520848714e-14
0.789	1.3193625701047977e-14
0.79	1.319686529874108e-14
0.791	1.3200103999060934e-14
0.792	1.3203341799528802e-14
0.793	1.3206578697692432e-14
0.794	1.3209814691125916e-14
0.795	1.321304977742942e-14
0.7959999999999999	1.3216283954228936e-14
0.7969999999999999	1.3219517219176142e-14
0.7979999999999999	1.3222749569948109e-14
0.7989999999999999	1.3225981004247085e-14
0.7999999999999999	1.3229211519800362e-14
0.8009999999999999	1.3232441114359955e-14
0.8019999999999999	1.3235669785702484e-14
0.8029999999999999	1.3238897531628892e-14
0.8039999999999999	1.324212434996429e-14
0.8049999999999999	1.3245350238557732e-14
0.8059999999999999	1.324857519528199e-14
0.8069999999999999	1.3251799218033428e-14
0.8079999999999999	1.3255022304731706e-14
0.8089999999999999	1.3258244453319644e-14
0.8099999999999999	1.3261465661762989e-14
0.8109999999999999	1.3264685928050271e-14
0.8119999999999999	1.3267905250192562e-14
0.813	1.3271123626223318e-14
0.814	1.3274341054198164e-14
0.815	1.3277557532194732e-14
0.816	1.3280773058312448e-14
0.817	1.328398763067239e-14
0.818	1.3287201247417033e-14
0.819	1.3290413906710167e-14
0.82	1.329362560673663e-14
0.821	1.3296836345702186e-14
0.822	1.3300046121833334e-14
0.823	1.33032549333771e-14
0.824	1.330646277860093e-14
0.825	1.3309669655792456e-14
0.826	1.3312875563259387e-14
0.827	1.3316080499329265e-14
0.828	1.3319284462349374e-14
0.829	1.3322487450686532e-14
0.83	1.3325689462726944e-14
0.831	1.3328890496876027e-14
0.832	1.3332090551558241e-14
0.833	1.3335289625216976e-14
0.834	1.3338487716314357e-14
0.835	1.334168482333108e-14
0.836	1.3344880944766252e-14
0.837	1.3348076079137313e-14
0.838	1.3351270224979776e-14
0.839	1.3354463380847152e-14
0.84	1.3357655545310749e-14
0.841	1.3360846716959591e-14
0.842	1.3364036894400187e-14
0.843	1.3367226076256451e-14
0.844	1.337041426116953e-14
0.845	1.3373601447797651e-14
0.846	1.3376787634816027e-14
0.847	1.337997282091664e-14
0.848	1.3383157004808175e-14
0.849	1.3386340185215822e-14
0.85	1.33895223608812e-14
0.851	1.3392703530562159e-14
0.852	1.3395883693032692e-14
0.853	1.3399062847082765e-14
0.854	1.340224099151823e-14
0.855	1.3405418125160646e-14
0.856	1.3408594246847168e-14
0.857	1.3411769355430436e-14
0.858	1.3414943449778415e-14
0.859	1.341811652877429e-14
0.86	1.3421288591316346e-14
0.861	1.342445963631781e-14
0.862	1.3427629662706757e-14
0.863	1.3430798669425994e-14
0.864	1.3433966655432886e-14
0.865	1.3437133619699319e-14
0.866	1.3440299561211517e-14
0.867	1.3443464478969918e-14
0.868	1.3446628371989119e-14
0.869	1.3449791239297698e-14
0.87	1.345295307993813e-14
0.871	1.3456113892966662e-14
0.872	1.34592736774532e-14
0.873	1.3462432432481192e-14
0.874	1.346559015714754e-14
0.875	1.3468746850562455e-14
0.876	1.3471902511849378e-14
0.877	1.3475057140144857e-14
0.878	1.3478210734598431e-14
0.879	1.3481363294372543e-14
0.88	1.348451481864241e-14
0.881	1.3487665306595936e-14
0.882	1.349081475743362e-14
0.883	1.3493963170368432e-14
0.884	1.3497110544625676e-14
0.885	1.3500256879442981e-14
0.886	1.350340217407012e-14
0.887	1.3506546427768935e-14
0.888	1.3509689639813248e-14
0.889	1.3512831809488748e-14
0.89	1.3515972936092918e-14
0.891	1.3519113018934889e-14
0.892	1.352225205733539e-14
0.893	1.3525390050626654e-14
0.894	1.3528526998152299e-14
0.895	1.3531662899267236e-14
0.896	1.3534797753337583e-14
0.897	1.3537931559740605e-14
0.898	1.3541064317864554e-14
0.899	1.354419602710865e-14
0.9	1.3547326686882937e-14
0.901	1.3550456296608235e-14
0.902	1.3553584855716007e-14
0.903	1.3556712363648335e-14
0.904	1.355983881985775e-14
0.905	1.3562964223807258e-14
0.906	1.3566088574970119e-14
0.907	1.3569211872829885e-14
0.908	1.3572334116880238e-14
0.909	1.3575455306624945e-14
0.91	1.3578575441577753e-14
0.911	1.358169452126234e-14
0.912	1.3584812545212183e-14
0.913	1.3587929512970529e-14
0.914	1.3591045424090293e-14
0.915	1.3594160278133974e-14
0.916	1.3597274074673566e-14
0.917	1.3600386813290517e-14
0.918	1.360349849357564e-14
0.919	1.3606609115128998e-14
0.92	1.3609718677559888e-14
0.921	1.3612827180486715e-14
0.922	1.3615934623536928e-14
0.923	1.3619041006346981e-14
0.924	1.3622146328562241e-14
0.9249999999999999	1.3625250589836876e-14
0.9259999999999999	1.3628353789833843e-14
0.9269999999999999	1.363145592822477e-14
0.9279999999999999	1.363455700468992e-14
0.9289999999999999	1.3637657018918104e-14
0.9299999999999999	1.3640755970606585e-14
0.9309999999999999	1.3643853859461066e-14
0.9319999999999999	1.3646950685195582e-14
0.9329999999999999	1.3650046447532442e-14
0.9339999999999999	1.3653141146202149e-14
0.9349999999999999	1.3656234780943345e-14
0.9359999999999999	1.3659327351502756e-14
0.9369999999999999	1.3662418857635117e-14
0.938	1.3665509299103055e-14
0.939	1.3668598675677156e-14
0.94	1.3671686987135737e-14
0.941	1.3674774233264902e-14
0.942	1.3677860413858415e-14
0.943	1.3680945528717691e-14
0.944	1.3684029577651668e-14
0.945	1.3687112560476821e-14
0.946	1.3690194477017005e-14
0.947	1.36932753271035e-14
0.948	1.3696355110574877e-14
0.949	1.369943382727694e-14
0.95	1.3702511477062727e-14
0.951	1.370558805979239e-14
0.952	1.3708663575333143e-14
0.953	1.3711738023559254e-14
0.954	1.3714811404351917e-14
0.955	1.3717883717599245e-14
0.956	1.3720954963196206e-14
0.957	1.3724025141044537e-14
0.958	1.3727094251052736e-14
0.959	1.3730162293135957e-14
0.96	1.3733229267215991e-14
0.961	1.3736295173221201e-14
0.962	1.3739360011086476e-14
0.963	1.3742423780753115e-14
0.964	1.374548648216891e-14
0.965	1.3748548115287949e-14
0.966	1.3751608680070648e-14
0.967	1.3754668176483665e-14
0.968	1.3757726604499866e-14
0.969	1.3760783964098267e-14
0.97	1.3763840255263981e-14
0.971	1.3766895477988173e-14
0.972	1.376994963226802e-14
0.973	1.3773002718106622e-14
0.974	1.3776054735513001e-14
0.975	1.3779105684502017e-14
0.976	1.3782155565094354e-14
0.977	1.3785204377316436e-14
0.978	1.3788252121200389e-14
0.979	1.3791298796784013e-14
0.98	1.3794344404110744e-14
0.981	1.3797388943229526e-14
0.982	1.380043241419489e-14
0.983	1.3803474817066789e-14
0.984	1.380651615191067e-14
0.985	1.3809556418797293e-14
0.986	1.3812595617802807e-14
0.987	1.381563374900865e-14
0.988	1.3818670812501515e-14
0.989	1.3821706808373288e-14
0.99	1.3824741736721035e-14
0.991	1.3827775597646931e-14
0.992	1.3830808391258273e-14
0.993	1.3833840117667326e-14
0.994	1.3836870776991424e-14
0.995	1.3839900369352809e-14
0.996	1.3842928894878662e-14
0.997	1.3845956353701009e-14
0.998	1.3848982745956738e-14
0.999	1.3852008071787509e-14
1.	1.3855032331339732e-14
1.0010000000000001	1.3858055524764554e-14
1.002	1.3861077652217771e-14
1.0030000000000001	1.3864098713859822e-14
1.004	1.38671187098557e-14
1.0050000000000001	1.3870137640375058e-14
1.006	1.3873155505591968e-14
1.0070000000000001	1.3876172305684994e-14
1.008	1.3879188040837178e-14
1.0090000000000001	1.3882202711235971e-14
1.01	1.3885216317073144e-14
1.0110000000000001	1.3888228858544862e-14
1.012	1.3891240335851518e-14
1.0130000000000001	1.3894250749197812e-14
1.014	1.3897260098792632e-14
1.0150000000000001	1.3900268384849114e-14
1.016	1.3903275607584481e-14
1.0170000000000001	1.3906281767220085e-14
1.018	1.39092868639814e-14
1.0190000000000001	1.3912290898097885e-14
1.02	1.3915293869803074e-14
1.0210000000000001	1.3918295779334444e-14
1.022	1.392129662693342e-14
1.0230000000000001	1.3924296412845358e-14
1.024	1.3927295137319463e-14
1.0250000000000001	1.3930292800608819e-14
1.026	1.39332894029703e-14
1.0270000000000001	1.3936284944664568e-14
1.028	1.3939279425956017e-14
1.0290000000000001	1.3942272847112778e-14
1.03	1.394526520840668e-14
1.0310000000000001	1.394825651011318e-14
1.032	1.3951246752511337e-14
1.0330000000000001	1.3954235935883852e-14
1.034	1.3957224060516964e-14
1.0350000000000001	1.396021112670042e-14
1.036	1.3963197134727493e-14
1.0370000000000001	1.3966182084894927e-14
1.038	1.3969165977502878e-14
1.0390000000000001	1.3972148812854942e-14
1.04	1.3975130591258055e-14
1.0410000000000001	1.3978111313022562e-14
1.042	1.3981090978462067e-14
1.0430000000000001	1.3984069587893533e-14
1.044	1.3987047141637147e-14
1.0450000000000002	1.3990023640016318e-14
1.046	1.3992999083357708e-14
1.0470000000000002	1.3995973471991125e-14
1.048	1.3998946806249535e-14
1.0490000000000002	1.400191908646906e-14
1.05	1.4004890312988877e-14
1.0510000000000002	1.4007860486151247e-14
1.052	1.4010829606301491e-14
1.053	1.4013797673787953e-14
1.054	1.4016764688961932e-14
1.055	1.4019730652177726e-14
1.056	1.4022695563792552e-14
1.057	1.4025659424166546e-14
1.058	1.4028622233662743e-14
1.059	1.4031583992647023e-14
1.06	1.4034544701488117e-14
1.061	1.4037504360557566e-14
1.062	1.40404629702297e-14
1.063	1.4043420530881568e-14
1.064	1.4046377042893021e-14
1.065	1.4049332506646616e-14
1.066	1.4052286922527525e-14
1.067	1.405524029092369e-14
1.068	1.4058192612225625e-14
1.069	1.4061143886826474e-14
1.07	1.4064094115121992e-14
1.071	1.4067043297510501e-14
1.072	1.4069991434392854e-14
1.073	1.4072938526172443e-14
1.074	1.4075884573255185e-14
1.075	1.4078829576049408e-14
1.076	1.4081773534965992e-14
1.077	1.4084716450418159e-14
1.078	1.4087658322821647e-14
1.079	1.4090599152594471e-14
1.08	1.4093538940157111e-14
1.081	1.4096477685932314e-14
1.082	1.4099415390345244e-14
1.083	1.4102352053823294e-14
1.084	1.4105287676796201e-14
1.085	1.4108222259695889e-14
1.086	1.4111155802956612e-14
1.087	1.411408830701479e-14
1.088	1.411701977230907e-14
1.089	1.4119950199280255e-14
1.09	1.412287958837134e-14
1.091	1.4125807940027436e-14
1.092	1.4128735254695819e-14
1.0930000000000002	1.4131661532825795e-14
1.094	1.4134586774868796e-14
1.0950000000000002	1.413751098127834e-14
1.096	1.4140434152509942e-14
1.0970000000000002	1.4143356289021169e-14
1.098	1.4146277391271566e-14
1.0990000000000002	1.4149197459722699e-14
1.1	1.4152116494838113e-14
1.1010000000000002	1.415503449708322e-14
1.102	1.4157951466925477e-14
1.1030000000000002	1.4160867404834147e-14
1.104	1.4163782311280467e-14
1.1050000000000002	1.416669618673752e-14
1.106	1.4169609031680235e-14
1.1070000000000002	1.4172520846585411e-14
1.108	1.417543163193162e-14
1.1090000000000002	1.4178341388199324e-14
1.11	1.4181250115870674e-14
1.1110000000000002	1.4184157815429693e-14
1.112	1.418706448736206e-14
1.1130000000000002	1.4189970132155259e-14
1.114	1.4192874750298483e-14
1.1150000000000002	1.4195778342282597e-14
1.116	1.419868090860019e-14
1.117	1.42015824497455e-14
1.118	1.4204482966214409e-14
1.119	1.4207382458504496e-14
1.12	1.4210280927114893e-14
1.121	1.4213178372546355e-14
1.122	1.4216074795301265e-14
1.123	1.4218970195883538e-14
1.124	1.422186457479863e-14
1.125	1.4224757932553595e-14
1.1260000000000001	1.4227650269657027e-14
1.127	1.4230541586618937e-14
1.1280000000000001	1.4233431883950915e-14
1.129	1.4236321162166023e-14
1.1300000000000001	1.4239209421778757e-14
1.131	1.4242096663305096e-14
1.1320000000000001	1.4244982887262443e-14
1.133	1.4247868094169625e-14
1.1340000000000001	1.425075228454689e-14
1.135	1.4253635458915854e-14
1.1360000000000001	1.425651761779953e-14
1.137	1.4259398761722306e-14
1.1380000000000001	1.4262278891209894e-14
1.139	1.426515800678938e-14
1.1400000000000001	1.4268036108989126e-14
1.141	1.4270913198338825e-14
1.1420000000000001	1.4273789275369514e-14
1.143	1.4276664340613435e-14
1.1440000000000001	1.4279538394604158e-14
1.145	1.4282411437876426e-14
1.1460000000000001	1.4285283470966342e-14
1.147	1.428815449441115e-14
1.1480000000000001	1.4291024508749354e-14
1.149	1.429389351452064e-14
1.1500000000000001	1.4296761512265868e-14
1.151	1.4299628502527126e-14
1.1520000000000001	1.4302494485847613e-14
1.153	1.430535946277172e-14
1.1540000000000001	1.4308223433844934e-14
1.155	1.431108639961393e-14
1.1560000000000001	1.431394836062643e-14
1.157	1.43168093174313e-14
1.1580000000000001	1.431966927057853e-14
1.159	1.4322528220619065e-14
1.1600000000000001	1.432538616810507e-14
1.161	1.4328243113589645e-14
1.1620000000000001	1.4331099057627007e-14
1.163	1.4333954000772353e-14
1.1640000000000001	1.4336807943581933e-14
1.165	1.4339660886613e-14
1.1660000000000001	1.4342512830423753e-14
1.167	1.434536377557347e-14
1.1680000000000001	1.4348213722622325e-14
1.169	1.4351062672131502e-14
1.1700000000000002	1.435391062466306e-14
1.171	1.4356757580780097e-14
1.1720000000000002	1.435960354104658e-14
1.173	1.4362448506027414e-14
1.1740000000000002	1.436529247628841e-14
1.175	1.4368135452396253e-14
1.1760000000000002	1.4370977434918537e-14
1.177	1.437381842442375e-14
1.1780000000000002	1.4376658421481175e-14
1.179	1.4379497426661044e-14
1.1800000000000002	1.4382335440534352e-14
1.181	1.4385172463672972e-14
1.1820000000000002	1.4388008496649595e-14
1.183	1.439084354003772e-14
1.1840000000000002	1.4393677594411605e-14
1.185	1.43965106603464e-14
1.1860000000000002	1.4399342738417976e-14
1.187	1.4402173829202978e-14
1.1880000000000002	1.4405003933278797e-14
1.189	1.4407833051223627e-14
1.1900000000000002	1.4410661183616387e-14
1.191	1.4413488331036734e-14
1.1920000000000002	1.4416314494065034e-14
1.193	1.441913967328236e-14
1.1940000000000002	1.442196386927055e-14
1.195	1.4424787082612104e-14
1.1960000000000002	1.4427609313890146e-14
1.197	1.443043056368861e-14
1.1980000000000002	1.4433250832592003e-14
1.199	1.443607012118553e-14
1.2000000000000002	1.4438888430055027e-14
1.201	1.4441705759786997e-14
1.2020000000000002	1.4444522110968593e-14
1.203	1.4447337484187524e-14
1.2040000000000002	1.4450151880032184e-14
1.205	1.4452965299091542e-14
1.2060000000000002	1.445577774195521e-14
1.207	1.4458589209213366e-14
1.2080000000000002	1.4461399701456704e-14
1.209	1.4464209219276623e-14
1.2100000000000002	1.446701776326497e-14
1.211	1.4469825334014237e-14
1.2120000000000002	1.4472631932117408e-14
1.213	1.447543755816805e-14
1.2140000000000002	1.447824221276025e-14
1.215	1.4481045896488584e-14
1.2160000000000002	1.448384860994822e-14
1.217	1.44866503537348e-14
1.2180000000000002	1.4489451128444426e-14
1.219	1.4492250934673742e-14
1.2200000000000002	1.4495049773019915e-14
1.221	1.4497847644080504e-14
1.2220000000000002	1.4500644548453606e-14
1.223	1.450344048673774e-14
1.2240000000000002	1.4506235459531927e-14
1.225	1.45090294674356e-14
1.2260000000000002	1.4511822511048634e-14
1.227	1.4514614590971372e-14
1.2280000000000002	1.4517405707804577e-14
1.229	1.452019586214939e-14
1.2300000000000002	1.4522985054607416e-14
1.231	1.4525773285780602e-14
1.2320000000000002	1.452856055627142e-14
1.233	1.4531346866682585e-14
1.2340000000000002	1.453413221761727e-14
1.235	1.4536916609679052e-14
1.2360000000000002	1.45397000434718e-14
1.237	1.454248251959987e-14
1.2380000000000002	1.454526403866782e-14
1.239	1.4548044601280707e-14
1.2400000000000002	1.4550824208043805e-14
1.241	1.455360285956284e-14
1.2420000000000002	1.45563805564438e-14
1.243	1.4559157299292988e-14
1.2440000000000002	1.45619330887171e-14
1.245	1.4564707925323058e-14
1.246	1.4567481809718142e-14
1.247	1.4570254742509918e-14
1.248	1.4573026724306255e-14
1.249	1.4575797755715285e-14
1.25	1.457856783734543e-14
1.2510000000000001	1.4581336969805404e-14
1.252	1.4584105153704185e-14
1.2530000000000001	1.4586872389651e-14
1.254	1.458963867825533e-14
1.2550000000000001	1.4592404020126925e-14
1.256	1.4595168415875742e-14
1.2570000000000001	1.459793186611207e-14
1.258	1.4600694371446328e-14
1.2590000000000001	1.4603455932489187e-14
1.26	1.4606216549851576e-14
1.2610000000000001	1.460897622414459e-14
1.262	1.4611734955979628e-14
1.2630000000000001	1.4614492745968158e-14
1.264	1.4617249594721948e-14
1.2650000000000001	1.4620005502852945e-14
1.266	1.462276047097321e-14
1.2670000000000001	1.4625514499695133e-14
1.268	1.4628267589631142e-14
1.2690000000000001	1.4631019741393872e-14
1.27	1.463377095559618e-14
1.2710000000000001	1.4636521232851064e-14
1.272	1.4639270573771606e-14
1.2730000000000001	1.4642018978971124e-14
1.274	1.464476644906306e-14
1.2750000000000001	1.464751298466097e-14
1.276	1.4650258586378562e-14
1.2770000000000001	1.465300325482973e-14
1.278	1.4655746990628392e-14
1.2790000000000001	1.4658489794388644e-14
1.28	1.46612316667247e-14
1.2810000000000001	1.4663972608250903e-14
1.282	1.4666712619581595e-14
1.2830000000000001	1.4669451701331382e-14
1.284	1.467218985411485e-14
1.2850000000000001	1.4674927078546702e-14
1.286	1.467766337524177e-14
1.2870000000000001	1.4680398744814915e-14
1.288	1.4683133187881084e-14
1.2890000000000001	1.4685866705055353e-14
1.29	1.468859929695275e-14
1.2910000000000001	1.4691330964188528e-14
1.292	1.469406170737787e-14
1.2930000000000001	1.4696791527136045e-14
1.294	1.469952042407842e-14
1.2950000000000002	1.470224839882034e-14
1.296	1.470497545197725e-14
1.2970000000000002	1.4707701584164597e-14
1.298	1.471042679599786e-14
1.2990000000000002	1.471315108809257e-14
1.3	1.471587446106429e-14
1.3010000000000002	1.4718596915528562e-14
1.302	1.4721318452101002e-14
1.3030000000000002	1.4724039071397176e-14
1.304	1.4726758774032703e-14
1.3050000000000002	1.472947756062319e-14
1.306	1.4732195431784222e-14
1.3070000000000002	1.4734912388131427e-14
1.308	1.47376284302804e-14
1.3090000000000002	1.4740343558846745e-14
1.31	1.4743057774445997e-14
1.3110000000000002	1.474577107769372e-14
1.312	1.4748483469205447e-14
1.3130000000000002	1.4751194949596685e-14
1.314	1.4753905519482887e-14
1.3150000000000002	1.4756615179479486e-14
1.316	1.4759323930201893e-14
1.3170000000000002	1.4762031772265448e-14
1.318	1.4764738706285474e-14
1.3190000000000002	1.4767444732877232e-14
1.32	1.477014985265589e-14
1.3210000000000002	1.477285406623661e-14
1.322	1.4775557374234546e-14
1.3230000000000002	1.4778259777264646e-14
1.324	1.4780961275941864e-14
1.3250000000000002	1.4783661870881142e-14
1.326	1.478636156269724e-14
1.3270000000000002	1.478906035200495e-14
1.328	1.4791758239418863e-14
1.3290000000000002	1.479445522555359e-14
1.33	1.4797151311023592e-14
1.3310000000000002	1.4799846496443234e-14
1.332	1.4802540782426878e-14
1.3330000000000002	1.4805234169588676e-14
1.334	1.4807926658542718e-14
1.3350000000000002	1.4810618249902995e-14
1.336	1.4813308944283423e-14
1.3370000000000002	1.4815998742297738e-14
1.338	1.481868764455965e-14
1.3390000000000002	1.482137565168263e-14
1.34	1.482406276428018e-14
1.3410000000000002	1.4826748982965533e-14
1.342	1.482943430835188e-14
1.3430000000000002	1.4832118741052304e-14
1.344	1.4834802281679666e-14
1.3450000000000002	1.4837484930846773e-14
1.346	1.484016668916625e-14
1.3470000000000002	1.4842847557250572e-14
1.348	1.484552753571216e-14
1.3490000000000002	1.4848206625163154e-14
1.35	1.4850884826215646e-14
1.3510000000000002	1.4853562139481526e-14
1.352	1.4856238565572546e-14
1.3530000000000002	1.4858914105100307e-14
1.354	1.4861588758676203e-14
1.3550000000000002	1.4864262526911556e-14
1.356	1.486693541041743e-14
1.3570000000000002	1.486960740980473e-14
1.358	1.4872278525684277e-14
1.3590000000000002	1.4874948758666585e-14
1.36	1.4877618109362137e-14
1.3610000000000002	1.4880286578381094e-14
1.362	1.4882954166333544e-14
1.3630000000000002	1.4885620873829303e-14
1.364	1.488828670147806e-14
1.3650000000000002	1.489095164988932e-14
1.366	1.4893615719672354e-14
1.3670000000000002	1.4896278911436245e-14
1.368	1.4898941225789923e-14
1.3690000000000002	1.490160266334205e-14
1.37	1.4904263224701097e-14
1.3710000000000002	1.4906922910475434e-14
1.372	1.4909581721273063e-14
1.373	1.4912239657701897e-14
1.374	1.491489672036956e-14
1.375	1.4917552909883543e-14
1.3760000000000001	1.4920208226851053e-14
1.377	1.492286267187908e-14
1.3780000000000001	1.4925516245574437e-14
1.379	1.4928168948543674e-14
1.3800000000000001	1.493082078139313e-14
1.381	1.4933471744728936e-14
1.3820000000000001	1.4936121839156933e-14
1.383	1.493877106528279e-14
1.3840000000000001	1.4941419423711916e-14
1.385	1.4944066915049494e-14
1.3860000000000001	1.4946713539900456e-14
1.387	1.4949359298869493e-14
1.3880000000000001	1.4952004192561055e-14
1.389	1.495464822157936e-14
1.3900000000000001	1.495729138652835e-14
1.391	1.495993368801174e-14
1.3920000000000001	1.4962575126633024e-14
1.393	1.496521570299535e-14
1.3940000000000001	1.4967855417701713e-14
1.395	1.4970494271354783e-14
1.3960000000000001	1.4973132264556996e-14
1.397	1.497576939791051e-14
1.3980000000000001	1.4978405672017257e-14
1.399	1.4981041087478857e-14
1.4000000000000001	1.4983675644896706e-14
1.401	1.4986309344871916e-14
1.4020000000000001	1.4988942188005296e-14
1.403	1.4991574174897416e-14
1.4040000000000001	1.499420530614858e-14
1.405	1.499683558235879e-14
1.4060000000000001	1.4999465004127757e-14
1.407	1.500209357205496e-14
1.4080000000000001	1.5004721286739587e-14
1.409	1.5007348148780503e-14
1.4100000000000001	1.500997415877631e-14
1.411	1.5012599317325332e-14
1.4120000000000001	1.5015223625025612e-14
1.413	1.501784708247484e-14
1.4140000000000001	1.5020469690270486e-14
1.415	1.5023091449009707e-14
1.4160000000000001	1.5025712359289365e-14
1.417	1.5028332421706e-14
1.4180000000000001	1.503095163685586e-14
1.419	1.503357000533495e-14
1.4200000000000002	1.5036187527738883e-14
1.421	1.5038804204663022e-14
1.4220000000000002	1.504142003670244e-14
1.423	1.5044035024451836e-14
1.4240000000000002	1.5046649168505688e-14
1.425	1.504926246945811e-14
1.4260000000000002	1.505187492790288e-14
1.427	1.5054486544433546e-14
1.4280000000000002	1.5057097319643252e-14
1.429	1.5059707254124886e-14
1.4300000000000002	1.5062316348471003e-14
1.431	1.5064924603273843e-14
1.4320000000000002	1.5067532019125294e-14
1.433	1.507013859661699e-14
1.4340000000000002	1.5072744336340178e-14
1.435	1.5075349238885748e-14
1.4360000000000002	1.5077953304844426e-14
1.437	1.508055653480643e-14
1.4380000000000002	1.5083158929361743e-14
1.439	1.5085760489099992e-14
1.4400000000000002	1.5088361214610518e-14
1.441	1.509096110648221e-14
1.4420000000000002	1.50935601653038e-14
1.443	1.5096158391663527e-14
1.4440000000000002	1.5098755786149382e-14
1.445	1.510135234934898e-14
1.4460000000000002	1.5103948081849626e-14
1.447	1.510654298423825e-14
1.4480000000000002	1.5109137057101427e-14
1.449	1.5111730301025515e-14
1.4500000000000002	1.511432271659635e-14
1.451	1.5116914304399556e-14
1.4520000000000002	1.511950506502033e-14
1.453	1.512209499904358e-14
1.4540000000000002	1.5124684107053816e-14
1.455	1.5127272389635235e-14
1.4560000000000002	1.5129859847371682e-14
1.457	1.5132446480846598e-14
1.4580000000000002	1.513503229064315e-14
1.459	1.5137617277344094e-14
1.4600000000000002	1.5140201441531858e-14
1.461	1.514278478378849e-14
1.4620000000000002	1.5145367304695696e-14
1.463	1.514794900483484e-14
1.4640000000000002	1.5150529884786852e-14
1.465	1.5153109945132432e-14
1.4660000000000002	1.5155689186451817e-14
1.467	1.5158267609324845e-14
1.4680000000000002	1.5160845214331155e-14
1.469	1.516342200204985e-14
1.4700000000000002	1.5165997973059732e-14
1.471	1.5168573127939284e-14
1.4720000000000002	1.517114746726654e-14
1.473	1.5173720991619207e-14
1.4740000000000002	1.5176293701574648e-14
1.475	1.5178865597709754e-14
1.4760000000000002	1.5181436680601214e-14
1.477	1.5184006950825134e-14
1.4780000000000002	1.5186576408957463e-14
1.479	1.518914505557359e-14
1.4800000000000002	1.519171289124865e-14
1.481	1.5194279916557356e-14
1.4820000000000002	1.519684613207402e-14
1.483	1.5199411538372658e-14
1.4840000000000002	1.5201976136026777e-14
1.485	1.520453992560965e-14
1.4860000000000002	1.5207102907694048e-14
1.487	1.5209665082852448e-14
1.4880000000000002	1.5212226451656905e-14
1.489	1.5214787014679088e-14
1.4900000000000002	1.5217346772490264e-14
1.491	1.521990572566139e-14
1.4920000000000002	1.5222463874762943e-14
1.493	1.5225021220365077e-14
1.4940000000000002	1.522757776303753e-14
1.495	1.523013350334969e-14
1.4960000000000002	1.5232688441870497e-14
1.497	1.523524257916856e-14
1.4980000000000002	1.523779591581203e-14
1.499	1.5240348452368765e-14
1.5	1.5242900189406114e-14