199.52623149688807	1.0000000000062307e9
204.17379446695296	8354.091188158434
208.92961308540387	4402.550613889306
213.79620895022325	2752.3888543908843
218.77616239495518	1926.094053356194
223.872113856834	1456.934743963496
229.08676527677724	1166.2257793056801
234.42288153199226	973.7133752162973
239.88329190194898	839.40531785068
245.4708915685031	741.7431009877414
251.18864315095797	668.2466182288256
257.03957827688646	611.2914667932203
263.02679918953817	566.0129007342451
269.1534803926914	529.1880002255048
275.4228703338166	498.59844052872035
281.8382931264452	472.7089234587273
288.40315031266056	450.39995421670454
295.1209226666384	430.88539699228085
301.9951720402016	413.5556578081806
309.02954325135886	397.97705104310256
316.22776601683796	383.81253525495515
323.5936569296281	370.81204429732776
331.1311214825911	358.7921661522712
338.84415613920277	347.5845506945169
346.73685045253166	337.0928958022339
354.81338923357566	326.41874731625575
363.0780547701014	315.31109984250617
371.53522909717276	304.4135638675934
380.1893963205613	293.9290941656588
389.04514499428086	283.93332051806107
398.1071705534973	274.4637386412101
407.380277804113	265.4888950488955
416.8693834703355	256.8774726595282
426.579518801593	248.72059385715792
436.5158322401661	241.04018271061943
446.683592150963	233.83030616500895
457.0881896148752	227.07575165103495
467.73514128719813	220.75758316934105
478.6300923226385	214.85621105250252
489.77881936844614	209.34732624141952
501.18723362727246	204.13637655078855
512.8613839913648	199.20240929817336
524.8074602497728	194.57303264407776
537.0317963702527	190.24664262416283
549.5408738576248	186.2064993822004
562.341325190349	182.44646013959982
575.4399373371566	178.94654671907224
588.843655355589	175.69188136091796
602.5595860743575	172.67704375311814
616.5950018614822	169.8821167846628
630.957344480193	167.2952607080605
645.6542290346556	164.90324075604084
660.6934480075957	162.7013518064268
676.0829753919819	160.67889637034457
691.8309709189363	158.81724527415906
707.945784384138	157.11665920129462
724.4359600749899	155.57062430368765
741.3102413009169	154.16143928234408
758.5775750291835	152.88476532590056
776.2471166286912	151.73984444357882
794.3282347242813	150.7197651239541
812.8305161640986	149.81241480098348
831.7637711026708	149.01629614192026
851.1380382023759	148.32373297142817
870.9635899560806	147.7353654690979
891.250938133745	147.24937931241044
912.0108393559096	146.85056936033692
933.2543007969915	146.54026513025084
954.992586021436	146.31994778688087
977.2372209558112	146.18270573889973
1000.	146.12819508872403
1023.2929922807547	146.14985477280203
1047.1285480508996	146.2522125103942
1071.519305237607	146.4298681870419
1096.4781961431852	146.67868649549993
1122.018454301964	146.99838169915094
1148.1536214968828	147.389209083677
1174.8975549395302	147.84476099833833
1202.2644346174131	148.36435101888452
1230.268770812381	148.94453806933493
1258.9254117941675	149.59348878520544
1288.2495516931335	150.3004716892816
1318.2567385564075	151.0661356353225
1348.9628825916532	151.89526493794025
1380.3842646028852	152.7834523796366
1412.537544622754	153.72486786919274
1445.439770745928	154.72607648352732
1479.1083881682073	155.7838623356171
1513.5612484362086	156.90190403300912
1548.816618912481	158.07192569605385
1584.8931924611124	159.29563289069046
1621.8100973589299	160.57582147125183
1659.5869074375596	161.91144585255083
1698.2436524617442	163.3025410854515
1737.8008287493744	164.7481625417594
1778.2794100389228	166.24776899908912
1819.7008586099826	167.8057213547193
1862.0871366628676	169.4116490973846
1905.4607179632462	171.0751554632757
1949.8445997580454	172.79728152022622
1995.262314968881	174.5718650314209
2041.7379446695295	176.39883841018653
2089.2961308540407	178.2789489621741
2137.9620895022326	180.21885991284267
2187.761623949554	182.21799239791673
2238.72113856834	184.26598891291664
2290.867652767775	186.37455339009432
2344.228815319923	188.53939538365924
2398.8329190194922	190.76265426578013
2454.708915685031	193.0436722495023
2511.886431509582	195.38217345596647
2570.3957827688646	197.78328462623878
2630.2679918953813	200.23873096909634
2691.5348039269165	202.7568897998267
2754.2287033381663	205.3356317043218
2818.382931264455	207.97639563356574
2884.031503126606	210.67952867146306
2951.209226666387	213.44516710076255
3019.9517204020162	216.2742026240806
3090.295432513592	219.16856058027759
3162.2776601683795	222.1267949630081
3235.9365692962842	225.1521607457697
3311.311214825911	228.2445611295278
3388.441561392024	231.40756224879445
3467.368504525317	234.6321534351043
3548.133892335753	237.9304646025136
3630.780547701014	241.30145794212487
3715.352290971724	244.74506824154633
3801.8939632056126	248.25887085353682
3890.4514499428046	251.84035532739048
3981.0717055349733	255.50280092211256
4073.802778041126	259.2393286651061
4168.693834703355	263.0597674695018
4265.795188015925	266.94881990811774
4365.158322401657	270.9250184355436
4466.835921509631	274.97441584256825
4570.881896148747	279.109354720591
4677.351412871981	283.3321604488773
4786.30092322638	287.6351667266382
4897.7881936844615	292.018389050924
5011.87233627272	296.4946555521298
5128.613839913648	301.0630536089516
5248.074602497723	305.7171261629596
5370.317963702527	310.46484444439216
5495.408738576249	315.2962758187512
5623.413251903491	320.23528434208055
5754.399373371572	325.26388949462006
5888.43655355589	330.3918607098963
6025.5958607435805	335.6171164862757
6165.9500186148225	340.9378298148758
6309.573444801937	346.36562081258444
6456.542290346556	351.9033300296239
6606.9344800759645	357.5487776960269
6760.829753919819	363.28909890000256
6918.30970918937	369.13680342876694
7079.457843841381	375.1040763664262
7244.359600749898	381.18866870675464
7413.102413009177	387.3883269050644
7585.775750291836	393.6952963951609
7762.4711662869195	400.1233579103995
7943.282347242814	406.67481951146755
8128.305161640995	413.348516627921
8317.63771102671	420.1462079404983
8511.380382023768	427.0690178467346
8709.635899560806	434.1277951064025
8912.509381337459	441.31025301990707
9120.108393559096	448.625540382098
9332.543007969905	456.0681196199562
9549.92586021436	463.6587081933469
9772.372209558102	471.395170691152
10000.	479.26645662376154
10232.929922807536	487.27718919995834
10471.285480508985	495.4451170064062
10715.193052376071	503.75031741549003
10964.78196143185	512.2110760899709
11220.18454301963	520.8357150692387
11481.536214968817	529.601534551894
11748.975549395303	538.5428170324518
12022.644346174131	547.6258042361516
12302.68770812381	556.8910737708187
12589.254117941688	566.3080446943866
12882.495516931349	575.9123433983495
13182.567385564074	585.6667612652114
13489.628825916532	595.6075284320376
13803.842646028867	605.7237559952554
14125.375446227554	616.0316264949743
14454.39770745928	626.5097099166132
14791.083881682072	637.1783843123723
15135.612484362071	648.0208892774305
15488.166189124795	659.0749115183938
15848.931924611108	670.3071023054332
16218.100973589299	681.7457845417399
16595.869074375598	693.3945476692826
16982.436524617424	705.2299234940457
17378.00828749373	717.2770229526254
17782.794100389227	729.5363397181789
18197.008586099826	741.9919678947665
18620.871366628657	754.6718554186076
19054.607179632443	767.5820631782595
19498.445997580457	780.6993444010474
19952.62314968879	794.0488339227544
20417.379446695275	807.6200044529141
20892.96130854041	821.4252532827244
21379.620895022323	835.4522839138494
21877.616239495517	849.7256769907665
22387.21138568338	864.2374130582625
22908.676527677748	879.002170064657
23442.288153199228	894.0120716001377
23988.329190194898	909.2505696597592
24547.089156850285	924.7596221787581
25118.864315095823	940.5148095679931
25703.957827688646	956.5329241137041
26302.679918953814	972.8148443003619
26915.348039269196	989.3421489592012
27542.28703338169	1006.1715747913191
28183.82931264455	1023.2524459329583
28840.31503126606	1040.6172458313767
29512.0922666639	1058.232237862464
30199.51720402019	1076.1420395725793
30902.95432513592	1094.3650407361488
31622.776601683792	1112.8343202698588
32359.36569296281	1131.6214118478742
33113.112148259075	1150.6878744760206
33884.4156139202	1170.0534192521363
34673.685045253165	1189.708243916517
35481.33892335753	1209.6569225069993
36307.8054770101	1229.9199786916033
37153.522909717205	1250.499760118529
38018.93963205613	1271.3602809527415
38904.51449942805	1292.5743028291006
39810.71705534969	1314.0705973668923
40738.02778041131	1335.8696361080954
41686.93834703355	1358.0017381150997
42657.95188015926	1380.4860927655252
43651.58322401666	1403.263285470427
44668.359215096345	1426.3625781835487
45708.818961487515	1449.7926174315378
46773.51412871981	1473.5294619878305
47863.0092322639	1497.6109878259167
48977.881936844664	1522.0656020923411
50118.72336272725	1546.7901023074367
51286.13839913648	1571.8719124658953
52480.74602497723	1597.3205838623264
53703.17963702522	1623.0875748666313
54954.08738576248	1649.152327686001
56234.13251903491	1675.5807548963007
57543.993733715666	1702.3616257552385
58884.36553555884	1729.475353890089
60255.95860743581	1756.9585898682594
61659.50018614822	1784.7479683059962
63095.7344480193	1812.8777830992296
64565.422903465624	1841.3197687071486
66069.34480075965	1870.1611545177163
67608.29753919819	1899.2752810532434
69183.09709189377	1928.7954445729974
70794.57843841388	1958.5661358465873
72443.59600749906	1988.7655146247173
74131.02413009177	2019.2610326176873
75857.75750291851	2050.0365405455964
77624.71166286927	2081.217689825782
79432.82347242821	2112.690591002654
81283.05161640995	2144.448737956835
83176.37711026709	2176.5688584803165
85113.80382023759	2209.0019735757696
87096.35899560814	2241.7976610052838
89125.0938133746	2274.8600110371754
91201.08393559097	2308.1859562978116
93325.43007969906	2341.844248351485
95499.25860214369	2375.8538678324485
97723.72209558112	2410.0856768665835
100000.	2444.6811911399977
102329.29922807537	2479.4603704237416
104712.85480508985	2514.62515892555
107151.93052376049	2549.9558897750344
109647.8196143185	2585.59512682005
112201.84543019629	2621.491543259327
114815.36214968817	2657.689069077237
117489.75549395279	2694.0758335201535
120226.4434617413	2730.7048278262255
123026.87708123811	2767.503553772511
125892.54117941661	2804.57147681839
128824.95516931349	2841.8520512968576
131825.67385564075	2879.381435137865
134896.28825916533	2917.007616840434
138038.42646028867	2954.9126003240026
141253.75446227554	2992.880973311291
144543.9770745928	3031.0680887616104
147910.83881682073	3069.403674383542
151356.12484362102	3107.9371669826733
154881.66189124828	3146.465794597559
158489.3192461114	3185.2256039036997
162181.009735893	3224.019752022134
165958.69074375596	3262.917264435975
169824.36524617425	3301.977324323068
173780.08287493762	3340.9687886269403
177827.94100389228	3380.082823491377
181970.08586099825	3419.2571123283265
186208.71366628655	3458.4096379800435
190546.07179632483	3497.599784949727
194984.45997580455	3536.790267504664
199526.2314968879	3575.9733096727023
204173.79446695317	3615.1209692094244
208929.6130854041	3654.2162291567142
213796.20895022326	3693.267223451898
218776.16239495564	3732.2347524682355
223872.11385683424	3771.18662203853
229086.76527677747	3809.8923403636863
234422.88153199226	3848.561541690309
239883.29190194947	3887.0716599330594
245470.89156850334	3925.446768673116
251188.6431509582	3963.7326393937747
257039.57827688646	4001.761402763374
263026.7991895382	4039.597803393166
269153.4803926914	4077.1517581319986
275422.8703338169	4114.560791158657
281838.2931264455	4151.788752071126
288403.15031266055	4188.563677778263
295120.9226666384	4225.241362699066
301995.1720402019	4261.668509332431
309029.5432513592	4297.641435154835
316227.7660168379	4333.362377648179
323593.6569296281	4368.7441272116375
331131.1214825908	4403.883158344028
338844.15613920207	4438.559189492213
346736.85045253165	4472.812250367896
354813.3892335753	4506.773101159129
363078.05477010104	4540.279900107588
371535.22909717204	4573.491296696025
380189.39632056124	4606.093826539559
389045.1449942805	4638.442842901641
398107.1705534969	4670.260786645674
407380.27780411305	4701.629819394208
416869.3834703355	4732.432284211274
426579.5188015926	4762.911487299001
436515.83224016655	4792.782641641445
446683.5921509635	4822.212807131652
457088.1896148752	4851.077306738826
467735.1412871981	4879.348975625194
478630.092322639	4907.210496667088
489778.81936844665	4934.516587671011
501187.2336272725	4961.2699532140205
512861.3839913648	4987.553480546795
524807.4602497723	5013.191835494728
537031.7963702522	5038.176970801518
549540.8738576248	5062.677246606897
562341.3251903491	5086.706235959965
575439.9373371566	5109.963809155952
588843.6553555884	5132.709723072148
602559.5860743581	5154.9054266695475
616595.0018614822	5176.480513896436
630957.344480193	5197.55943912507
645654.2290346563	5217.950239132543
660693.4480075964	5237.624725985466
676082.9753919819	5256.843702028261
691830.9709189377	5275.456910254812
707945.7843841388	5293.427786442132
724435.9600749906	5310.862920543155
741310.2413009177	5327.651369803487
758577.5750291852	5343.871439145618
776247.1166286927	5359.561063468315
794328.2347242822	5374.596761186482
812830.5161640996	5388.900753917207
831763.7711026708	5402.75715627845
851138.0382023759	5416.030153286382
870963.5899560815	5428.698794278388
891250.9381337459	5440.819569920208
912010.8393559096	5452.347780243707
933254.3007969905	5463.328107616013
954992.5860214368	5473.747759531315
977237.2209558112	5483.609826439189
1.e6	5492.920423890097