7.292000000000000	9.999999999999999e8
7.413102413009175	1173.9363343602465
7.5857757502918375	255.8873753295042
7.762471166286917	113.66454804782802
7.943282347242816	65.24698606507197
8.128305161640993	42.77844747885547
8.31763771102671	30.424289721784664
8.511380382023766	22.862696998681646
8.709635899560805	17.876866163224125
8.912509381337454	14.404291171701008
9.120108393559097	11.88254521086145
9.33254300796991	9.989411218449181
9.549925860214358	8.529293900093723
9.772372209558107	7.378111416669926
10.00000000000000	6.4533879647554055
10.232929922807541	5.698689359906414
10.471285480508996	5.074494577895936
10.715193052376065	4.552365712468742
10.964781961431852	4.1116527743746545
11.220184543019636	3.7374677604640225
11.481536214968829	3.418698804557476
11.748975549395297	3.1417738189611972
12.02264434617413	2.8952994718259846
12.302687708123818	2.6751068429610485
12.589254117941675	2.4778577803616795
12.882495516931343	2.3008775753368442
13.182567385564074	2.1411806743222908
13.48962882591654	1.9966544027415802
13.803842646028853	1.8655281458197872
14.125375446227547	1.74627801119024
14.45439770745928	1.6375974437135419
14.791083881682079	1.5383374214020926
15.135612484362087	1.4474909258896327
15.48816618912482	1.3641840170930652
15.848931924611142	1.2876522618332598
16.218100973589298	1.2172193730224048
16.595869074375607	1.1522821650502488
16.982436524617444	1.0923167953743553
17.378008287493753	1.0368589118590688
17.78279410038923	0.9854984583150314
18.197008586099834	0.9378649991792546
18.620871366628677	0.8936285345592767
19.054607179632473	0.8524996039184523
19.498445997580454	0.8142220395583901
19.952623149688797	0.7785651747232063
20.417379446695296	0.7453190440195213
20.892961308540396	0.7143023061734077
21.379620895022324	0.685357266230355
21.87761623949553	0.658349603220395
22.3872113856834	0.6331967694639574
22.908676527677734	0.6100058823956704
23.442288153199225	0.5883885148548716
23.98832919019491	0.5681808841596963
24.547089156850312	0.5492924385206399
25.11886431509581	0.5316269592354871
25.703957827688647	0.5151129510257392
26.302679918953828	0.4997800320306422
26.915348039269155	0.48568459462168906
27.542287033381662	0.4727283987106757
28.183829312644534	0.4612590395395144
28.84031503126606	0.45102176674701927
29.512092266663856	0.44135274378775263
30.19951720402016	0.43208992022212284
30.902954325135905	0.42315662878205174
31.622776601683793	0.41450954519591443
32.359365692962825	0.406132789203398
33.11311214825911	0.3980288259324639
33.884415613920254	0.39020888245291974
34.673685045253166	0.3826889008438093
35.48133892335755	0.3756500667702349
36.30780547701014	0.36908494229813066
37.15352290971726	0.362765592578671
38.018939632056124	0.35665853226337085
38.90451449942807	0.35075129488896256
39.810717055349734	0.3450521534841471
40.73802778041128	0.33956873649231883
41.68693834703355	0.33430996902206067
42.657951880159274	0.3292998454528021
43.65158322401661	0.32450614430646163
44.668359215096324	0.31997106773044914
45.708818961487516	0.31571131473334557
46.77351412871984	0.31170626700583487
47.86300923226385	0.307959693957608
48.97788193684464	0.3044803225983001
50.11872336272725	0.30126619576143665
51.286138399136505	0.2983143111920341
52.480746024977286	0.29561409848199455
53.7031796370253	0.2930691324371999
54.954087385762485	0.2909712327635453
56.23413251903494	0.2889671775430035
57.543993733715695	0.287193501776749
58.8843655355589	0.2856040796085736
60.25595860743578	0.28435362824740795
61.65950018614822	0.2832209143272046
63.09573444801933	0.2823288053152715
64.56542290346556	0.28159150629104546
66.06934480075961	0.2810392711173677
67.60829753919819	0.2806614949964817
69.18309709189366	0.28045283091646184
70.79457843841381	0.28040373955401676
72.44359600749902	0.28052018304390947
74.13102413009177	0.2807612510048396
75.8577575029184	0.2811529131010187
77.6247116628692	0.28168615970315675
79.43282347242817	0.2823557411735614
81.28305161640995	0.28315412057087064
83.17637711026713	0.2840784617119851
85.11380382023768	0.2851287671093364
87.0963589956081	0.28629244318649805
89.12509381337459	0.2875760289296178
91.20108393559102	0.28896764750459925
93.32543007969915	0.29046051884013935
95.49925860214358	0.29208240994626844
97.72372209558107	0.2938047692856867
100.0000000000000	0.2956325580257842
102.32929922807536	0.2975511976524938
104.71285480508996	0.29958383056106835
107.1519305237606	0.30171594971438837
109.64781961431851	0.30393908944695486
112.2018454301963	0.30627076859307656
114.81536214968828	0.30869871873657373
117.48975549395291	0.31122499471025333
120.22644346174131	0.31383742093248557
123.02687708123811	0.31655966585068346
125.89254117941663	0.31936340464901936
128.82495516931337	0.32226145534104894
131.82567385564062	0.3252566991498714
134.89628825916532	0.32834333700784735
138.03842646028838	0.331521205400131
141.2537544622754	0.33479670382026216
144.54397707459265	0.3381666857182776
147.91083881682073	0.3416267271957628
151.3561248436207	0.3451864269047273
154.88166189124811	0.3488418038187225
158.48931924611142	0.3525933795984234
162.18100973589299	0.356441637568771
165.95869074375614	0.3603883355331544
169.82436524617444	0.3644349398962665
173.78008287493762	0.3685767464927561
177.82794100389228	0.3728291612271131
181.97008586099844	0.3771855632490656
186.20871366628674	0.381642312202882
190.54607179632484	0.3862031955894556
194.98445997580455	0.39087537959274915
199.52623149688807	0.3956480101444336
204.17379446695296	0.4005301939891408
208.92961308540387	0.40553446646405095
213.79620895022325	0.410643101677295
218.77616239495518	0.41587103751412485
223.872113856834	0.4212098942554467
229.08676527677724	0.4266687880819182
234.42288153199226	0.43224848580736236
239.88329190194898	0.4379504577279117
245.4708915685031	0.4437824581074914
251.18864315095797	0.4497327545146847
257.03957827688646	0.4558122117573711
263.02679918953817	0.4620254281095777
269.1534803926914	0.4683674893382609
275.4228703338166	0.4748530590220228
281.8382931264452	0.48144145354146334
288.40315031266056	0.48822820412749973
295.1209226666384	0.4951325115624468
301.9951720402016	0.5021857456287467
309.02954325135886	0.5093710068781628
316.22776601683796	0.5167146951319791
323.5936569296281	0.5242143119001073
331.1311214825911	0.531870832047058
338.84415613920277	0.5396887848241523
346.73685045253166	0.5476612186217787
354.81338923357566	0.5558005637993303
363.0780547701014	0.564110874198699
371.53522909717276	0.5725871929819729
380.1893963205613	0.5812392631346937
389.04514499428086	0.5900819060509487
398.1071705534973	0.5990925173654611
407.380277804113	0.608301137626368
416.8693834703355	0.6176907802476049
426.579518801593	0.627260595925527
436.5158322401661	0.6370367111446746
446.683592150963	0.6469803492828178
457.0881896148752	0.6571969134102362
467.73514128719813	0.6675528641172637
478.6300923226385	0.6781416528808394
489.77881936844614	0.6889132825654515
501.18723362727246	0.6999610590269273
512.8613839913648	0.711210087570061
524.8074602497728	0.7226685424360688
537.0317963702527	0.7343691432838608
549.5408738576248	0.7462929353786592
562.341325190349	0.7584822365197311
575.4399373371566	0.7706046194903746
588.843655355589	0.7835925487449273
602.5595860743575	0.7964727734462421
616.5950018614822	0.8096544495889864
630.957344480193	0.8230863104592985
645.6542290346556	0.8368020267549666
660.6934480075957	0.850755526930959
676.0829753919819	0.8650673900619543
691.8309709189363	0.8795738655693599
707.945784384138	0.894382184916817
724.4359600749899	0.9093713681222839
741.3102413009169	0.9249463964446801
758.5775750291835	0.9407097236454848
776.2471166286912	0.9566876254854573
794.3282347242813	0.9730506862248413
812.8305161640986	0.9897482034719235
831.7637711026708	1.0067411540842781
851.1380382023759	1.0240571143521955
870.9635899560806	1.0417754146370808
891.250938133745	1.0598110955499278
912.0108393559096	1.078206626064757
933.2543007969915	1.096963677189538
954.992586021436	1.1160799462410005
977.2372209558112	1.1356003946784965
1000.	1.1554829036496752
1023.2929922807547	1.175744211518555
1047.1285480508996	1.1964315167718138
1071.519305237607	1.2174822840258646
1096.4781961431852	1.2389747446214525
1122.018454301964	1.2608949915599008
1148.1536214968828	1.2832536365916185
1174.8975549395302	1.3059786687345951
1202.2644346174131	1.3292785924502595
1230.268770812381	1.352977772211789
1258.9254117941675	1.3771055137452912
1288.2495516931335	1.4017321859339045
1318.2567385564075	1.4268451472118613
1348.9628825916532	1.4524846932182183
1380.3842646028852	1.478550757373244
1412.537544622754	1.5052516779559686
1445.439770745928	1.5322988726365352
1479.1083881682073	1.5599451206855801
1513.5612484362086	1.5880686818692398
1548.816618912481	1.6169126079710434
1584.8931924611124	1.6462094846388917
1621.8100973589299	1.6761935003644834
1659.5869074375596	1.706667234066863
1698.2436524617442	1.7378339714605575
1737.8008287493744	1.7694956512501363
1778.2794100389228	1.8018134152153806
1819.7008586099826	1.8347780544139811
1862.0871366628676	1.8683642012237078
1905.4607179632462	1.9026585669659388
1949.8445997580454	1.937586829136552
1995.262314968881	1.9731569243824343
2041.7379446695295	2.0095019132229357
2089.2961308540407	2.046500175015325
2137.9620895022326	2.084317049499371
2187.761623949554	2.1227833686896505
2238.72113856834	2.1619941487450136
2290.867652767775	2.2020230728262837
2344.228815319923	2.242870004510103
2398.8329190194922	2.284377514740633
2454.708915685031	2.326866052886208
2511.886431509582	2.3700630511442116
2570.3957827688646	2.4141870602038717
2630.2679918953813	2.4591369142841266
2691.5348039269165	2.5049695029206123
2754.2287033381663	2.551692679948765
2818.382931264455	2.5993205844342184
2884.031503126606	2.6478869128293017
2951.209226666387	2.697472157954783
3019.9517204020162	2.7478959731565444
3090.295432513592	2.7993905639893533
3162.2776601683795	2.851924772871865
3235.9365692962842	2.905355620125481
3311.311214825911	2.9599746199684103
3388.441561392024	3.0155679774197033
3467.368504525317	3.072380618390122
3548.133892335753	3.130251761518016
3630.780547701014	3.1891451948898304
3715.352290971724	3.249247035520669
3801.8939632056126	3.310551121374534
3890.4514499428046	3.373054762285276
3981.0717055349733	3.436744314545102
4073.802778041126	3.5017345448045973
4168.693834703355	3.567890677257508
4265.795188015925	3.6353923098444043
4365.158322401657	3.7042734517691573
4466.835921509631	3.7744926790705966
4570.881896148747	3.845936615601835
4677.351412871981	3.918904415332653
4786.30092322638	3.993274929347879
4897.7881936844615	4.069075488844466
5011.87233627272	4.146278781667439
5128.613839913648	4.225223596421748
5248.074602497723	4.305524324458847
5370.317963702527	4.387301289724436
5495.408738576249	4.4707839162684255
5623.413251903491	4.555842203228926
5754.399373371572	4.642571403917005
5888.43655355589	4.731049005649285
6025.5958607435805	4.821141259994112
6165.9500186148225	4.913060386859765
6309.573444801937	5.006712809243299
6456.542290346556	5.102139829041698
6606.9344800759645	5.199598994937461
6760.829753919819	5.2986495772917985
6918.30970918937	5.399829960292018
7079.457843841381	5.502884868950046
7244.359600749898	5.607975589047882
7413.102413009177	5.715081156444659
7585.775750291836	5.824187795588838
7762.4711662869195	5.935454162924308
7943.282347242814	6.04883016384337
8128.305161640995	6.164408256428379
8317.63771102671	6.282232078538348
8511.380382023768	6.402169557285506
8709.635899560806	6.524607824098364
8912.509381337459	6.6492823512954295
9120.108393559096	6.776303244923575
9332.543007969905	6.9058344820147255
9549.92586021436	7.037763781883238
9772.372209558102	7.172266642300873
10000.	7.309256313008229
10232.929922807536	7.4488733778616805
10471.285480508985	7.591177106825062
10715.193052376071	7.7361544194301635
10964.78196143185	7.883906270932585
11220.18454301963	8.034332130361175
11481.536214968817	8.18774375269557
11748.975549395303	8.343944271834747
12022.644346174131	8.503101150442108
12302.68770812381	8.665329338344188
12589.254117941688	8.830501337606808
12882.495516931349	8.998908049353062
13182.567385564074	9.170320455627305
13489.628825916532	9.3447923218561
13803.842646028867	9.522812408699593
14125.375446227554	9.704007512639622
14454.39770745928	9.888480542955591
14791.083881682072	10.076639235351921
15135.612484362071	10.267935119991558
15488.166189124795	10.463133094645721
15848.931924611108	10.661628835674552
16218.100973589299	10.863768590179946
16595.869074375598	11.069612420231781
16982.436524617424	11.279277222144126
17378.00828749373	11.492668847024255
17782.794100389227	11.7102164751106
18197.008586099826	11.931358339512082
18620.871366628657	12.156767069605387
19054.607179632443	12.386072342696545
19498.445997580457	12.61969679753511
19952.62314968879	12.857527969074505
20417.379446695275	13.099415499178615
20892.96130854041	13.345497201990936
21379.620895022323	13.596058241091447
21877.616239495517	13.851389004256077
22387.21138568338	14.11071714582567
22908.676527677748	14.374822022298057
23442.288153199228	14.64368440251501
23988.329190194898	14.916995599218938
24547.089156850285	15.195134329245292
25118.864315095823	15.478276361772226
25703.957827688646	15.766198703184415
26302.679918953814	16.059071532960022
26915.348039269196	16.3566234140095
27542.28703338169	16.65976913882334
28183.82931264455	16.967833303523314
28840.31503126606	17.281018158167956
29512.0922666639	17.599964003136584
30199.51720402019	17.92339120415871
30902.95432513592	18.252792980136128
31622.776601683792	18.58756340429214
32359.36569296281	18.927809559277136
33113.112148259075	19.273718413903055
33884.4156139202	19.625229299868433
34673.685045253165	19.982129636758703
35481.33892335753	20.345371797772344
36307.8054770101	20.71405956186953
37153.522909717205	21.088911687409173
38018.93963205613	21.469316413518907
38904.51449942805	21.85577314985532
39810.71705534969	22.248391672435666
40738.02778041131	22.647277928699765
41686.93834703355	23.052335496368556
42657.95188015926	23.46369919366751
43651.58322401666	23.880541570087434
44668.359215096345	24.304306744373164
45708.818961487515	24.734064244351266
46773.51412871981	25.170566008689946
47863.0092322639	25.613404396002572
48977.881936844664	26.063166118899133
50118.72336272725	26.51822057790209
51286.13839913648	26.980472185952166
52480.74602497723	27.44954156617118
53703.17963702522	27.92496601510919
54954.08738576248	28.40670622988768
56234.13251903491	28.89565246555077
57543.993733715666	29.391232447515378
58884.36553555884	29.893321665495147
60255.95860743581	30.402115912144158
61659.50018614822	30.91750141875332
63095.7344480193	31.439866581668415
64565.422903465624	31.968957802281363
66069.34480075965	32.50452166577165
67608.29753919819	33.04712197337784
69183.09709189377	33.59666546217083
70794.57843841388	34.15224006643243
72443.59600749906	34.715010783713026
74131.02413009177	35.28446747719585
75857.75750291851	35.86017382034345
77624.71166286927	36.44293415926021
79432.82347242821	37.03204527711778
81283.05161640995	37.62801750267894
83176.37711026709	38.230173170162395
85113.80382023759	38.83924081841797
87096.35899560814	39.454240922178464
89125.0938133746	40.075861068882126
91201.08393559097	40.703657944225235
93325.43007969906	41.33801073009151
95499.25860214369	41.97789356283862
97723.72209558112	42.62428713693771
100000.	43.276866308108204
102329.29922807537	43.935045893060604
104712.85480508985	44.598584466333506
107151.93052376049	45.268573880974515
109647.8196143185	45.94385307340149
112201.84543019629	46.624758623406684
114815.36214968817	47.31039267119394
117489.75549395279	48.002103755967326
120226.4434617413	48.69835163311406
123026.87708123811	49.39968602786761
125892.54117941661	50.10583058933162
128824.95516931349	50.81642237195349
131825.67385564075	51.53183374048781
134896.28825916533	52.251654124158485
138038.42646028867	52.975208995456896
141253.75446227554	53.70258334329583
144543.9770745928	54.43393218981204
147910.83881682073	55.169474187977954
151356.12484362102	55.907104024120905
154881.66189124828	56.64901933188704
158489.3192461114	57.39288821127044
162181.009735893	58.13992675001864
165958.69074375596	58.889730224602665
169824.36524617425	59.641343445011266
173780.08287493762	60.395335465498626
177827.94100389228	61.1508118239305
181970.08586099825	61.907640491027166
186208.71366628655	62.666787346036074
190546.07179632483	63.426413847074876
194984.45997580455	64.18663905206047
199526.2314968879	64.9477824445864
204173.79446695317	65.70868981500752
208929.6130854041	66.46951713622103
213796.20895022326	67.23067773000994
218776.16239495564	67.99126007350978
223872.11385683424	68.75032067992362
229086.76527677747	69.50817925319018
234422.88153199226	70.26505149139817
239883.29190194947	71.0198956117124
245470.89156850334	71.77317852131232
251188.6431509582	72.5239624373095
257039.57827688646	73.27187785810527
263026.7991895382	74.01720030596225
269153.4803926914	74.75937625228033
275422.8703338169	75.49775885256416
281838.2931264455	76.23264227157529
288403.15031266055	76.96358985321596
295120.9226666384	77.68963514659457
301995.1720402019	78.41147180401158
309029.5432513592	79.1281573887874
316227.7660168379	79.83967543675158
323593.6569296281	80.54572157786359
331131.1214825908	81.24583342219425
338844.15613920207	81.94023551975992
346736.85045253165	82.6279789924457
354813.3892335753	83.30917486250226
363078.05477010104	83.98348569511677
371535.22909717204	84.6508537717016
380189.39632056124	85.31087658348628
389045.1449942805	85.96305545980874
398107.1705534969	86.60821963495388
407380.27780411305	87.24383584527327
416869.3834703355	87.87198031994933
426579.5188015926	88.49136057977826
436515.83224016655	89.10215745212957
446683.5921509635	89.70405847198738
457088.1896148752	90.29669141458996
467735.1412871981	90.87991444974327
478630.092322639	91.4537160548689
489778.81936844665	92.01804937213024
501187.2336272725	92.57240059177109
512861.3839913648	93.11699988263872
524807.4602497723	93.65119580430743
537031.7963702522	94.17523072304988
549540.8738576248	94.68894518566498
562341.3251903491	95.19214803406348
575439.9373371566	95.68463116811937
588843.6553555884	96.16654715212808
602559.5860743581	96.6376375312869
616595.0018614822	97.09785116340565
630957.344480193	97.54720779389622
645654.2290346563	97.98562533340599
660693.4480075964	98.41298660502866
676082.9753919819	98.82930026362676
691830.9709189377	99.23454588037457
707945.7843841388	99.62891796938133
724435.9600749906	100.0118222322414
741310.2413009177	100.38366639862195
758577.5750291852	100.74454641864543
776247.1166286927	101.09425305837061
794328.2347242822	101.43294824277415
812830.5161640996	101.76073349677299
831763.7711026708	102.0774922331632
851138.0382023759	102.38334447160038
870963.5899560815	102.67836126532022
891250.9381337459	102.96255363643375
912010.8393559096	103.23603387154193
933254.3007969905	103.49886215372945
954992.5860214368	103.75123744608163
977237.2209558112	103.99308172784573
1.e6	104.22460677850138
