17378.00828749373	9.999999999999999e8
17782.794100389227	1.1646569716775404e8
18197.008586099826	6.921004285874036e7
18620.871366628657	4.782813545395452e7
19054.607179632443	3.608657019684849e7
19498.445997580457	2.8828220461172167e7
19952.62314968879	2.3969441383608744e7
20417.379446695275	2.0525851829774007e7
20892.96130854041	1.7979012344971746e7
21379.620895022323	1.6032210814448578e7
21877.616239495517	1.4504829879008027e7
22387.21138568338	1.3281216357331555e7
22908.676527677748	1.2283772799035324e7
23442.288153199228	1.1458773827621946e7
23988.329190194898	1.0767977280368695e7
24547.089156850285	1.0183507381614361e7
25118.864315095823	9.684580955466196e6
25703.957827688646	9.255431394050382e6
26302.679918953814	8.883906097581677e6
26915.348039269196	8.560491061269615e6
27542.28703338169	8.277649480641348e6
28183.82931264455	8.029570738767631e6
28840.31503126606	7.810869901667131e6
29512.0922666639	7.617965303538262e6
30199.51720402019	7.447339008080226e6
30902.95432513592	7.296237422946711e6
31622.776601683792	7.162325177873817e6
32359.36569296281	7.04363379467679e6
33113.112148259075	6.93848676596447e6
33884.4156139202	6.84546324109816e6
34673.685045253165	6.7633433230126435e6
35481.33892335753	6.691063762817305e6
36307.8054770101	6.627709406864769e6
37153.522909717205	6.572437735308023e6
38018.93963205613	6.524612186018765e6
38904.51449942805	6.483545219145758e6
39810.71705534969	6.448704760723286e6
40738.02778041131	6.419604681570308e6
41686.93834703355	6.395808515374858e6
42657.95188015926	6.376931360235593e6
43651.58322401666	6.362627111715792e6
44668.359215096345	6.35259315020103e6
45708.818961487515	6.346545403245811e6
46773.51412871981	6.344233128417535e6
47863.0092322639	6.345424170345553e6
48977.881936844664	6.349912578651654e6
50118.72336272725	6.357506225559687e6
51286.13839913648	6.368034839136883e6
52480.74602497723	6.38133673579428e6
53703.17963702522	6.397272464333939e6
54954.08738576248	6.415708655847713e6
56234.13251903491	6.436514902548489e6
57543.993733715666	6.459589235097347e6
58884.36553555884	6.484819817939123e6
60255.95860743581	6.512112222698391e6
61659.50018614822	6.5413751525590215e6
63095.7344480193	6.572540862380347e6
64565.422903465624	6.605478412629215e6
66069.34480075965	6.640165170699977e6
67608.29753919819	6.6765307042007595e6
69183.09709189377	6.714459261335692e6
70794.57843841388	6.753929334755552e6
72443.59600749906	6.794883684829149e6
74131.02413009177	6.837275428073667e6
75857.75750291851	6.8810092421830045e6
77624.71166286927	6.926075456086446e6
79432.82347242821	6.972413602507741e6
81283.05161640995	7.019936193015576e6
83176.37711026709	7.068677441409291e6
85113.80382023759	7.118538332996364e6
87096.35899560814	7.169491428029532e6
89125.0938133746	7.221498728733387e6
91201.08393559097	7.2745069188784445e6
93325.43007969906	7.328503861451713e6
95499.25860214369	7.38341373147147e6
97723.72209558112	7.439232787430275e6
100000.	7.495910019556139e6
102329.29922807537	7.553416554389839e6
104712.85480508985	7.611712383186104e6
107151.93052376049	7.670764686915962e6
109647.8196143185	7.730539562330639e6
112201.84543019629	7.790997996617938e6
114815.36214968817	7.852107719556651e6
117489.75549395279	7.913839458596916e6
120226.4434617413	7.976170081747165e6
123026.87708123811	8.039034985722369e6
125892.54117941661	8.102418415024917e6
128824.95516931349	8.166295997727409e6
131825.67385564075	8.230615425290448e6
134896.28825916533	8.295363101965783e6
138038.42646028867	8.360500232488435e6
141253.75446227554	8.425991917255035e6
144543.9770745928	8.491777274288744e6
147910.83881682073	8.557850495042956e6
151356.12484362102	8.624185716718286e6
154881.66189124828	8.690730240463078e6
158489.3192461114	8.757460019097593e6
162181.009735893	8.824326560853597e6
165958.69074375596	8.891311392756429e6
169824.36524617425	8.958377685250057e6
173780.08287493762	9.025488367176084e6
177827.94100389228	9.09260779636292e6
181970.08586099825	9.159691206202315e6
186208.71366628655	9.226719174851106e6
190546.07179632483	9.293651577157767e6
194984.45997580455	9.360458158716375e6
199526.2314968879	9.427093891983256e6
204173.79446695317	9.493524638537161e6
208929.6130854041	9.559725207683677e6
213796.20895022326	9.625655355227325e6
218776.16239495564	9.691277564006643e6
223872.11385683424	9.756562376512343e6
229086.76527677747	9.821465420874933e6
234422.88153199226	9.885965483694378e6
239883.29190194947	9.950019364136094e6
245470.89156850334	1.001359425021787e7
251188.6431509582	1.0076660776288357e7
257039.57827688646	1.0139179617570823e7
263026.7991895382	1.0201120846067047e7
269153.4803926914	1.0262452425218638e7
275422.8703338169	1.0323141174207725e7
281838.2931264455	1.0383152361550169e7
288403.15031266055	1.044245729711555e7
295120.9226666384	1.0501024726506213e7
301995.1720402019	1.0558823453286119e7
309029.5432513592	1.0615824773095468e7
316227.7660168379	1.0672005753375154e7
323593.6569296281	1.072731681201335e7
331131.1214825908	1.0781753254711283e7
338844.15613920207	1.083527370183438e7
346736.85045253165	1.0887860062291326e7
354813.3892335753	1.0939482941972638e7
363078.05477010104	1.0990118689175045e7
371535.22909717204	1.1039741114129411e7
380189.39632056124	1.10883301795517e7
389045.1449942805	1.1135863030301973e7
398107.1705534969	1.118231516703532e7
407380.27780411305	1.122767143183058e7
416869.3834703355	1.1271907562911205e7
426579.5188015926	1.131500862187601e7
436515.83224016655	1.1356957270136891e7
446683.5921509635	1.139774252448131e7
457088.1896148752	1.1437338021782355e7
467735.1412871981	1.1475712875589393e7
478630.092322639	1.1512915035579322e7
489778.81936844665	1.1548875592919769e7
501187.2336272725	1.1583584987020101e7
512861.3839913648	1.161708327968792e7
524807.4602497723	1.1649304457382966e7
537031.7963702522	1.168027808705655e7
549540.8738576248	1.1710003512081461e7
562341.3251903491	1.1738410331592992e7
575439.9373371566	1.176560485197281e7
588843.6553555884	1.1791456670133188e7
602559.5860743581	1.1816049415761936e7
616595.0018614822	1.183938557792912e7
630957.344480193	1.1861420754417675e7
645654.2290346563	1.1882174718384508e7
660693.4480075964	1.1901659234832957e7
676082.9753919819	1.1919890980054574e7
691830.9709189377	1.1936816752433779e7
707945.7843841388	1.195250348976654e7
724435.9600749906	1.1966919111839244e7
741310.2413009177	1.1980143413155643e7
758577.5750291852	1.1992049402130393e7
776247.1166286927	1.2002750327380411e7
794328.2347242822	1.2012228339422334e7
812830.5161640996	1.2020504881353056e7
831763.7711026708	1.2027586012317112e7
851138.0382023759	1.2033477998131314e7
870963.5899560815	1.203820105528676e7
891250.9381337459	1.2041767729129115e7
912010.8393559096	1.2044176949584134e7
933254.3007969905	1.2045480633319635e7
954992.5860214368	1.2045656768047635e7
977237.2209558112	1.2044733458467858e7
1.e6	1.2042738762513166e7