-1.5	1.137900539223078
-1.499	1.1375211758055594
-1.498	1.1371416858280912
-1.497	1.136762069163923
-1.496	1.1363823256860934
-1.495	1.1360024552674284
-1.494	1.1356224577805403
-1.493	1.135242333097831
-1.492	1.1348620810914851
-1.491	1.134481701633476
-1.49	1.1341011945955606
-1.489	1.1337205598492814
-1.488	1.1333397972659651
-1.487	1.1329589067167218
-1.486	1.132577888072445
-1.485	1.1321967412038116
-1.484	1.1318154659812794
-1.483	1.1314340622750898
-1.482	1.1310525299552634
-1.481	1.1306708688916034
-1.48	1.1302890789536912
-1.479	1.1299071600108894
-1.478	1.1295251119323395
-1.477	1.1291429345869615
-1.476	1.1287606278434528
-1.475	1.128378191570289
-1.474	1.127995625635723
-1.473	1.1276129299077844
-1.472	1.1272301042542765
-1.471	1.1268471485427818
-1.47	1.1264640626406548
-1.469	1.1260808464150251
-1.468	1.1256974997327969
-1.467	1.1253140224606466
-1.466	1.124930414465024
-1.465	1.1245466756121514
-1.464	1.1241628057680222
-1.463	1.1237788047984012
-1.462	1.123394672568823
-1.461	1.1230104089445938
-1.46	1.122626013790788
-1.459	1.122241486972249
-1.458	1.1218568283535895
-1.457	1.1214720377991891
-1.456	1.121087115173195
-1.455	1.1207020603395208
-1.454	1.1203168731618467
-1.453	1.1199315535036183
-1.452	1.119546101228046
-1.451	1.119160516198105
-1.45	1.1187747982765341
-1.449	1.1183889473258355
-1.448	1.1180029632082737
-1.447	1.1176168457858766
-1.446	1.117230594920432
-1.445	1.11684421047349
-1.444	1.11645769230636
-1.443	1.1160710402801128
-1.442	1.1156842542555776
-1.441	1.1152973340933416
-1.44	1.114910279653751
-1.439	1.1145230907969095
-1.438	1.114135767382677
-1.437	1.1137483092706704
-1.436	1.1133607163202623
-1.435	1.1129729883905801
-1.434	1.1125851253405057
-1.433	1.1121971270286755
-1.432	1.1118089933134783
-1.431	1.1114207240530565
-1.43	1.1110323191053044
-1.429	1.1106437783278675
-1.428	1.1102551015781426
-1.427	1.1098662887132766
-1.426	1.109477339590166
-1.425	1.109088254065457
-1.424	1.108699031995543
-1.423	1.1083096732365665
-1.422	1.1079201776444163
-1.421	1.107530545074729
-1.42	1.1071407753828852
-1.419	1.106750868424013
-1.418	1.1063608240529839
-1.417	1.1059706421244138
-1.416	1.105580322492662
-1.415	1.105189865011831
-1.414	1.1047992695357647
-1.413	1.1044085359180498
-1.412	1.1040176640120123
-1.411	1.10362665367072
-1.41	1.1032355047469793
-1.409	1.1028442170933357
-1.408	1.1024527905620733
-1.407	1.1020612250052144
-1.406	1.1016695202745168
-1.405	1.1012776762214762
-1.404	1.1008856926973234
-1.403	1.1004935695530238
-1.402	1.1001013066392777
-1.401	1.0997089038065195
-1.4	1.099316360904916
-1.399	1.0989236777843665
-1.398	1.098530854294502
-1.397	1.0981378902846852
-1.396	1.097744785604008
-1.395	1.097351540101293
-1.394	1.096958153625092
-1.393	1.0965646260236837
-1.392	1.0961709571450755
-1.391	1.0957771468370028
-1.39	1.095383194946925
-1.389	1.0949891013220285
-1.388	1.0945948658092244
-1.387	1.0942004882551482
-1.386	1.0938059685061583
-1.385	1.0934113064083368
-1.384	1.0930165018074869
-1.383	1.0926215545491342
-1.382	1.0922264644785242
-1.381	1.091831231440623
-1.38	1.091435855280116
-1.379	1.0910403358414063
-1.3780000000000001	1.0906446729686161
-1.377	1.0902488665055838
-1.376	1.0898529162958643
-1.375	1.0894568221827294
-1.374	1.0890605840091643
-1.373	1.0886642016178691
-1.3719999999999999	1.0882676748512576
-1.371	1.0878710035514565
-1.37	1.0874741875603045
-1.369	1.0870772267193505
-1.3679999999999999	1.0866801208698562
-1.367	1.086282869852791
-1.366	1.0858854735088348
-1.365	1.0854879316783752
-1.3639999999999999	1.0850902442015073
-1.363	1.0846924109180343
-1.362	1.0842944316674639
-1.361	1.08389630628901
-1.3599999999999999	1.0834980346215906
-1.359	1.0830996165038282
-1.358	1.0827010517740483
-1.357	1.0823023402702783
-1.3559999999999999	1.081903481830247
-1.355	1.0815044762913846
-1.354	1.081105323490821
-1.353	1.0807060232653853
-1.352	1.0803065754516048
-1.351	1.0799069798857048
-1.35	1.0795072364036078
-1.349	1.0791073448409316
-1.348	1.07870730503299
-1.347	1.0783071168147909
-1.346	1.0779067800210356
-1.345	1.0775062944861196
-1.344	1.0771056600441287
-1.343	1.0767048765288418
-1.342	1.0763039437737276
-1.341	1.075902861611944
-1.34	1.0755016298763387
-1.339	1.075100248399446
-1.338	1.0746987170134898
-1.337	1.0742970355503787
-1.336	1.0738952038417076
-1.335	1.0734932217187556
-1.334	1.0730910890124863
-1.333	1.0726888055535466
-1.332	1.0722863711722652
-1.331	1.0718837856986527
-1.33	1.0714810489624005
-1.329	1.071078160792879
-1.328	1.0706751210191388
-1.327	1.070271929469907
-1.326	1.0698685859735897
-1.325	1.069465090358268
-1.324	1.0690614424517
-1.323	1.0686576420813167
-1.322	1.068253689074225
-1.321	1.0678495832572024
-1.32	1.067445324456701
-1.319	1.0670409124988425
-1.318	1.0666363472094191
-1.317	1.0662316284138935
-1.316	1.0658267559373962
-1.315	1.0654217296047253
-1.314	1.0650165492403463
-1.313	1.0646112146683901
-1.312	1.0642057257126538
-1.311	1.063800082196597
-1.31	1.063394283943344
-1.309	1.0629883307756804
-1.308	1.0625822225160546
-1.307	1.0621759589865742
-1.306	1.0617695400090075
-1.305	1.0613629654047807
-1.304	1.0609562349949788
-1.303	1.0605493486003428
-1.302	1.0601423060412698
-1.301	1.059735107137813
-1.3	1.0593277517096789
-1.299	1.0589202395762265
-1.298	1.0585125705564689
-1.297	1.0581047444690692
-1.296	1.0576967611323411
-1.295	1.0572886203642482
-1.294	1.0568803219824021
-1.293	1.056471865804062
-1.292	1.0560632516461346
-1.291	1.055654479325171
-1.29	1.0552455486573673
-1.289	1.054836459458564
-1.288	1.0544272115442437
-1.287	1.054017804729531
-1.286	1.0536082388291912
-1.285	1.05319851365763
-1.284	1.0527886290288908
-1.283	1.0523785847566556
-1.282	1.0519683806542441
-1.281	1.05155801653461
-1.28	1.0511474922103434
-1.279	1.0507368074936674
-1.278	1.0503259621964387
-1.277	1.0499149561301455
-1.276	1.049503789105907
-1.275	1.0490924609344716
-1.274	1.0486809714262184
-1.273	1.0482693203911517
-1.272	1.047857507638905
-1.271	1.047445532978736
-1.27	1.047033396219528
-1.269	1.0466210971697874
-1.268	1.0462086356376439
-1.267	1.0457960114308482
-1.266	1.0453832243567722
-1.265	1.0449702742224067
-1.264	1.0445571608343616
-1.263	1.044143883998864
-1.262	1.043730443521757
-1.261	1.0433168392084995
-1.26	1.0429030708641647
-1.259	1.042489138293438
-1.258	1.0420750413006186
-1.2570000000000001	1.041660779689615
-1.256	1.0412463532639464
-1.255	1.0408317618267409
-1.254	1.0404170051807342
-1.2530000000000001	1.0400020831282688
-1.252	1.0395869954712924
-1.251	1.0391717420113578
-1.25	1.03875632254962
-1.249	1.0383407368868376
-1.248	1.0379249848233691
-1.2469999999999999	1.0375090661591742
-1.246	1.0370929806938103
-1.245	1.0366767282264338
-1.244	1.036260308555796
-1.2429999999999999	1.0358437214802454
-1.242	1.0354269667977236
-1.241	1.0350100443057668
-1.24	1.0345929538015015
-1.2389999999999999	1.0341756950816463
-1.238	1.0337582679425092
-1.237	1.0333406721799872
-1.236	1.0329229075895634
-1.2349999999999999	1.032504973966309
-1.234	1.0320868711048787
-1.233	1.0316685987995124
-1.232	1.0312501568440318
-1.2309999999999999	1.0308315450318402
-1.23	1.0304127631559215
-1.229	1.029993811008839
-1.228	1.0295746883827332
-1.2269999999999999	1.0291553950693222
-1.226	1.0287359308598993
-1.225	1.0283162955453318
-1.224	1.0278964889160602
-1.2229999999999999	1.0274765107620976
-1.222	1.027056360873027
-1.221	1.0266360390380012
-1.22	1.0262155450457409
-1.2189999999999999	1.0257948786845337
-1.218	1.0253740397422335
-1.217	1.0249530280062586
-1.216	1.0245318432635897
-1.2149999999999999	1.0241104853007703
-1.214	1.0236889539039045
-1.213	1.023267248858655
-1.212	1.0228453699502436
-1.211	1.0224233169634493
-1.21	1.022001089682605
-1.209	1.0215786878916
-1.208	1.021156111373875
-1.207	1.0207333599124229
-1.206	1.0203104332897877
-1.205	1.0198873312880619
-1.204	1.019464053688886
-1.203	1.0190406002734465
-1.202	1.0186169708224757
-1.201	1.0181931651162501
-1.2	1.0177691829345874
-1.199	1.017345024056848
-1.198	1.0169206882619308
-1.197	1.0164961753282742
-1.196	1.0160714850338533
-1.195	1.0156466171561793
-1.194	1.0152215714722976
-1.193	1.0147963477587862
-1.192	1.0143709457917562
-1.191	1.013945365346848
-1.19	1.0135196061992306
-1.189	1.0130936681236016
-1.188	1.0126675508941838
-1.187	1.0122412542847259
-1.186	1.0118147780684987
-1.185	1.0113881220182963
-1.184	1.010961285906432
-1.183	1.0105342695047392
-1.182	1.010107072584569
-1.181	1.009679694916788
-1.18	1.0092521362717786
-1.179	1.008824396419436
-1.178	1.0083964751291674
-1.177	1.0079683721698913
-1.176	1.007540087310034
-1.175	1.0071116203175305
-1.174	1.006682970959821
-1.173	1.0062541390038517
-1.172	1.00582512421607
-1.171	1.0053959263624277
-1.17	1.0049665452083738
-1.169	1.0045369805188582
-1.168	1.004107232058327
-1.167	1.003677299590723
-1.166	1.003247182879482
-1.165	1.0028168816875327
-1.164	1.0023863957772956
-1.163	1.001955724910681
-1.162	1.0015248688490859
-1.161	1.0010938273533951
-1.16	1.000662600183978
-1.159	1.0002311871006875
-1.158	0.9997995878628579
-1.157	0.9993678022293051
-1.156	0.9989358299583221
-1.155	0.9985036708076804
-1.154	0.9980713245346261
-1.153	0.9976387908958801
-1.152	0.9972060696476351
-1.151	0.996773160545555
-1.15	0.9963400633447725
-1.149	0.9959067777998882
-1.1480000000000001	0.9954733036649684
-1.147	0.995039640693544
-1.146	0.994605788638608
-1.145	0.9941717472526153
-1.1440000000000001	0.9937375162874795
-1.143	0.9933030954945722
-1.142	0.9928684846247208
-1.141	0.992433683428208
-1.1400000000000001	0.9919986916547678
-1.139	0.9915635090535863
-1.138	0.9911281353732987
-1.137	0.990692570361988
-1.1360000000000001	0.9902568137671828
-1.135	0.9898208653358564
-1.134	0.9893847248144244
-1.133	0.988948391948743
-1.1320000000000001	0.9885118664841084
-1.131	0.9880751481652525
-1.13	0.9876382367363449
-1.129	0.9872011319409876
-1.1280000000000001	0.9867638335222151
-1.127	0.9863263412224922
-1.126	0.9858886547837128
-1.125	0.9854507739471967
-1.124	0.9850126984536899
-1.123	0.9845744280433604
-1.1219999999999999	0.9841359624557985
-1.121	0.9836973014300137
-1.12	0.9832584447044338
-1.119	0.9828193920169019
-1.1179999999999999	0.9823801431046756
-1.117	0.9819406977044253
-1.116	0.9815010555522312
-1.115	0.9810612163835826
-1.1139999999999999	0.9806211799333752
-1.113	0.9801809459359102
-1.112	0.9797405141248914
-1.111	0.9792998842334237
-1.1099999999999999	0.9788590559940115
-1.109	0.9784180291385568
-1.108	0.9779768033983571
-1.107	0.9775353785041025
-1.1059999999999999	0.9770937541858762
-1.105	0.9766519301731506
-1.104	0.976209906194785
-1.103	0.9757676819790256
-1.1019999999999999	0.975325257253503
-1.101	0.9748826317452283
-1.1	0.9744398051805936
-1.099	0.9739967772853684
-1.0979999999999999	0.9735535477846989
-1.097	0.973110116403105
-1.096	0.9726664828644787
-1.095	0.9722226468920819
-1.0939999999999999	0.9717786082085448
-1.093	0.9713343665358634
-1.092	0.9708899215953977
-1.091	0.9704452731078698
-1.0899999999999999	0.9700004207933615
-1.089	0.9695553643713127
-1.088	0.9691101035605189
-1.087	0.9686646380791292
-1.0859999999999999	0.9682189676446442
-1.085	0.9677730919739147
-1.084	0.9673270107831384
-1.083	0.966880723787858
-1.082	0.9664342307029605
-1.081	0.9659875312426727
-1.08	0.9655406251205612
-1.079	0.9650935120495291
-1.078	0.9646461917418144
-1.077	0.964198663908987
-1.076	0.9637509282619481
-1.075	0.9633029845109258
-1.074	0.9628548323654753
-1.073	0.9624064715344748
-1.072	0.9619579017261247
-1.071	0.9615091226479439
-1.07	0.9610601340067694
-1.069	0.9606109355087522
-1.068	0.9601615268593564
-1.067	0.9597119077633564
-1.066	0.9592620779248348
-1.065	0.9588120370471797
-1.064	0.9583617848330833
-1.063	0.9579113209845384
-1.062	0.9574606452028377
-1.061	0.9570097571885693
-1.06	0.956558656641617
-1.059	0.956107343261156
-1.058	0.9556558167456505
-1.057	0.9552040767928531
-1.056	0.9547521230998007
-1.055	0.9542999553628134
-1.054	0.9538475732774909
-1.053	0.9533949765387107
-1.052	0.9529421648406264
-1.051	0.9524891378766637
-1.05	0.9520358953395194
-1.049	0.9515824369211586
-1.048	0.951128762312812
-1.047	0.9506748712049732
-1.046	0.9502207632873968
-1.045	0.9497664382490958
-1.044	0.9493118957783389
-1.043	0.9488571355626485
-1.042	0.9484021572887976
-1.041	0.947946960642807
-1.04	0.9474915453099442
-1.039	0.9470359109747194
-1.038	0.9465800573208835
-1.037	0.9461239840314258
-1.036	0.9456676907885709
-1.035	0.9452111772737766
-1.034	0.944754443167731
-1.033	0.9442974881503498
-1.032	0.943840311900774
-1.031	0.9433829140973674
-1.03	0.9429252944177136
-1.029	0.9424674525386125
-1.028	0.9420093881360806
-1.027	0.9415511008853441
-1.026	0.9410925904608397
-1.025	0.9406338565362105
-1.024	0.9401748987843033
-1.023	0.9397157168771656
-1.022	0.9392563104860441
-1.021	0.9387966792813802
-1.02	0.9383368229328086
-1.0190000000000001	0.9378767411091543
-1.018	0.9374164334784291
-1.017	0.9369558997078297
-1.016	0.9364951394637344
-1.0150000000000001	0.9360341524117002
-1.014	0.9355729382164601
-1.013	0.9351114965419208
-1.012	0.934649827051159
-1.0110000000000001	0.9341879294064188
-1.01	0.9337258032691088
-1.009	0.9332634482997998
-1.008	0.9328008641582209
-1.0070000000000001	0.9323380505032572
-1.006	0.9318750069929469
-1.005	0.9314117332844778
-1.004	0.9309482290341854
-1.0030000000000001	0.9304844938975484
-1.002	0.9300205275291868
-1.001	0.9295563295828594
-1.	0.9290918997114591
-0.999	0.9286272375670114
-0.998	0.9281623428006703
-0.997	0.9276972150627163
-0.996	0.9272318540025524
-0.995	0.9267662592687009
-0.994	0.9263004305088017
-0.993	0.9258343673696079
-0.992	0.9253680694969827
-0.991	0.924901536535897
-0.99	0.9244347681304256
-0.989	0.9239677639237444
-0.988	0.923500523558127
-0.987	0.9230330466749417
-0.986	0.9225653329146484
-0.985	0.9220973819167944
-0.984	0.9216291933200125
-0.983	0.9211607667620172
-0.982	0.9206921018796013
-0.981	0.9202231983086324
-0.98	0.9197540556840504
-0.979	0.9192846736398632
-0.978	0.9188150518091441
-0.977	0.9183451898240285
-0.976	0.9178750873157095
-0.975	0.9174047439144359
-0.974	0.9169341592495082
-0.973	0.9164633329492746
-0.972	0.9159922646411286
-0.971	0.9155209539515052
-0.97	0.9150494005058769
-0.969	0.914577603928751
-0.968	0.9141055638436657
-0.967	0.9136332798731864
-0.966	0.9131607516389033
-0.965	0.9126879787614262
-0.964	0.9122149608603818
-0.963	0.9117416975544108
-0.962	0.9112681884611628
-0.961	0.9107944331972938
-0.96	0.9103204313784624
-0.959	0.9098461826193264
-0.958	0.909371686533538
-0.957	0.9088969427337412
-0.956	0.9084219508315684
-0.955	0.9079467104376351
-0.954	0.9074712211615382
-0.953	0.9069954826118506
-0.952	0.9065194943961188
-0.951	0.9060432561208571
-0.95	0.9055667673915466
-0.949	0.9050900278126294
-0.948	0.9046130369875048
-0.947	0.9041357945185265
-0.946	0.9036583000069982
-0.945	0.9031805530531691
-0.944	0.9027025532562313
-0.943	0.9022243002143147
-0.942	0.9017457935244833
-0.941	0.9012670327827323
-0.94	0.9007880175839826
-0.939	0.9003087475220773
-0.938	0.8998292221897788
-0.9369999999999999	0.8993494411787628
-0.9359999999999999	0.8988694040796157
-0.9349999999999999	0.8983891104818301
-0.9339999999999999	0.8979085599738007
-0.9329999999999999	0.8974277521428201
-0.9319999999999999	0.8969466865750749
-0.9309999999999999	0.896465362855641
-0.9299999999999999	0.8959837805684804
-0.9289999999999999	0.8955019392964356
-0.9279999999999999	0.8950198386212275
-0.9269999999999999	0.8945374781234481
-0.9259999999999999	0.8940548573825595
-0.9249999999999999	0.8935719759768876
-0.9239999999999999	0.8930888334836181
-0.923	0.8926054294787931
-0.922	0.8921217635373049
-0.921	0.8916378352328942
-0.92	0.8911536441381432
-0.919	0.890669189824473
-0.918	0.8901844718621378
-0.917	0.8896994898202223
-0.916	0.8892142432666351
-0.915	0.8887287317681055
-0.914	0.8882429548901787
-0.913	0.8877569121972108
-0.912	0.8872706032523655
-0.911	0.8867840276176084
-0.91	0.8862971848537023
-0.909	0.8858100745202034
-0.908	0.885322696175456
-0.907	0.8848350493765883
-0.906	0.8843471336795071
-0.905	0.8838589486388938
-0.904	0.8833704938081988
-0.903	0.8828817687396382
-0.902	0.8823927729841866
-0.901	0.881903506091575
-0.9	0.8814139676102843
-0.899	0.8809241570875406
-0.898	0.8804340740693106
-0.897	0.879943718100297
-0.896	0.8794530887239329
-0.895	0.8789621854823768
-0.894	0.8784710079165086
-0.893	0.877979555565924
-0.892	0.8774878279689284
-0.891	0.8769958246625341
-0.89	0.8765035451824532
-0.889	0.8760109890630936
-0.888	0.8755181558375531
-0.887	0.8750250450376151
-0.886	0.874531656193743
-0.885	0.8740379888350744
-0.884	0.8735440424894169
-0.883	0.8730498166832422
-0.882	0.8725553109416808
-0.881	0.8720605247885171
-0.88	0.8715654577461834
-0.879	0.8710701093357553
-0.878	0.8705744790769457
-0.877	0.8700785664880994
-0.876	0.8695823710861879
-0.875	0.8690858923868038
-0.874	0.8685891299041554
-0.873	0.8680920831510607
-0.872	0.8675947516389428
-0.871	0.8670971348778228
-0.87	0.8665992323763158
-0.869	0.8661010436416242
-0.868	0.8656025681795319
-0.867	0.8651038054943994
-0.866	0.8646047550891576
-0.865	0.8641054164653017
-0.864	0.8636057891228863
-0.863	0.8631058725605183
-0.862	0.8626056662753522
-0.861	0.8621051697630835
-0.86	0.8616043825179427
-0.859	0.8611033040326903
-0.858	0.8606019337986096
-0.857	0.8601002713055013
-0.856	0.8595983160416775
-0.855	0.8590960674939551
-0.854	0.8585935251476501
-0.853	0.8580906884865721
-0.852	0.8575875569930161
-0.851	0.8570841301477586
-0.85	0.8565804074300502
-0.849	0.8560763883176088
-0.848	0.8555720722866146
-0.847	0.8550674588117024
-0.846	0.8545625473659567
-0.845	0.8540573374209037
-0.844	0.8535518284465065
-0.843	0.8530460199111563
-0.842	0.8525399112816686
-0.841	0.852033502023275
-0.84	0.8515267915996163
-0.839	0.8510197794727375
-0.838	0.8505124651030798
-0.837	0.8500048479494737
-0.836	0.8494969274691337
-0.835	0.84898870311765
-0.834	0.8484801743489824
-0.833	0.847971340615454
-0.832	0.847462201367743
-0.831	0.8469527560548766
-0.83	0.8464430041242245
-0.829	0.8459329450214907
-0.828	0.8454225781907075
-0.827	0.8449119030742279
-0.826	0.8444009191127188
-0.825	0.8438896257451532
-0.824	0.843378022408804
-0.823	0.8428661085392365
-0.822	0.8423538835702998
-0.821	0.841841346934122
-0.82	0.8413284980611007
-0.819	0.8408153363798962
-0.818	0.8403018613174248
-0.817	0.8397880722988504
-0.816	0.8392739687475774
-0.815	0.8387595500852435
-0.814	0.8382448157317114
-0.813	0.8377297651050614
-0.8119999999999999	0.8372143976215841
-0.8109999999999999	0.8366987126957721
-0.8099999999999999	0.8361827097403132
-0.8089999999999999	0.8356663881660811
-0.8079999999999999	0.8351497473821292
-0.8069999999999999	0.834632786795681
-0.8059999999999999	0.8341155058121238
-0.8049999999999999	0.833597903835
-0.8039999999999999	0.8330799802659984
-0.8029999999999999	0.8325617345049475
-0.8019999999999999	0.8320431659498064
-0.8009999999999999	0.8315242739966573
-0.7999999999999999	0.831005058039696
-0.7989999999999999	0.8304855174712253
-0.7979999999999999	0.8299656516816462
-0.7969999999999999	0.8294454600594484
-0.796	0.8289249419912038
-0.795	0.8284040968615567
-0.794	0.8278829240532154
-0.793	0.8273614229469444
-0.792	0.826839592921555
-0.791	0.8263174333538978
-0.79	0.8257949436188526
-0.789	0.8252721230893205
-0.788	0.8247489711362149
-0.787	0.824225487128453
-0.786	0.8237016704329463
-0.785	0.8231775204145925
-0.784	0.8226530364362652
-0.783	0.8221282178588067
-0.782	0.8216030640410175
-0.781	0.8210775743396472
-0.78	0.8205517481093862
-0.779	0.8200255847028555
-0.778	0.8194990834705982
-0.777	0.8189722437610698
-0.776	0.8184450649206285
-0.775	0.8179175462935261
-0.774	0.8173896872218984
-0.773	0.8168614870457557
-0.772	0.8163329451029733
-0.771	0.815804060729281
-0.77	0.8152748332582548
-0.769	0.8147452620213054
-0.768	0.81421534634767
-0.767	0.8136850855644011
-0.766	0.8131544789963574
-0.765	0.812623525966193
-0.764	0.8120922257943481
-0.763	0.8115605777990382
-0.762	0.8110285812962447
-0.761	0.8104962355997035
-0.76	0.8099635400208954
-0.759	0.8094304938690356
-0.758	0.8088970964510638
-0.757	0.8083633470716324
-0.756	0.8078292450330966
-0.755	0.8072947896355044
-0.754	0.806759980176585
-0.753	0.8062248159517383
-0.752	0.8056892962540244
-0.751	0.8051534203741518
-0.75	0.8046171876004676
-0.749	0.8040805972189459
-0.748	0.8035436485131763
-0.747	0.803006340764354
-0.746	0.8024686732512668
-0.745	0.8019306452502852
-0.744	0.8013922560353508
-0.743	0.8008535048779646
-0.742	0.800314391047175
-0.741	0.7997749138095676
-0.74	0.7992350724292518
-0.739	0.7986948661678516
-0.738	0.7981542942844903
-0.737	0.7976133560357821
-0.736	0.7970720506758181
-0.735	0.7965303774561547
-0.734	0.7959883356258023
-0.733	0.795445924431212
-0.732	0.7949031431162642
-0.731	0.7943599909222558
-0.73	0.7938164670878887
-0.729	0.793272570849256
-0.728	0.7927283014398302
-0.727	0.792183658090451
-0.726	0.7916386400293124
-0.725	0.791093246481949
-0.724	0.7905474766712246
-0.723	0.7900013298173181
-0.722	0.7894548051377113
-0.721	0.788907901847175
-0.72	0.7883606191577575
-0.719	0.7878129562787688
-0.718	0.7872649124167694
-0.717	0.7867164867755565
-0.716	0.7861676785561493
-0.715	0.7856184869567769
-0.714	0.7850689111728637
-0.713	0.7845189503970166
-0.712	0.7839686038190093
-0.711	0.7834178706257713
-0.71	0.7828667500013705
-0.709	0.7823152411270016
-0.708	0.7817633431809714
-0.707	0.7812110553386836
-0.706	0.7806583767726255
-0.705	0.7801053066523524
-0.704	0.7795518441444749
-0.703	0.7789979884126415
-0.702	0.7784437386175268
-0.701	0.7778890939168148
-0.7	0.777334053465184
-0.699	0.7767786164142935
-0.698	0.7762227819127668
-0.697	0.775666549106177
-0.696	0.7751099171370315
-0.695	0.7745528851447564
-0.694	0.7739954522656816
-0.693	0.7734376176330239
-0.692	0.7728793803768723
-0.691	0.7723207396241724
-0.69	0.7717616944987092
-0.689	0.7712022441210928
-0.688	0.7706423876087405
-0.6869999999999999	0.7700821240758617
-0.6859999999999999	0.7695214526334411
-0.6849999999999999	0.7689603723892227
-0.6839999999999999	0.7683988824476924
-0.6829999999999999	0.767836981910062
-0.6819999999999999	0.7672746698742527
-0.6809999999999999	0.7667119454348772
-0.6799999999999999	0.7661488076832234
-0.6789999999999999	0.7655852557072369
-0.6779999999999999	0.7650212885915043
-0.6769999999999999	0.7644569054172357
-0.6759999999999999	0.7638921052622464
-0.6749999999999999	0.7633268872009406
-0.6739999999999999	0.7627612503042928
-0.6729999999999999	0.7621951936398305
-0.6719999999999999	0.7616287162716155
-0.6709999999999999	0.7610618172602273
-0.6699999999999999	0.7604944956627433
-0.6689999999999999	0.7599267505327213
-0.6679999999999999	0.759358580920181
-0.667	0.7587899858715861
-0.666	0.7582209644298241
-0.665	0.7576515156341885
-0.664	0.7570816385203604
-0.663	0.756511332120388
-0.662	0.7559405954626691
-0.661	0.75536942757193
-0.66	0.7547978274692076
-0.659	0.7542257941718291
-0.658	0.7536533266933921
-0.657	0.7530804240437455
-0.656	0.7525070852289685
-0.655	0.7519333092513514
-0.654	0.7513590951093752
-0.653	0.7507844417976905
-0.652	0.7502093483070977
-0.651	0.7496338136245261
-0.65	0.7490578367330131
-0.649	0.7484814166116832
-0.648	0.7479045522357265
-0.647	0.7473272425763782
-0.646	0.7467494866008971
-0.645	0.7461712832725432
-0.644	0.7455926315505569
-0.643	0.7450135303901367
-0.642	0.7444339787424171
-0.641	0.7438539755544473
-0.64	0.7432735197691673
-0.639	0.7426926103253871
-0.638	0.742111246157763
-0.637	0.7415294261967751
-0.636	0.7409471493687042
-0.635	0.7403644145956095
-0.634	0.739781220795304
-0.633	0.7391975668813315
-0.632	0.7386134517629444
-0.631	0.7380288743450772
-0.63	0.7374438335283252
-0.629	0.736858328208919
-0.628	0.7362723572786998
-0.627	0.7356859196250964
-0.626	0.7350990141310997
-0.625	0.7345116396752369
-0.624	0.7339237951315487
-0.623	0.7333354793695626
-0.622	0.7327466912542675
-0.621	0.7321574296460887
-0.62	0.7315676934008621
-0.619	0.7309774813698083
-0.618	0.7303867923995059
-0.617	0.7297956253318661
-0.616	0.7292039790041057
-0.615	0.72861185224872
-0.614	0.7280192438934573
-0.613	0.72742615276129
-0.612	0.7268325776703891
-0.611	0.7262385174340955
-0.61	0.7256439708608923
-0.609	0.7250489367543779
-0.608	0.7244534139132374
-0.607	0.7238574011312139
-0.606	0.7232608971970803
-0.605	0.722663900894611
-0.604	0.7220664110025522
-0.603	0.7214684262945933
-0.602	0.7208699455393377
-0.601	0.7202709675002723
-0.6	0.7196714909357387
-0.599	0.7190715145989023
-0.598	0.7184710372377232
-0.597	0.7178700575949247
-0.596	0.7172685744079628
-0.595	0.7166665864089952
-0.594	0.7160640923248506
-0.593	0.7154610908769972
-0.592	0.7148575807815103
-0.591	0.7142535607490409
-0.59	0.7136490294847841
-0.589	0.7130439856884461
-0.588	0.7124384280542112
-0.587	0.7118323552707099
-0.586	0.7112257660209848
-0.585	0.7106186589824581
-0.584	0.7100110328268975
-0.583	0.7094028862203821
-0.582	0.7087942178232683
-0.581	0.7081850262901562
-0.58	0.7075753102698539
-0.579	0.7069650684053423
-0.578	0.7063542993337415
-0.577	0.7057430016862735
-0.576	0.7051311740882275
-0.575	0.7045188151589229
-0.574	0.7039059235116744
-0.573	0.7032924977537537
-0.572	0.7026785364863538
-0.571	0.7020640383045514
-0.57	0.7014490017972692
-0.569	0.700833425547238
-0.568	0.7002173081309592
-0.567	0.6996006481186657
-0.566	0.6989834440742839
-0.565	0.6983656945553942
-0.564	0.6977473981131915
-0.563	0.6971285532924464
-0.5619999999999999	0.696509158631464
-0.5609999999999999	0.6958892126620446
-0.5599999999999999	0.695268713909443
-0.5589999999999999	0.6946476608923272
-0.5579999999999999	0.694026052122737
-0.5569999999999999	0.6934038861060433
-0.5559999999999999	0.6927811613409051
-0.5549999999999999	0.6921578763192281
-0.5539999999999999	0.6915340295261211
-0.5529999999999999	0.6909096194398546
-0.5519999999999999	0.6902846445318158
-0.5509999999999999	0.6896591032664657
-0.5499999999999999	0.6890329941012958
-0.5489999999999999	0.6884063154867821
-0.5479999999999999	0.6877790658663415
-0.5469999999999999	0.6871512436762871
-0.5459999999999999	0.6865228473457811
-0.5449999999999999	0.6858938752967904
-0.5439999999999999	0.6852643259440401
-0.5429999999999999	0.6846341976949664
-0.5419999999999999	0.6840034889496696
-0.5409999999999999	0.6833721981008676
-0.54	0.6827403235338471
-0.539	0.6821078636264155
-0.538	0.6814748167488532
-0.537	0.680841181263864
-0.536	0.6802069555265252
-0.535	0.6795721378842388
-0.534	0.6789367266766804
-0.533	0.678300720235749
-0.532	0.6776641168855162
-0.531	0.6770269149421735
-0.53	0.6763891127139818
-0.529	0.675750708501218
-0.528	0.6751117005961226
-0.527	0.6744720872828461
-0.526	0.6738318668373957
-0.525	0.6731910375275804
-0.524	0.6725495976129575
-0.523	0.6719075453447755
-0.522	0.6712648789659206
-0.521	0.6706215967108594
-0.52	0.6699776968055826
-0.519	0.6693331774675476
-0.518	0.6686880369056217
-0.517	0.6680422733200233
-0.516	0.6673958849022633
-0.515	0.666748869835087
-0.514	0.666101226292413
-0.513	0.6654529524392742
-0.512	0.6648040464317568
-0.511	0.6641545064169392
-0.51	0.6635043305328298
-0.509	0.6628535169083053
-0.508	0.6622020636630482
-0.507	0.6615499689074817
-0.506	0.6608972307427085
-0.505	0.6602438472604432
-0.504	0.6595898165429496
-0.503	0.6589351366629741
-0.502	0.6582798056836796
-0.501	0.6576238216585782
-0.5	0.6569671826314646
-0.4989999999999999	0.6563098866363468
-0.498	0.6556519316973795
-0.4969999999999999	0.6549933158287919
-0.496	0.654334037034821
-0.4949999999999999	0.6536740933096375
-0.494	0.6530134826372785
-0.4929999999999999	0.6523522029915725
-0.492	0.6516902523360685
-0.4909999999999999	0.6510276286239618
-0.49	0.6503643297980214
-0.4889999999999999	0.6497003537905147
-0.488	0.6490356985231327
-0.4869999999999999	0.6483703619069128
-0.486	0.6477043418421647
-0.4849999999999999	0.6470376362183906
-0.484	0.6463702429142085
-0.4829999999999999	0.6457021597972732
-0.482	0.6450333847241971
-0.48099999999999987	0.6443639155404688
-0.48	0.6436937500803741
-0.47899999999999987	0.6430228861669122
-0.478	0.6423513216117144
-0.47699999999999987	0.6416790542149609
-0.476	0.6410060817652959
-0.4750000000000001	0.6403324020397436
-0.474	0.6396580128036218
-0.4730000000000001	0.6389829118104561
-0.472	0.6383070968018916
-0.4710000000000001	0.6376305655076066
-0.47	0.6369533156452212
-0.4690000000000001	0.6362753449202092
-0.46799999999999997	0.6355966510258072
-0.4670000000000001	0.6349172316429225
-0.46599999999999997	0.6342370844400402
-0.4650000000000001	0.6335562070731321
-0.46399999999999997	0.6328745971855593
-0.4630000000000001	0.6321922524079795
-0.46199999999999997	0.6315091703582497
-0.4610000000000001	0.6308253486413301
-0.45999999999999996	0.6301407848491845
-0.4590000000000001	0.6294554765606832
-0.45799999999999996	0.6287694213415019
-0.4570000000000001	0.6280826167440219
-0.45599999999999996	0.6273950603072264
-0.45500000000000007	0.6267067495566
-0.45399999999999996	0.6260176820040225
-0.45300000000000007	0.6253278551476659
-0.45199999999999996	0.6246372664718864
-0.45100000000000007	0.6239459134471201
-0.44999999999999996	0.623253793529772
-0.44900000000000007	0.6225609041621086
-0.44799999999999995	0.6218672427721473
-0.44700000000000006	0.6211728067735446
-0.44599999999999995	0.6204775935654839
-0.44500000000000006	0.6197816005325621
-0.44399999999999995	0.6190848250446743
-0.44300000000000006	0.6183872644568981
-0.44199999999999995	0.6176889161093764
-0.44100000000000006	0.6169897773271992
-0.43999999999999995	0.6162898454202836
-0.43900000000000006	0.6155891176832544
-0.43799999999999994	0.6148875913953202
-0.43700000000000006	0.6141852638201514
-0.43599999999999994	0.6134821322057549
-0.43500000000000005	0.6127781937843496
-0.43399999999999994	0.6120734457722378
-0.43300000000000005	0.6113678853696773
-0.43199999999999994	0.6106615097607525
-0.43100000000000005	0.6099543161132415
-0.42999999999999994	0.6092463015784854
-0.42900000000000005	0.6085374632912532
-0.42799999999999994	0.6078277983696071
-0.42700000000000005	0.607117303914766
-0.42599999999999993	0.6064059770109665
-0.42500000000000004	0.6056938147253242
-0.42399999999999993	0.6049808141076921
-0.42300000000000004	0.6042669721905182
-0.42199999999999993	0.6035522859887013
-0.42100000000000004	0.6028367524994456
-0.41999999999999993	0.6021203687021127
-0.41900000000000004	0.6014031315580746
-0.4179999999999999	0.6006850380105611
-0.41700000000000004	0.5999660849845097
-0.4159999999999999	0.5992462693864103
-0.41500000000000004	0.598525588104152
-0.4139999999999999	0.5978040380068634
-0.41300000000000003	0.5970816159447568
-0.4119999999999999	0.5963583187489654
-0.41100000000000003	0.5956341432313825
-0.4099999999999999	0.5949090861844973
-0.40900000000000003	0.5941831443812289
-0.4079999999999999	0.5934563145747586
-0.40700000000000003	0.5927285934983612
-0.4059999999999999	0.5919999778652326
-0.405	0.5912704643683182
-0.4039999999999999	0.5905400496801355
-0.403	0.5898087304525998
-0.4019999999999999	0.5890765033168426
-0.401	0.5883433648830321
-0.3999999999999999	0.5876093117401895
-0.399	0.5868743404560042
-0.3979999999999999	0.5861384475766457
-0.397	0.585401629626576
-0.3959999999999999	0.5846638831083562
-0.395	0.5839252045024534
-0.3939999999999999	0.5831855902670456
-0.393	0.5824450368378232
-0.3919999999999999	0.5817035406277871
-0.391	0.5809610980270489
-0.3899999999999999	0.5802177054026227
-0.389	0.5794733590982206
-0.3879999999999999	0.5787280554340405
-0.387	0.5779817907065554
-0.3859999999999999	0.577234561188298
-0.385	0.5764863631276438
-0.3839999999999999	0.5757371927485908
-0.383	0.5749870462505384
-0.3819999999999999	0.5742359198080603
-0.381	0.5734838095706798
-0.3799999999999999	0.5727307116626366
-0.379	0.5719766221826561
-0.3779999999999999	0.5712215372037116
-0.377	0.5704654527727878
-0.3759999999999999	0.5697083649106376
-0.375	0.568950269611539
-0.3739999999999999	0.5681911628430466
-0.373	0.5674310405457426
-0.3719999999999999	0.5666698986329826
-0.371	0.5659077329906397
-0.3699999999999999	0.5651445394768455
-0.369	0.5643803139217264
-0.3679999999999999	0.5636150521271381
-0.367	0.5628487498663984
-0.3659999999999999	0.5620814028840111
-0.365	0.561313006895394
-0.3639999999999999	0.5605435575865975
-0.363	0.559773050614023
-0.3619999999999999	0.5590014816041368
-0.361	0.55822884615318
-0.3599999999999999	0.5574551398268753
-0.359	0.5566803581601312
-0.3579999999999999	0.555904496656739
-0.357	0.5551275507890713
-0.35599999999999987	0.5543495159977714
-0.355	0.5535703876914426
-0.35399999999999987	0.5527901612463308
-0.353	0.5520088320060061
-0.35199999999999987	0.5512263952810367
-0.351	0.5504428463486617
-0.34999999999999987	0.549658180452458
-0.349	0.548872392802004
-0.34799999999999986	0.5480854785725378
-0.347	0.5472974329046122
-0.3460000000000001	0.5465082509037436
-0.345	0.545717927640058
-0.3440000000000001	0.5449264581479324
-0.34299999999999997	0.5441338374256288
-0.3420000000000001	0.5433400604349282
-0.34099999999999997	0.5425451221007537
-0.3400000000000001	0.5417490173107953
-0.33899999999999997	0.5409517409151235
-0.3380000000000001	0.5401532877258024
-0.33699999999999997	0.539353652516495
-0.3360000000000001	0.5385528300220644
-0.33499999999999996	0.5377508149381691
-0.3340000000000001	0.5369476019208538
-0.33299999999999996	0.5361431855861326
-0.3320000000000001	0.5353375605095694
-0.33099999999999996	0.5345307212258499
-0.33000000000000007	0.5337226622283505
-0.32899999999999996	0.5329133779686981
-0.32800000000000007	0.5321028628563269
-0.32699999999999996	0.5312911112580273
-0.32600000000000007	0.5304781174974894
-0.32499999999999996	0.5296638758548393
-0.32400000000000007	0.5288483805661707
-0.32299999999999995	0.5280316258230673
-0.32200000000000006	0.527213605772122
-0.32099999999999995	0.5263943145144453
-0.32000000000000006	0.5255737461051717
-0.31899999999999995	0.5247518945529535
-0.31800000000000006	0.5239287538194526
-0.31699999999999995	0.5231043178188218
-0.31600000000000006	0.5222785804171809
-0.31499999999999995	0.5214515354320822
-0.31400000000000006	0.5206231766319732
-0.31299999999999994	0.5197934977356462
-0.31200000000000006	0.5189624924116847
-0.31099999999999994	0.5181301542778979
-0.31000000000000005	0.5172964769007508
-0.30899999999999994	0.5164614537947817
-0.30800000000000005	0.5156250784220159
-0.30699999999999994	0.5147873441913666
-0.30600000000000005	0.5139482444580302
-0.30499999999999994	0.5131077725228703
-0.30400000000000005	0.512265921631795
-0.30299999999999994	0.5114226849751218
-0.30200000000000005	0.5105780556869375
-0.30099999999999993	0.509732026844443
-0.30000000000000004	0.5088845914672937
-0.29899999999999993	0.5080357425169266
-0.29800000000000004	0.5071854728958782
-0.29699999999999993	0.5063337754470919
-0.29600000000000004	0.505480642953216
-0.29499999999999993	0.5046260681358893
-0.29400000000000004	0.5037700436550171
-0.2929999999999999	0.502912562108035
-0.29200000000000004	0.5020536160291637
-0.2909999999999999	0.5011931978886478
-0.29000000000000004	0.500331300091989
-0.2889999999999999	0.49946791497916104
-0.28800000000000003	0.49860303482381757
-0.2869999999999999	0.4977366518324842
-0.28600000000000003	0.49686875814373976
-0.2849999999999999	0.49599934582738375
-0.28400000000000003	0.4951284068835914
-0.2829999999999999	0.494255933242054
-0.28200000000000003	0.49338191676110754
-0.2809999999999999	0.4925063492268448
-0.28	0.4916292223522169
-0.2789999999999999	0.49075052777611555
-0.278	0.4898702570624457
-0.2769999999999999	0.48898840169917845
-0.276	0.4881049530973925
-0.2749999999999999	0.4872199025902967
-0.274	0.4863332414322393
-0.2729999999999999	0.48544496079769867
-0.272	0.4845550517802594
-0.2709999999999999	0.48366350539156905
-0.27	0.4827703125602806
-0.2689999999999999	0.4818754641309738
-0.268	0.48097895086306236
-0.2669999999999999	0.4800807634296781
-0.266	0.47918089241654166
-0.2649999999999999	0.47827932832080844
-0.264	0.47737606154990037
-0.2629999999999999	0.47647108242031305
-0.262	0.475564381156406
-0.2609999999999999	0.4746559478891694
-0.26	0.4737457726549721
-0.2589999999999999	0.47283384539428536
-0.258	0.471920155950387
-0.2569999999999999	0.47100469406804013
-0.256	0.47008744939215164
-0.2549999999999999	0.4691684114664042
-0.254	0.4682475697318672
-0.2529999999999999	0.4673249135255795
-0.252	0.46640043207911047
-0.2509999999999999	0.4654741145170926
-0.25	0.46454594985572956
-0.2489999999999999	0.463615927001276
-0.248	0.46268403474849135
-0.2469999999999999	0.4617502617790634
-0.246	0.46081459666000624
-0.24499999999999988	0.4598770278420251
-0.244	0.4589375436578548
-0.24299999999999988	0.45799613232056424
-0.242	0.45705278192183285
-0.24099999999999988	0.4561074804301908
-0.24	0.4551602156892312
-0.23899999999999988	0.4542109754157841
-0.238	0.4532597471980594
-0.23699999999999988	0.45230651849375225
-0.236	0.45135127662811564
-0.23499999999999988	0.45039400879199115
-0.23399999999999999	0.44943470203980784
-0.23299999999999987	0.4484733432875374
-0.23199999999999998	0.44750991931061374
-0.23099999999999987	0.44654441674180906
-0.22999999999999998	0.44557682206907157
-0.22899999999999987	0.4446071216333174
-0.22799999999999998	0.4436353016261827
-0.22699999999999987	0.4426613480877279
-0.22599999999999998	0.4416852469040994
-0.22499999999999987	0.44070698380514206
-0.22399999999999998	0.43972654436196634
-0.22299999999999986	0.438743913984464
-0.22199999999999998	0.43775907791877655
-0.22099999999999986	0.43677202124470826
-0.21999999999999997	0.4357827288730917
-0.21900000000000008	0.434791185543094
-0.21799999999999997	0.4337973758194714
-0.21700000000000008	0.432801284089766
-0.21599999999999997	0.43180289456144316
-0.21500000000000008	0.43080219125897146
-0.21399999999999997	0.42979915802083873
-0.21300000000000008	0.42879377849650824
-0.21199999999999997	0.42778603614330724
-0.21100000000000008	0.4267759142232533
-0.20999999999999996	0.42576339579980815
-0.20900000000000007	0.42474846373456693
-0.20799999999999996	0.42373110068387143
-0.20700000000000007	0.4227112890953538
-0.20599999999999996	0.421689011204402
-0.20500000000000007	0.42066424903055044
-0.20399999999999996	0.4196369843737887
-0.20300000000000007	0.4186071988107921
-0.20199999999999996	0.4175748736910645
-0.20100000000000007	0.41653999013299925
-0.19999999999999996	0.4155025290198479
-0.19900000000000007	0.41446247099560196
-0.19799999999999995	0.4134197964607775
-0.19700000000000006	0.41237448556810746
-0.19599999999999995	0.4113265182181326
-0.19500000000000006	0.4102758740546932
-0.19399999999999995	0.4092225324603142
-0.19300000000000006	0.4081664725514867
-0.19199999999999995	0.40710767317383495
-0.19100000000000006	0.40604611289717407
-0.18999999999999995	0.40498177001044766
-0.18900000000000006	0.4039146225165483
-0.18799999999999994	0.40284464812701204
-0.18700000000000006	0.40177182425658825
-0.18599999999999994	0.4006961280176754
-0.18500000000000005	0.39961753621462603
-0.18399999999999994	0.39853602533790894
-0.18300000000000005	0.39745157155813216
-0.18199999999999994	0.39636415071991504
-0.18100000000000005	0.3952737383356123
-0.17999999999999994	0.3941803095788786
-0.17900000000000005	0.39308383927807466
-0.17799999999999994	0.3919843019095047
-0.17700000000000005	0.39088167159048576
-0.17599999999999993	0.3897759220722373
-0.17500000000000004	0.3886670267325921
-0.17399999999999993	0.3875549585685157
-0.17300000000000004	0.3864396901884362
-0.17199999999999993	0.38532119380437024
-0.17100000000000004	0.38419944122384625
-0.16999999999999993	0.38307440384161157
-0.16900000000000004	0.38194605263112325
-0.16799999999999993	0.3808143581358078
-0.16700000000000004	0.37967929046009063
-0.16599999999999993	0.3785408192601801
-0.16500000000000004	0.3773989137346038
-0.16399999999999992	0.3762535426144842
-0.16300000000000003	0.37510467415354887
-0.16199999999999992	0.3739522761178631
-0.16100000000000003	0.3727963157752785
-0.15999999999999992	0.3716367598845835
-0.15900000000000003	0.37047357468435216
-0.15799999999999992	0.36930672588147206
-0.15700000000000003	0.3681361786393499
-0.15599999999999992	0.36696189756577435
-0.15500000000000003	0.3657838467004311
-0.15399999999999991	0.36460198950205275
-0.15300000000000002	0.36341628883519456
-0.1519999999999999	0.3622267069566186
-0.15100000000000002	0.36103320550127616
-0.1499999999999999	0.3598357454678692
-0.14900000000000002	0.3586342872039814
-0.1479999999999999	0.357428790390755
-0.14700000000000002	0.35621921402710566
-0.1459999999999999	0.35500551641344863
-0.14500000000000002	0.35378765513492694
-0.1439999999999999	0.35256558704411356
-0.14300000000000002	0.351339268243177
-0.1419999999999999	0.3501086540654794
-0.14100000000000001	0.3488736990565959
-0.1399999999999999	0.3476343569547214
-0.139	0.3463905806704526
-0.1379999999999999	0.34514232226590774
-0.137	0.3438895329331708
-0.1359999999999999	0.34263216297202
-0.135	0.34137016176692353
-0.1339999999999999	0.34010347776326255
-0.133	0.3388320584427581
-0.1319999999999999	0.3375558502980611
-0.131	0.33627479880647876
-0.1299999999999999	0.33498884840279114
-0.129	0.33369794245113166
-0.1279999999999999	0.33240202321587825
-0.127	0.3311010318315241
-0.1259999999999999	0.3297949082714746
-0.125	0.3284835913157323
-0.12399999999999989	0.3271670185174103
-0.123	0.32584512616803424
-0.12199999999999989	0.3245178492615661
-0.121	0.32318512145710426
-0.11999999999999988	0.3218468750401869
-0.119	0.32050304088264797
-0.11799999999999988	0.3191535484009457
-0.11699999999999999	0.3177983255129036
-0.11599999999999988	0.31643729859277947
-0.11499999999999999	0.3150703924245922
-0.11399999999999988	0.3136975301536131
-0.11299999999999999	0.3123186332359432
-0.11199999999999988	0.31093362138607344
-0.11099999999999999	0.30954241252233716
-0.10999999999999988	0.3081449227101417
-0.10899999999999999	0.30674106610287744
-0.10799999999999987	0.30533075488037603
-0.10699999999999998	0.30391389918480355
-0.10599999999999987	0.30249040705384594
-0.10499999999999998	0.30106018435105636
-0.10399999999999987	0.299623134693205
-0.10299999999999998	0.2981791593744827
-0.10199999999999987	0.2967281572873791
-0.10099999999999998	0.29527002484006776
-0.09999999999999987	0.2938046558700946
-0.09899999999999998	0.2923319415541781
-0.09799999999999986	0.2908517703138934
-0.09699999999999998	0.28936402771702024
-0.09599999999999986	0.2878685963742953
-0.09499999999999997	0.2863653558313183
-0.09399999999999986	0.28485418245531874
-0.09299999999999997	0.2833349493164913
-0.09200000000000008	0.28180752606356935
-0.09099999999999997	0.28027177879329873
-0.09000000000000008	0.27872756991343783
-0.08899999999999997	0.2771747579988857
-0.08800000000000008	0.2756131976405185
-0.08699999999999997	0.2740427392862689
-0.08600000000000008	0.2724632290739662
-0.08499999999999996	0.2708745086553976
-0.08400000000000007	0.2692764150110323
-0.08299999999999996	0.2676687802547846
-0.08200000000000007	0.2660514314281635
-0.08099999999999996	0.2644241902830852
-0.08000000000000007	0.2627868730525859
-0.07899999999999996	0.26113929020859034
-0.07800000000000007	0.25948124620584245
-0.07699999999999996	0.2578125392110079
-0.07600000000000007	0.2561329608158976
-0.07499999999999996	0.2544422957336468
-0.07400000000000007	0.2527403214766081
-0.07299999999999995	0.2510268080145817
-0.07200000000000006	0.24930151741190892
-0.07099999999999995	0.24756420344179564
-0.07000000000000006	0.24581461117610853
-0.06899999999999995	0.2440524765486961
-0.06800000000000006	0.2422775258901298
-0.06699999999999995	0.2404894754315311
-0.06600000000000006	0.23868803077495027
-0.06499999999999995	0.23687288632748593
-0.06400000000000006	0.23504372469607593
-0.06299999999999994	0.2332002160395551
-0.062000000000000055	0.23134201737424576
-0.06099999999999994	0.22946877182892728
-0.06000000000000005	0.22758010784461574
-0.05899999999999994	0.2256756383140577
-0.05800000000000005	0.22375495965530695
-0.05699999999999994	0.22181765081309127
-0.05600000000000005	0.2198632721809833
-0.05499999999999994	0.21789136443654578
-0.05400000000000005	0.21590144728072166
-0.052999999999999936	0.21389301807165348
-0.052000000000000046	0.21186555034193583
-0.050999999999999934	0.20981849218689425
-0.050000000000000044	0.2077512645099241
-0.04899999999999993	0.2056632591090662
-0.04800000000000004	0.20355383658691759
-0.04699999999999993	0.20142232406350594
-0.04600000000000004	0.19926801266895455
-0.04499999999999993	0.1970901547894392
-0.04400000000000004	0.19488796103611875
-0.04299999999999993	0.19266059690218496
-0.04200000000000004	0.190407179067904
-0.040999999999999925	0.18812677130724192
-0.040000000000000036	0.18581837994229192
-0.038999999999999924	0.183480948782887
-0.038000000000000034	0.18111335347830942
-0.03699999999999992	0.17871439519537732
-0.03600000000000003	0.17628279352205695
-0.03499999999999992	0.17381717847736058
-0.03400000000000003	0.1713160814860101
-0.03299999999999992	0.16877792514903045
-0.03200000000000003	0.16620101160793926
-0.030999999999999917	0.163583509258705
-0.030000000000000027	0.1609234375200936
-0.028999999999999915	0.1582186492963896
-0.028000000000000025	0.1554668106930369
-0.026999999999999913	0.1526653774401879
-0.026000000000000023	0.14981156734660267
-0.02499999999999991	0.14690232793504712
-0.02400000000000002	0.14393429818714779
-0.02299999999999991	0.1409037630317843
-0.02200000000000002	0.13780659882025925
-0.020999999999999908	0.1346382075055158
-0.020000000000000018	0.13139343652629296
-0.018999999999999906	0.1280664804079484
-0.018000000000000016	0.12465075870595446
-0.016999999999999904	0.12113876294506451
-0.016000000000000014	0.11752186234803796
-0.014999999999999902	0.11379005392230745
-0.014000000000000012	0.10993163609049166
-0.0129999999999999	0.10593277517096746
-0.01200000000000001	0.10177691829345879
-0.010999999999999899	0.0974439805180589
-0.010000000000000009	0.09290918997114596
-0.008999999999999897	0.08814139676102792
-0.008000000000000007	0.08310050580396963
-0.006999999999999895	0.07773340534651783
-0.006000000000000005	0.07196714909357389
-0.004999999999999893	0.06569671826314576
-0.0040000000000000036	0.05876093117401898
-0.0029999999999998916	0.05088845914672846
-0.0020000000000000018	0.041550252901984816
-0.0009999999999998899	0.029380465587007857
0.	0.
3.5	0.
3.501	0.0010276406079462723
3.502	0.0014533032850029511
3.503	0.0017799257448839131
3.504	0.0020552812158925447
3.505	0.0022978742558070757
3.506	0.002517195128431864
3.507	0.0027188814857770634
3.508	0.0029066065700059022
3.509	0.0030829218238388172
3.51	0.003249684937190349
3.511	0.0034082983158905014
3.512	0.0035598514897678263
3.513	0.0037052109046992717
3.514	0.003845079071671034
3.515	0.0039800349604623775
3.516	0.004110562431785089
3.517	0.004237070771736429
3.518	0.004359909855008853
3.519	0.004479381560316502
3.52	0.004595748511614151
3.521	0.004709240873124232
3.522	0.004820061702945726
3.523	0.00492839122222498
3.524	0.005034390256863728
3.525	0.0051382030397313615
3.526	0.005239959512878396
3.527	0.00533977723465174
3.528	0.005437762971554127
3.529	0.005534014036294572
3.53	0.005628619419804961
3.531	0.005721660754720233
3.532	0.0058132131400118045
3.533	0.005903345850473787
3.534	0.005992122950124293
3.535	0.0060796038249631415
3.536	0.0061658436476776345
3.537	0.006250893784628469
3.538	0.006334802153643553
3.539	0.006417613539697382
3.54	0.006499369874380698
3.541	0.006580110484111005
3.542	0.006659872311254003
3.543	0.006738690111684016
3.544	0.006816596631781003
3.545	0.006893622767421226
3.546	0.006969797707151082
3.547	0.007045149061425789
3.548	0.0071197029795356526
3.549	0.007193484255623907
3.55	0.007266516425014755
3.551	0.007338821851912567
3.552	0.007410421809398543
3.553	0.007481336552535902
3.554	0.007551585385295591
3.555	0.007621186721929212
3.556	0.007690158143342068
3.557	0.0077585164489553365
3.558	0.007826277704490858
3.559	0.007893457286063622
3.56	0.007960069920924755
3.561	0.008026129725160891
3.562	0.008091650238623233
3.563	0.00815664445733119
3.564	0.008221124863570179
3.565	0.008285103453881067
3.566	0.008348591765118964
3.567	0.00841160089874171
3.568	0.008474141543472858
3.569	0.008536223996470145
3.57	0.008597858183118218
3.571	0.008659053675553297
3.572	0.008719819710017706
3.573	0.008780165203133334
3.574	0.008840098767175264
3.575	0.008899628724419566
3.576	0.008958763120633003
3.577	0.00901750973776653
3.578	0.009075876105909245
3.579	0.009133869514554856
3.58	0.009191497023228303
3.581	0.009248765471516452
3.582	0.009305681488543174
3.583	0.009362251501925982
3.584	0.009418481746248463
3.585	0.009474378271080148
3.586	0.009529946948573002
3.587	0.009585193480661516
3.588	0.009640123405891453
3.589	0.009694742105900312
3.59	0.009749054811571047
3.591	0.009803066608878917
3.592	0.00985678244444996
3.593	0.009910207130848331
3.594	0.009963345351608432
3.595	0.010016201666026774
3.596	0.010068780513727456
3.597	0.010121086219014138
3.598	0.010173122995020658
3.599	0.010224894947671504
3.6	0.010276406079462723
3.601	0.010327660293073094
3.602	0.010378661394814786
3.603	0.010429413097932166
3.604	0.010479919025756792
3.605	0.010530182714726243
3.606	0.010580207617273848
3.607	0.010629997104596018
3.608	0.01067955446930348
3.609	0.010728882927962263
3.61	0.010777985623530044
3.611	0.010826865627693014
3.612	0.010875525943108253
3.613	0.010923969505556156
3.614	0.010972199186007378
3.615	0.01102021779260833
3.616	0.011068028072589144
3.617	0.011115632714097814
3.618	0.0111630343479639
3.619	0.011210235549395112
3.62	0.011257238839609923
3.621	0.011304046687408996
3.622	0.011350661510688375
3.623	0.011397085677896901
3.624	0.011443321509440467
3.625	0.011489371279035378
3.626	0.011535237215013103
3.627	0.011580921501578509
3.628	0.011626426280023609
3.629	0.011671753649898706
3.63	0.01171690567014278
3.6310000000000002	0.011761884360174784
3.632	0.011806691700947574
3.633	0.011851329635965939
3.634	0.011895800072270243
3.635	0.011940104881387135
3.636	0.011984245900248587
3.637	0.012028224932080596
3.638	0.012072043747262742
3.6390000000000002	0.012115704084159766
3.64	0.012159207649926283
3.641	0.012202556121285655
3.642	0.012245751145284074
3.643	0.012288794340020764
3.644	0.012331687295355269
3.645	0.012374431573592654
3.646	0.012417028710147484
3.647	0.012459480214187392
3.648	0.012501787569256939
3.649	0.01254395223388257
3.65	0.012585975642159318
3.651	0.01262785920431994
3.652	0.012669604307287106
3.653	0.012711212315209284
3.654	0.01275268456998088
3.655	0.012794022391747194
3.656	0.012835227079394764
3.657	0.012876299911027582
3.658	0.012917242144429636
3.659	0.012958055017514368
3.66	0.012998739748761395
3.661	0.013039297537640963
3.662	0.01307972956502656
3.663	0.013120036993596098
3.664	0.01316022096822201
3.665	0.013200282616350699
3.666	0.013240223048371606
3.667	0.013280043357976312
3.668	0.013319744622508007
3.669	0.013359327903301542
3.67	0.0133987942460145
3.671	0.013438144680949506
3.672	0.013477380223368031
3.673	0.013516501873796041
3.674	0.01355551061832169
3.675	0.013594407428885317
3.676	0.013633193263562006
3.677	0.013671869066836933
3.678	0.01371043576987372
3.679	0.013748894290776005
3.68	0.013787245534842452
3.681	0.013825490394815416
3.682	0.01386362975112339
3.683	0.013901664472117492
3.684	0.013939595414302165
3.685	0.013977423422560187
3.686	0.014015149330372269
3.687	0.014052773960031325
3.688	0.014090298122851577
3.689	0.014127722619372694
3.69	0.014165048239559054
3.691	0.014202275762994297
3.692	0.014239405959071305
3.693	0.014276439587177735
3.694	0.014313377396877224
3.695	0.014350220128086396
3.696	0.014386968511247813
3.697	0.014423623267498926
3.698	0.014460185108837178
3.699	0.014496654738281404
3.7	0.01453303285002951
3.701	0.014569320129612673
3.702	0.014605517254046062
3.703	0.014641624891976212
3.704	0.014677643703825134
3.705	0.014713574341931256
3.706	0.014749417450687264
3.707	0.014785173666674943
3.708	0.014820843618797087
3.709	0.014856427928406564
3.71	0.014891927209432589
3.711	0.014927342068504322
3.712	0.014962673105071805
3.713	0.014997920911524344
3.714	0.015033086073306421
3.715	0.01506816916903111
3.716	0.015103170770591182
3.717	0.015138091443267873
3.718	0.015172931745837392
3.719	0.01520769223067525
3.72	0.015242373443858424
3.721	0.015276975925265467
3.722	0.015311500208674552
3.723	0.015345946821859547
3.724	0.015380316286684136
3.725	0.015414609119194088
3.726	0.01544882582970763
3.727	0.01548296692290408
3.728	0.015517032897910673
3.729	0.015551024248387698
3.73	0.015584941462611994
3.731	0.015618785023558733
3.732	0.015652555408981715
3.733	0.01568625309149202
3.734	0.015719878538635188
3.735	0.015753432212966906
3.736	0.015786914572127244
3.737	0.01582032606891349
3.738	0.015853667151351572
3.739	0.015886938262766177
3.74	0.01592013984184951
3.741	0.01595327232272879
3.742	0.01598633613503246
3.743	0.016019331703955215
3.7439999999999998	0.016052259450321783
3.745	0.01608511979064953
3.746	0.016117913137209956
3.747	0.01615063989808904
3.748	0.016183300477246466
3.749	0.01621589527457383
3.75	0.016248424685951748
3.751	0.016280889103305947
3.752	0.01631328891466238
3.753	0.01634562450420132
3.754	0.016377896252310516
3.755	0.016410104535637394
3.7560000000000002	0.016442249727140357
3.757	0.01647433219613916
3.758	0.016506352308364423
3.759	0.016538310426006272
3.76	0.016570206907762133
3.761	0.016602042108883715
3.762	0.01663381638122317
3.763	0.016665530073278454
3.7640000000000002	0.016697183530237927
3.765	0.016728777094024202
3.766	0.01676031110333722
3.767	0.016791785893696634
3.768	0.01682320179748342
3.769	0.016854559143980884
3.77	0.01688585825941488
3.771	0.01691709946699345
3.7720000000000002	0.016948283086945716
3.773	0.016979409436560223
3.774	0.017010478830222577
3.775	0.01704149157945251
3.776	0.01707244799294029
3.777	0.017103348376582613
3.778	0.01713419303351784
3.779	0.017164982264160702
3.7800000000000002	0.017195716366236437
3.781	0.017226395634814377
3.782	0.017257020362341002
3.783	0.017287590838672467
3.784	0.017318107351106594
3.785	0.017348570184414408
3.786	0.017378979620871093
3.787	0.017409335940286548
3.7880000000000003	0.017439639420035413
3.789	0.01746989033508663
3.79	0.01750008895803257
3.791	0.01753023555911767
3.792	0.01756033040626667
3.793	0.017590373765112383
3.794	0.017620365899023042
3.795	0.017650307069129262
3.796	0.017680197534350527
3.797	0.01771003755142136
3.798	0.01773982737491701
3.799	0.01776956725727881
3.8	0.01779925744883913
3.801	0.017828898197845975
3.802	0.01785848975048718
3.803	0.017888032350914275
3.804	0.017917526241266007
3.805	0.017946971661691458
3.806	0.01797636885037288
3.807	0.018005718043548183
3.808	0.01803501947553306
3.809	0.01806427337874283
3.81	0.018093479983713943
3.811	0.018122639519125166
3.812	0.01815175221181849
3.813	0.0181808182868197
3.814	0.018209837967358686
3.815	0.018238811474889424
3.816	0.018267739029109713
3.817	0.018296620847980602
3.818	0.018325457147745555
3.819	0.018354248142949326
3.82	0.018382994046456606
3.821	0.018411695069470362
3.822	0.018440351421549952
3.823	0.018468963310628986
3.824	0.018497530943032903
3.825	0.01852605452349636
3.826	0.018554534255180322
3.827	0.018582970339688976
3.828	0.01861136297708635
3.829	0.01863971236591275
3.83	0.01866801870320096
3.831	0.018696282184492218
3.832	0.018724503003851964
3.833	0.018752681353885407
3.834	0.01878081742575284
3.835	0.01880891140918479
3.836	0.018836963492496927
3.837	0.0188649738626048
3.838	0.018892942705038364
3.839	0.018920870203956327
3.84	0.018948756542160296
3.841	0.018976601901108715
3.842	0.01900440646093066
3.843	0.01903217040043944
3.844	0.019059893897146005
3.845	0.019087577127272166
3.846	0.019115220265763715
3.847	0.01914282348630327
3.848	0.019170386961323033
3.849	0.01919791086201737
3.85	0.01922539535835517
3.851	0.019252840619092153
3.852	0.019280246811782906
3.8529999999999998	0.01930761410279284
3.854	0.019334942657309985
3.855	0.01936223263935658
3.856	0.019389484211800624
3.857	0.019416697536367142
3.858	0.019443872773649444
3.859	0.01947101008312014
3.86	0.019498109623142093
3.8609999999999998	0.01952517155097918
3.862	0.019552196022806917
3.863	0.01957918319372304
3.864	0.019606133217757834
3.865	0.01963304624788439
3.866	0.019659922436028772
3.867	0.019686761933079996
3.868	0.01971356488889992
3.8689999999999998	0.019740331452333015
3.87	0.01976706177121598
3.871	0.019793755992387304
3.872	0.019820414261696662
3.873	0.019847036724014208
3.874	0.019873623523239767
3.875	0.019900174802311894
3.876	0.019926690703216864
3.877	0.019953171366997514
3.878	0.01997961693376201
3.879	0.020006027542692477
3.88	0.02003240333205355
3.8810000000000002	0.020058744439200832
3.882	0.02008505100058923
3.883	0.020111323151781203
3.884	0.02013756102745491
3.885	0.020163764761412264
3.886	0.020189934486586902
3.887	0.020216070335052044
3.888	0.020242172438028276
3.8890000000000002	0.020268240925891218
3.89	0.020294275928179156
3.891	0.02032027757360052
3.892	0.020346245990041315
3.893	0.020372181304572478
3.894	0.02039808364345712
3.895	0.02042395313215766
3.896	0.020449789895343008
3.8970000000000002	0.020475594056895474
3.898	0.020501365739917756
3.899	0.02052710506673977
3.9	0.020552812158925446
3.901	0.020578487137279403
3.902	0.02060413012185358
3.903	0.020629741231953793
3.904	0.02065532058614619
3.9050000000000002	0.020680868302263684
3.906	0.020706384497412262
3.907	0.02073186928797727
3.908	0.02075732278962957
3.909	0.020782745117331716
3.91	0.020808136385343966
3.911	0.0208334967072303
3.912	0.020858826195864332
3.9130000000000003	0.020884124963435172
3.914	0.020909393121453245
3.915	0.020934630780755997
3.916	0.020959838051513583
3.917	0.020985015043234464
3.918	0.02101016186477099
3.919	0.021035278624324832
3.92	0.021060365429452485
3.921	0.02108542238707059
3.922	0.021110449603461263
3.923	0.021135447184277366
3.924	0.021160415234547696
3.925	0.02118535385868214
3.926	0.02121026316047678
3.927	0.021235143243118912
3.928	0.021259994209192036
3.929	0.021284816160680814
3.93	0.021309609198975923
3.931	0.021334373424878907
3.932	0.02135910893860696
3.933	0.021383815839797624
3.934	0.02140849422751353
3.935	0.021433144200246966
3.936	0.021457765855924526
3.937	0.0214823592919116
3.938	0.021506924605016887
3.939	0.021531461891496847
3.94	0.021555971247060088
3.941	0.02158045276687172
3.942	0.02160490654555769
3.943	0.021629332677209012
3.944	0.021653731255386027
3.945	0.02167810237312256
3.946	0.021702446122930066
3.947	0.021726762596801723
3.948	0.021751051886216507
3.949	0.021775314082143175
3.95	0.021799549275044267
3.951	0.02182375755488003
3.952	0.021847939011112313
3.953	0.02187209373270843
3.954	0.02189622180814498
3.955	0.0219203233254116
3.956	0.021944398372014756
3.957	0.021968447034981426
3.958	0.02199246940086275
3.959	0.0220164655557377
3.96	0.02204043558521666
3.961	0.022064379574444983
3.962	0.022088297608106537
3.963	0.022112189770427202
3.964	0.022136056145178287
3.965	0.022159896815680025
3.966	0.022183711864804903
3.967	0.02220750137498107
3.968	0.02223126542819563
3.969	0.02225500410599797
3.97	0.022278717489502994
3.971	0.022302405659394384
3.972	0.0223260686959278
3.973	0.022349706678934007
3.974	0.022373319687822087
3.975	0.022396907801582513
3.976	0.022420471098790223
3.977	0.022444009657607705
3.978	0.022467523555787988
3.979	0.022491012870677663
3.98	0.022514477679219845
3.981	0.022537918057957098
3.982	0.02256133408303438
3.983	0.022584725830201904
3.984	0.022608093374817992
3.985	0.022631436791851936
3.9859999999999998	0.02265475615588677
3.987	0.022678051541122082
3.988	0.02270132302137675
3.989	0.02272457067009166
3.99	0.022747794560332445
3.991	0.022770994764792128
3.992	0.022794171355793803
3.993	0.022817324405293247
3.9939999999999998	0.02284045398488154
3.995	0.022863560165787635
3.996	0.022886643018880933
3.997	0.022909702614673802
3.998	0.022932739023324093
3.999	0.022955752314637656
4.	0.022978742558070756
4.001	0.02300170982273258
4.002	0.023024654177387607
4.003	0.023047575690458046
4.004	0.023070474430026206
4.005	0.023093350463836836
4.006	0.023116203859299505
4.007	0.023139034683490867
4.008	0.023161843003157018
4.009	0.023184628884715706
4.01	0.023207392394258643
4.011	0.023230133597553725
4.0120000000000005	0.023252852560047218
4.013	0.023275549346866004
4.014	0.02329822402281974
4.015	0.02332087665240299
4.016	0.023343507299797412
4.017	0.023366116028873847
4.018	0.02338870290319443
4.019	0.023411267986014676
4.02	0.02343381134028556
4.021	0.023456333028655522
4.022	0.023478833113472576
4.023	0.023501311656786233
4.024	0.02352376872034957
4.025	0.023546204365621156
4.026	0.023568618653767068
4.027	0.023591011645662786
4.0280000000000005	0.023613383401895147
4.029	0.023635733982764265
4.03	0.023658063448285405
4.031	0.023680371858190864
4.032	0.023702659271931877
4.033	0.0237249257486804
4.034	0.023747171347331
4.035	0.023769396126502636
4.036	0.023791600144540487
4.037	0.0238137834595177
4.038	0.023835946129237225
4.039	0.02385808821123351
4.04	0.02388020976277427
4.041	0.023902310840862227
4.042	0.02392439150223679
4.043	0.0239464518033758
4.0440000000000005	0.023968491800497174
4.045	0.023990511549560598
4.046	0.02401251110626918
4.047	0.024034490526071088
4.048	0.02405644986416119
4.049	0.024078389175482676
4.05	0.02410030851472863
4.051	0.024122207936343672
4.052	0.024144087494525485
4.053	0.024165947243226404
4.054	0.024187787236154987
4.055	0.02420960752677751
4.056	0.02423140816831953
4.057	0.024253189213767387
4.058	0.0242749507158697
4.059	0.024296692727138875
4.0600000000000005	0.024318415299852566
4.061	0.024340118486055145
4.062	0.024361802337559173
4.063	0.024383466905946824
4.064	0.02440511224257131
4.065	0.02442673839855834
4.066	0.024448345424807474
4.067	0.024469933371993567
4.068	0.024491502290568148
4.069	0.024513052230760755
4.07	0.02453458324258036
4.071	0.024556095375816683
4.072	0.024577588680041527
4.073	0.024599063204610166
4.074	0.024620518998662598
4.075	0.024641956111124904
4.0760000000000005	0.024663374590710538
4.077	0.024684774485921605
4.078	0.024706155845050166
4.079	0.024727518716179484
4.08	0.02474886314718531
4.0809999999999995	0.024770189185737097
4.082	0.02479149687929931
4.083	0.02481278627513258
4.084	0.02483405742029497
4.085	0.024855310361643197
4.086	0.024876545145833817
4.087	0.024897761819324408
4.088	0.024918960428374784
4.089	0.024940141019048158
4.09	0.024961303637212315
4.091	0.024982448328540758
4.092	0.025003575138513878
4.093	0.02502468411242007
4.094	0.025045775295356894
4.095	0.02506684873223217
4.096	0.02508790446776514
4.0969999999999995	0.025108942546487496
4.098	0.02512996301274457
4.099	0.02515096591069636
4.1	0.025171951284318636
4.101	0.025192919177404013
4.102	0.02521386963356301
4.103	0.025234802696225127
4.104	0.02525571840863988
4.105	0.025276616813877835
4.106	0.02529749795483165
4.107	0.025318361874217137
4.108	0.025339208614574213
4.109	0.025360038218267975
4.11	0.02538085072748966
4.111	0.025401646184257682
4.112	0.025422424630418567
4.1129999999999995	0.025443186107648015
4.114	0.02546393065745179
4.115	0.025484658321166746
4.116	0.02550536913996176
4.117	0.0255260631548387
4.118	0.02554674040663336
4.119	0.02556740093601644
4.12	0.025588044783494388
4.121	0.02560867198941043
4.122	0.025629282593945438
4.123	0.025649876637118842
4.124	0.02567045415878953
4.125	0.025691015198656807
4.126	0.0257115597962612
4.127	0.02573208799098541
4.128	0.025752599822055165
4.129	0.02577309532854011
4.13	0.02579357454935465
4.131	0.02581403752325886
4.132	0.02583448428885927
4.133	0.025854914884609784
4.134	0.02587532934881249
4.135	0.025895727719618483
4.136	0.025916110035028736
4.1370000000000005	0.025936476332894903
4.138	0.02595682665092013
4.139	0.025977161026659895
4.14	0.02599747949752279
4.141	0.02601778210077135
4.142	0.026038068873522828
4.143	0.026058339852749992
4.144	0.026078595075281926
4.145	0.026098834577804788
4.146	0.02611905839686261
4.147	0.02613926656885803
4.148	0.02615945913005312
4.149	0.026179636116570065
4.15	0.026199797564391978
4.151	0.02621994350936363
4.152	0.026240073987192195
4.1530000000000005	0.02626018903344796
4.154	0.026280288683565113
4.155	0.02630037297284243
4.156	0.02632044193644402
4.157	0.02634049560940001
4.158	0.0263605340266073
4.159	0.026380557222830253
4.16	0.026400565232701397
4.161	0.026420558090722118
4.162	0.02644053583126337
4.163	0.026460498488566356
4.164	0.026480446096743212
4.165	0.02650037868977767
4.166	0.0265202963015258
4.167	0.026540198965716574
4.168	0.026560086715952624
4.1690000000000005	0.026579959585710872
4.17	0.026599817608343176
4.171	0.026619660817076986
4.172	0.026639489245016013
4.173	0.026659302925140863
4.174	0.026679101890309656
4.175	0.0266988861732587
4.176	0.026718655806603084
4.177	0.026738410822837334
4.178	0.026758151254336032
4.179	0.026777877133354413
4.18	0.026797588492029
4.181	0.02681728536237823
4.182	0.026836967776303004
4.183	0.026856635765587358
4.184	0.026876289361899012
4.1850000000000005	0.026895928596790002
4.186	0.026915553501697238
4.187	0.026935164107943107
4.188	0.026954760446736063
4.189	0.02697434254917119
4.19	0.026993910446230777
4.191	0.02701346416878493
4.192	0.027033003747592082
4.193	0.027052529213299592
4.194	0.027072040596444295
4.195	0.02709153792745307
4.196	0.02711102123664338
4.197	0.02713049055422383
4.198	0.027149945910294713
4.199	0.027169387334848555
4.2	0.027188814857770634
4.2010000000000005	0.027208228508839555
4.202	0.027227628317727733
4.203	0.027247014314001998
4.204	0.02726638652712401
4.205	0.02728574498645089
4.2059999999999995	0.027305089721235676
4.207	0.027324420760627847
4.208	0.027343738133673866
4.209	0.027363041869317643
4.21	0.027382331996401086
4.211	0.027401608543664566
4.212	0.02742087153974744
4.213	0.027440121013188542
4.214	0.02745935699242667
4.215	0.02747857950580109
4.216	0.02749778858155201
4.217	0.027516984247821053
4.218	0.027536166532651785
4.219	0.027555335463990138
4.22	0.027574491069684903
4.221	0.027593633377488234
4.2219999999999995	0.02761276241505607
4.223	0.02763187820994862
4.224	0.02765098078963083
4.225	0.027670070181472863
4.226	0.027689146412750495
4.227	0.027708209510645652
4.228	0.02772725950224678
4.229	0.027746296414549353
4.23	0.027765320274456308
4.231	0.027784331108778464
4.232	0.027803328944234984
4.233	0.027822313807453813
4.234	0.0278412857249721
4.235	0.02786024472323665
4.236	0.02787919082860433
4.237	0.027898124067342517
4.2379999999999995	0.02791704446562952
4.239	0.027935952049555
4.24	0.027954846845120375
4.241	0.027973728878239252
4.242	0.027992598174737846
4.243	0.028011454760355395
4.244	0.028030298660744538
4.245	0.028049129901471764
4.246	0.028067948508017776
4.247	0.028086754505777946
4.248	0.02810554792006265
4.249	0.028124328776097714
4.25	0.0281430970990248
4.251	0.02816185291390179
4.252	0.028180596245703154
4.253	0.0281993271193204
4.254	0.028218045559562397
4.255	0.028236751591155792
4.256	0.02825544523874539
4.257	0.028274126526894507
4.258	0.02829279548008538
4.259	0.028311452122719523
4.26	0.02833009647911811
4.261	0.028348728573522313
4.2620000000000005	0.028367348430093715
4.263	0.02838595607291466
4.264	0.028404551525988593
4.265	0.02842313481324045
4.266	0.028441705958516993
4.267	0.02846026498558721
4.268	0.02847881191814261
4.269	0.028497346779797615
4.27	0.02851586959408992
4.271	0.02853438038448079
4.272	0.02855287917435547
4.273	0.02857136598702348
4.274	0.028589840845719007
4.275	0.028608303773601167
4.276	0.02862675479375445
4.277	0.028645193929188947
4.2780000000000005	0.02866362120284078
4.279	0.028682036637572364
4.28	0.028700440256172792
4.281	0.028718832081358114
4.282	0.0287372121357717
4.283	0.02875558044198455
4.284	0.028773937022495626
4.285	0.028792281899732174
4.286	0.02881061509605001
4.287	0.02882893663373391
4.288	0.02884724653499785
4.289	0.028865544821985355
4.29	0.02888383151676982
4.291	0.02890210664135481
4.292	0.028920370217674355
4.293	0.02893862226759329
4.2940000000000005	0.028956862812907522
4.295	0.02897509187534436
4.296	0.02899330947656281
4.297	0.02901151563815388
4.298	0.02902971038164086
4.299	0.02904789372847965
4.3	0.02906606570005902
4.301	0.029084226317700936
4.302	0.02910237560266082
4.303	0.029120513576127875
4.304	0.029138640259225346
4.305	0.029156755673010817
4.306	0.02917485983847649
4.307	0.029192952776549496
4.308	0.029211034508092124
4.309	0.029229105053902166
4.3100000000000005	0.029247164434713143
4.311	0.02926521267119461
4.312	0.029283249783952425
4.313	0.029301275793529022
4.314	0.029319290720403696
4.315	0.029337294584992846
4.316	0.02935528740765027
4.317	0.029373269208667438
4.318	0.02939124000827374
4.319	0.02940919982663675
4.32	0.029427148683862512
4.321	0.029445086599995788
4.322	0.029463013595020304
4.323	0.029480929688859063
4.324	0.02949883490137453
4.325	0.029516729252368937
4.3260000000000005	0.029534612761584537
4.327	0.029552485448703845
4.328	0.029570347333349886
4.329	0.029588198435086456
4.33	0.02960603877341839
4.331	0.02962386836779176
4.332	0.029641687237594173
4.333	0.029659495402154998
4.334	0.029677292880745602
4.335	0.02969507969257961
4.336	0.029712855856813127
4.337	0.029730621392544995
4.338	0.029748376318817035
4.339	0.029766120654614276
4.34	0.029783854418865177
4.341	0.029801577630441906
4.342	0.029819290308160506
4.343	0.029836992470781223
4.344	0.029854684137008643
4.345	0.02987236532549198
4.346	0.029890036054825292
4.3469999999999995	0.02990769634354769
4.348	0.02992534621014361
4.349	0.02994298567304297
4.35	0.029960614750621464
4.351	0.029978233461200758
4.352	0.029995841823048687
4.353	0.030013439854379525
4.354	0.03003102757335415
4.355	0.03004860499808032
4.356	0.030066172146612842
4.357	0.030083729036953808
4.358	0.030101275687052828
4.359	0.03011881211480722
4.36	0.03013633833806222
4.361	0.030153854374611194
4.362	0.03017136024219589
4.3629999999999995	0.030188855958506594
4.364	0.030206341541182364
4.365	0.030223817007811227
4.366	0.03024128237593042
4.367	0.03025873766302652
4.368	0.030276182886535746
4.369	0.03029361806384408
4.37	0.0303110432122875
4.371	0.03032845834915221
4.372	0.030345863491674785
4.373	0.030363258657042414
4.374	0.03038064386239306
4.375	0.030398019124815705
4.376	0.0304153844613505
4.377	0.03043273988898899
4.378	0.030450085424674294
4.379	0.030467421085301302
4.38	0.030484746887716848
4.381	0.03050206284871996
4.382	0.030519368985061968
4.383	0.030536665313446763
4.384	0.030553951850530933
4.385	0.030571228612924006
4.386	0.030588495617188554
4.3870000000000005	0.030605752879840475
4.388	0.030623000417349104
4.389	0.030640238246137447
4.39	0.030657466382582304
4.391	0.03067468484301451
4.392	0.030691893643719093
4.393	0.030709092800935436
4.394	0.030726282330857484
4.395	0.030743462249633906
4.396	0.030760632573368273
4.397	0.030777793318119247
4.398	0.03079494449990072
4.399	0.03081208613468205
4.4	0.030829218238388176
4.401	0.03084634082689981
4.402	0.03086345391605363
4.4030000000000005	0.030880557521642423
4.404	0.03089765165941526
4.405	0.030914736345077676
4.406	0.030931811594291838
4.407	0.030948877422676695
4.408	0.03096593384580816
4.409	0.03098298087921928
4.41	0.031000018538400387
4.411	0.031017046838799273
4.412	0.031034065795821346
4.413	0.031051075424829783
4.414	0.031068075741145743
4.415	0.03108506676004845
4.416	0.031102048496775395
4.417	0.03111902096652253
4.418	0.031135984184444358
4.4190000000000005	0.031152938165654127
4.42	0.031169882925223987
4.421	0.031186818478185135
4.422	0.031203744839527998
4.423	0.03122066202420234
4.424	0.031237570047117465
4.425	0.03125446892314234
4.426	0.031271358667105766
4.427	0.03128823929379649
4.428	0.03130511081796343
4.429	0.03132197325431575
4.43	0.031338826617523054
4.431	0.031355670922215514
4.432	0.03137250618298404
4.433	0.0313893324143804
4.434	0.03140614963091738
4.4350000000000005	0.03142295784706895
4.436	0.031439757077270376
4.437	0.03145654733591836
4.438	0.03147332863737125
4.439	0.03149010099594908
4.44	0.03150686442593381
4.441	0.0315236189415694
4.442	0.031540364557062016
4.443	0.03155710128658007
4.444	0.03157382914425449
4.445	0.031590548144178734
4.446	0.031607258300409016
4.447	0.03162395962696441
4.448	0.03164065213782698
4.449	0.031657335846941935
4.45	0.03167401076821776
4.4510000000000005	0.03169067691552636
4.452	0.031707334302703144
4.453	0.03172398294354724
4.454	0.03174062285182155
4.455	0.03175725404125294
4.456	0.03177387652553235
4.457	0.03179049031831495
4.458	0.03180709543322019
4.459	0.031823691883832037
4.46	0.03184027968369902
4.461	0.03185685884633444
4.462	0.031873429385216416
4.463	0.03188999131378806
4.464	0.03190654464545758
4.465	0.03192308939359845
4.466	0.03193962557154949
4.467	0.03195615319261501
4.468	0.03197267227006492
4.469	0.03198918281713489
4.47	0.032005684847026455
4.471	0.03202217837290709
4.4719999999999995	0.03203866340791043
4.473	0.032055139965136314
4.474	0.03207160805765092
4.475	0.03208806769848692
4.476	0.032104518900643565
4.477	0.032120961677086814
4.478	0.03213739604074948
4.479	0.032153822004531284
4.48	0.03217023958129906
4.481	0.03218664878388679
4.482	0.03220304962509577
4.483	0.03221944211769474
4.484	0.03223582627441991
4.485	0.03225220210797523
4.486	0.03226856963103233
4.487	0.032284928856230764
4.4879999999999995	0.03230127979617808
4.489	0.03231762246344991
4.49	0.03233395687059013
4.491	0.03235028303011092
4.492	0.03236660095449293
4.493	0.03238291065618536
4.494	0.03239921214760604
4.495	0.03241550544114164
4.496	0.03243179054914766
4.497	0.03244806748394862
4.498	0.03246433625783814
4.499	0.03248059688307904
4.5	0.032496849371903495
4.501	0.03251309373651306
4.502	0.03252932998907885
4.503	0.032545558141741635
4.504	0.032561778206611894
4.505	0.032577990195769985
4.506	0.03259419412126622
4.507	0.03261038999512097
4.508	0.03262657782932476
4.509	0.0326427576358384
4.51	0.03265892942659306
4.511	0.03267509321349041
4.5120000000000005	0.03269124900840264
4.513	0.03270739682317269
4.514	0.03272353666961423
4.515000000000001	0.03273966855951183
4.516	0.03275579250462103
4.517	0.032771908516668474
4.518	0.03278801660735196
4.519	0.032804116788340575
4.52	0.03282020907127479
4.521	0.03283629346776655
4.522	0.032852369989399374
4.523	0.03286843864772844
4.524	0.032884499454280715
4.525	0.03290055242055502
4.526	0.03291659755802214
4.527	0.032932634878124915
4.5280000000000005	0.03294866439227832
4.529	0.03296468611186962
4.53	0.03298070004825837
4.531	0.032996706212776596
4.532	0.033012704616728845
4.5329999999999995	0.033028695271392274
4.534	0.03304467818801676
4.535	0.03306065337782498
4.536	0.033076620852012545
4.537	0.033092580621748
4.538	0.03310853269817301
4.539	0.0331244770924024
4.54	0.03314041381552427
4.541	0.033156342878600045
4.542	0.03317226429266463
4.543	0.0331881780687264
4.5440000000000005	0.03320408421776743
4.545	0.033219982750743456
4.546	0.033235873678584
4.547	0.0332517570121925
4.548	0.03326763276244634
4.5489999999999995	0.03328350094019698
4.55	0.033299361556270016
4.551	0.03331521462146527
4.552	0.03333106014655691
4.553	0.03334689814229344
4.554	0.03336272861939794
4.555	0.033378551588567985
4.556	0.033394367060475855
4.557	0.03341017504576854
4.558	0.03342597555506787
4.559	0.033441768598970585
4.5600000000000005	0.033457554188048404
4.561	0.033473332332848126
4.562	0.033489103043891695
4.563	0.033504866331676306
4.564	0.03352062220667444
4.5649999999999995	0.033536370679334036
4.566	0.03355211176007848
4.567	0.03356784545930669
4.568	0.03358357178739327
4.569	0.03359929075468851
4.57	0.03361500237151854
4.571	0.03363070664818534
4.572	0.03364640359496684
4.573	0.03366209322211703
4.574	0.03367777553986603
4.575	0.033693450558420074
4.5760000000000005	0.03370911828796177
4.577	0.03372477873864999
4.578	0.03374043192062009
4.579	0.03375607784398387
4.58	0.03377171651882976
4.5809999999999995	0.03378734795522282
4.582	0.03380297216320482
4.583	0.03381858915279435
4.584	0.0338341989339869
4.585	0.03384980151675487
4.586	0.033865396911047715
4.587	0.033880985126791996
4.588	0.03389656617389143
4.589	0.03391214006222699
4.59	0.03392770680165698
4.591	0.03394326640201707
4.5920000000000005	0.033958818873120446
4.593	0.03397436422475778
4.594	0.0339899024666974
4.595	0.03400543360868527
4.596	0.034020957660445154
4.5969999999999995	0.03403647463167862
4.598	0.03405198453206512
4.599	0.0340674873712621
4.6	0.03408298315890502
4.601	0.03409847190460744
4.602	0.03411395361796113
4.603	0.03412942830853607
4.604	0.03414489598588058
4.605	0.034160356659521336
4.606	0.03417581033896349
4.607	0.0341912570336907
4.6080000000000005	0.034206696753165226
4.609	0.03422212950682795
4.61	0.03423755530409852
4.611	0.03425297415437534
4.612	0.03426838606703568
4.6129999999999995	0.03428379105143573
4.614	0.034299189116910704
4.615	0.0343145802727748
4.616	0.034329964528321405
4.617	0.03434534189282305
4.618	0.03436071237553154
4.619	0.034376075985677976
4.62	0.034391432732472874
4.621	0.03440678262510615
4.622	0.03442212567274727
4.623	0.03443746188454525
4.6240000000000006	0.03445279126962875
4.625	0.03446811383710613
4.626	0.034483429596065526
4.627	0.034498738555574865
4.628	0.034514040724682005
4.629	0.03452933611241473
4.63	0.03454462472778086
4.631	0.03455990657976824
4.632	0.034575181677344934
4.633	0.034590450029459124
4.634	0.034605711645039304
4.635	0.03462096653299428
4.636	0.03463621470221319
4.6370000000000005	0.0346514561615657
4.638	0.034666690919901925
4.639	0.034681918986052516
4.640000000000001	0.034697140368828816
4.641	0.034712355077022805
4.642	0.034727563119407195
4.643	0.03474276450473553
4.644	0.03475795924174219
4.645	0.03477314733914247
4.646	0.03478832880563266
4.647	0.03480350364989008
4.648	0.034818671880573096
4.649	0.03483383350632129
4.65	0.03484898853575542
4.651	0.03486413697747747
4.652	0.034879278840070825
4.6530000000000005	0.03489441413210018
4.654	0.034909542862111675
4.655	0.03492466503863298
4.656	0.03493978067017326
4.657	0.03495488976522331
4.6579999999999995	0.03496999233225557
4.659	0.03498508837972421
4.66	0.03500017791606514
4.661	0.03501526094969612
4.662	0.03503033748901677
4.663	0.03504540754240867
4.664	0.03506047111823534
4.665	0.03507552822484238
4.666	0.03509057887055748
4.667	0.03510562306369046
4.668	0.03512066081253334
4.6690000000000005	0.03513569212536044
4.67	0.03515071701042833
4.671	0.035165735475975984
4.672	0.035180747530224765
4.673	0.03519575318137852
4.6739999999999995	0.0352107524376236
4.675	0.03522574530712894
4.676	0.035240731798046085
4.677	0.03525571191850927
4.678	0.035270685676635445
4.679	0.03528565308052435
4.68	0.035300614138258524
4.681	0.035315568857903414
4.682	0.0353305172475074
4.683	0.03534545931510182
4.684	0.035360395068701055
4.6850000000000005	0.035375324516302584
4.686	0.03539024766588698
4.687	0.035405164525418024
4.688	0.03542007510284272
4.689	0.03543497940609137
4.6899999999999995	0.03544987744307756
4.691	0.03546476922169831
4.692	0.03547965474983402
4.693	0.03549453403534859
4.694	0.035509407086089455
4.695	0.0355242739098876
4.696	0.03553913451455762
4.697	0.03555398890789782
4.698	0.035568837097690174
4.699	0.03558367909170047
4.7	0.03559851489767826
4.7010000000000005	0.03561334452335699
4.702	0.03562816797645399
4.703	0.03564298526467055
4.704	0.03565779639569195
4.705	0.035672601377187536
4.7059999999999995	0.03568740021681073
4.707	0.03570219292219908
4.708	0.03571697950097436
4.709	0.03573175996074253
4.71	0.03574653430909384
4.711	0.035761302553602874
4.712	0.03577606470182855
4.713	0.035790820761314256
4.714	0.03580557073958777
4.715	0.035820314644161404
4.716	0.035835052482532014
4.7170000000000005	0.03584978426218106
4.718	0.03586450999057458
4.719	0.03587922967516338
4.72	0.035893943323382915
4.721	0.035908650942653435
4.7219999999999995	0.03592335254037998
4.723	0.035938048123952494
4.724	0.03595273770074576
4.725	0.035967421278119534
4.726	0.03598209886341854
4.727	0.03599677046397255
4.728	0.036011436087096366
4.729	0.036026095740089935
4.73	0.03604074943023836
4.731	0.03605539716481192
4.732	0.03607003895106612
4.7330000000000005	0.03608467479624179
4.734	0.03609930470756504
4.735	0.03611392869224737
4.736	0.03612854675748566
4.737	0.03614315891046227
4.7379999999999995	0.036157765158345005
4.739	0.036172365508287244
4.74	0.036186959967427886
4.741	0.03620154854289149
4.742	0.03621613124178822
4.743	0.03623070807121397
4.744	0.03624527903825033
4.745	0.03625984414996471
4.746	0.036274403413410254
4.747	0.03628895683562604
4.748	0.03630350442363698
4.7490000000000006	0.03631804618445395
4.75	0.03633258212507378
4.751	0.0363471122524793
4.752	0.0363616365736394
4.753	0.03637615509550908
4.754	0.036390667825029414
4.755	0.03640517476912769
4.756	0.03641967593471737
4.757	0.036434171328698174
4.758	0.03644866095795608
4.759	0.036463144829363414
4.76	0.03647762294977885
4.761	0.03649209532604743
4.7620000000000005	0.036506561965000656
4.763	0.03652102287345651
4.764	0.036535478058219426
4.765000000000001	0.036549927526080446
4.766	0.03656437128381716
4.767	0.036578809338193796
4.768	0.036593241695961204
4.769	0.03660766836385697
4.77	0.036622089348605356
4.771	0.03663650465691746
4.772	0.03665091429549111
4.773	0.03666531827101102
4.774	0.03667971659014877
4.775	0.03669410925956284
4.776	0.03670849628589865
4.777	0.03672287767578864
4.7780000000000005	0.03673725343585222
4.779	0.03675162357269589
4.78	0.03676598809291321
4.781	0.03678034700308489
4.782	0.0367947003097788
4.7829999999999995	0.03680904801954997
4.784	0.036823390138940724
4.785	0.03683772667448056
4.786	0.03685205763268636
4.787	0.036866383020062295
4.788	0.036880702843099904
4.789	0.03689501710827815
4.79	0.036909325822063424
4.791	0.03692362899090958
4.792	0.03693792662125797
4.793	0.03695221871953751
4.7940000000000005	0.03696650529216468
4.795	0.036980786345543526
4.796	0.03699506188606581
4.797	0.0370093319201109
4.798	0.03702359645404589
4.7989999999999995	0.03703785549422562
4.8	0.03705210904699272
4.801	0.037066357118677576
4.802	0.03708059971559845
4.803	0.037094836844061466
4.804	0.037109068510360645
4.805	0.03712329472077795
4.806	0.037137515481583325
4.807	0.03715173079903466
4.808	0.03716594067937795
4.809	0.03718014512884722
4.8100000000000005	0.037194344153664564
4.811	0.03720853776004025
4.812	0.0372227259541727
4.813	0.037236908742248484
4.814	0.03725108613044246
4.8149999999999995	0.03726525812491767
4.816	0.0372794247318255
4.817	0.03729358595730562
4.818	0.03730774180748606
4.819	0.03732189228848322
4.82	0.03733603740640192
4.821	0.037350177167335415
4.822	0.03736431157736542
4.823	0.037378440642562176
4.824	0.037392564368984436
4.825	0.037406682762679506
4.8260000000000005	0.03742079582968332
4.827	0.0374349035760204
4.828	0.03744900600770393
4.829	0.03746310313073578
4.83	0.03747719495110653
4.8309999999999995	0.03749128147479551
4.832	0.037505362707770815
4.833	0.037519438655989314
4.834	0.03753350932539677
4.835	0.037547574721927726
4.836	0.03756163485150568
4.837	0.037575689720043014
4.838	0.03758973933344106
4.839	0.03760378369759015
4.84	0.03761782281836958
4.841	0.0376318567016477
4.8420000000000005	0.037645885353281935
4.843	0.037659908779118775
4.844	0.037673926984993854
4.845	0.03768793997673192
4.846	0.03770194776014694
4.8469999999999995	0.037715950341042026
4.848	0.0377299477252096
4.849	0.03774393991843126
4.85	0.037757926926477954
4.851	0.037771908755109905
4.852	0.03778588541007673
4.853	0.03779985689711734
4.854	0.03781382322196011
4.855	0.037827784390322805
4.856	0.037841740407912654
4.857	0.03785569128042639
4.8580000000000005	0.03786963701355018
4.859	0.037883577612959816
4.86	0.03789751308432059
4.861	0.03791144343328741
4.862	0.03792536866550478
4.8629999999999995	0.037939288786606844
4.864	0.03795320380221743
4.865	0.03796711371795006
4.866	0.03798101853940797
4.867	0.03799491827218414
4.868	0.03800881292186132
4.869	0.03802270249401208
4.87	0.03803658699419879
4.871	0.03805046642797368
4.872	0.03806434080087888
4.873	0.03807821011844639
4.8740000000000006	0.03809207438619815
4.875	0.038105933609646064
4.876	0.03811978779429201
4.877	0.03813363694562786
4.878	0.038147481069135535
4.879	0.03816132017028701
4.88	0.03817515425454433
4.881	0.03818898332735966
4.882	0.038202807394175295
4.883	0.038216626460423675
4.884	0.03823044053152743
4.885	0.03824424961289939
4.886	0.03825805370994264
4.8870000000000005	0.038271852828050484
4.888	0.03828564697260654
4.889	0.0382994361489847
4.890000000000001	0.03831322036254922
4.891	0.03832699961865468
4.892	0.038340773922646065
4.893	0.038354543279858724
4.894	0.03836830769561849
4.895	0.03838206717524158
4.896	0.03839582172403474
4.897	0.03840957134729516
4.898	0.03842331605031062
4.899	0.0384370558383594
4.9	0.03845079071671034
4.901	0.038464520690622915
4.902	0.03847824576534718
4.9030000000000005	0.03849196594612385
4.904	0.038505681238184306
4.905	0.03851939164675059
4.906000000000001	0.03853309717703547
4.907	0.03854679783424246
4.9079999999999995	0.03856049362356581
4.909	0.03857418455019056
4.91	0.03858787061929254
4.911	0.0386015518360384
4.912	0.03861522820558568
4.913	0.03862889973308275
4.914	0.03864256642366887
4.915	0.03865622828247423
4.916	0.03866988531461997
4.917	0.03868353752521816
4.918	0.038697184919371866
4.9190000000000005	0.038710827502175166
4.92	0.03872446527871316
4.921	0.03873809825406201
4.922	0.0387517264332889
4.923	0.03876534982145218
4.9239999999999995	0.03877896842360125
4.925	0.03879258224477668
4.926	0.03880619129001019
4.927	0.038819795564324695
4.928	0.038833395072734284
4.929	0.03884698982024429
4.93	0.03886057981185129
4.931	0.03887416505254311
4.932	0.03888774554729889
4.933	0.03890132130108905
4.934	0.03891489231887536
4.9350000000000005	0.03892845860561094
4.936	0.03894202016624028
4.937	0.038955577005699266
4.938	0.038969129128915175
4.939	0.03898267654080676
4.9399999999999995	0.038996219246284186
4.941	0.03900975725024914
4.942	0.03902329055759478
4.943	0.039036819173205776
4.944	0.03905034310195836
4.945	0.039063862348720294
4.946	0.039077376918350934
4.947	0.03909088681570127
4.948	0.039104392045613834
4.949	0.03911789261292289
4.95	0.039131388522454284
4.9510000000000005	0.039144879779025595
4.952	0.03915836638744608
4.953	0.039171848352516726
4.954	0.03918532567903025
4.955	0.03919879837177114
4.9559999999999995	0.03921226643551567
4.957	0.03922572987503188
4.958	0.039239188695079676
4.959	0.039252642900410785
4.96	0.03926609249576878
4.961	0.039279537485889124
4.962	0.039292977875499194
4.963	0.039306413669318266
4.964	0.039319844872057544
4.965	0.03933327148842021
4.966	0.039346693523101404
4.9670000000000005	0.03936011098078828
4.968	0.03937352386615999
4.969	0.03938693218388773
4.97	0.03940033593863472
4.971	0.0394137351350563
4.9719999999999995	0.03942712977779984
4.973	0.03944051987150489
4.974	0.039453905420803036
4.975	0.039467286430318105
4.976	0.03948066290466603
4.977	0.03949403484845493
4.978	0.039507402266285144
4.979	0.03952076516274923
4.98	0.03953412354243196
4.981	0.0395474774099104
4.982	0.03956082676975385
4.9830000000000005	0.039574171626523956
4.984	0.03958751198477461
4.985	0.039600847849052094
4.986	0.039614179223895
4.987	0.03962750611383429
4.9879999999999995	0.039640828523393325
4.989	0.03965414645708787
4.99	0.03966745991942608
4.991	0.03968076891490858
4.992	0.039694073448028416
4.993	0.03970737352327116
4.994	0.0397206691451148
4.995	0.039733960318029914
4.996	0.039747247046479535
4.997	0.03976052933491927
4.998	0.03977380718779729
4.9990000000000006	0.03978708060955436
5.	0.03980034960462379