-0.045	1.e-9
-0.039999999999999925	7.208556972616312e-10
-0.029999999999999923	2.280449769453218e-11
-0.019999999999999924	2.303115495164128e-12
-0.009999999999999926	5.307523312117648e-13
7.632783294297951e-17	2.0383715203541407e-13
0.010000000000000009	1.0870794156895174e-13
0.02000000000000001	7.19333913130023e-14
0.03000000000000001	5.457965712763233e-14
0.04000000000000001	4.492882347996676e-14
0.05000000000000001	3.878180532959961e-14
0.06000000000000005	3.4470959073959744e-14
0.07000000000000005	3.123733419378224e-14
0.08000000000000006	2.869390065131992e-14
0.09000000000000005	2.662560982797866e-14
0.10000000000000006	2.4901230615543367e-14
0.1100000000000001	2.3435487436966824e-14
0.12000000000000009	2.217009751396888e-14
0.1300000000000001	2.1063652176170376e-14
0.1400000000000001	2.008580098580395e-14
0.1500000000000001	1.9213719136156692e-14
0.16000000000000003	1.8429865570070654e-14
0.17000000000000004	1.7720507822856383e-14
0.18000000000000002	1.707472128180257e-14
0.19000000000000003	1.6483692272718833e-14
0.20000000000000004	1.594022155894312e-14
0.21000000000000008	1.5438363479895895e-14
0.22000000000000008	1.4973158989129497e-14
0.23000000000000007	1.4540435012799077e-14
0.24000000000000007	1.413665149662813e-14
0.25000000000000006	1.3758783301154079e-14
0.26	1.3404227936494245e-14
0.27	1.3070732712645337e-14
0.28	1.275633665631544e-14
0.29000000000000004	1.2459323784062326e-14
0.3	1.2178185198977774e-14
0.31000000000000005	1.1911588108204394e-14
0.32000000000000006	1.1658350316698743e-14
0.33000000000000007	1.1417419089641061e-14
0.3400000000000001	1.1187853526509302e-14
0.35000000000000003	1.0968809778047242e-14
0.3600000000000001	1.0759528580074913e-14
0.3700000000000001	1.0559324687253233e-14
0.3800000000000001	1.0367577874093947e-14
0.3900000000000001	1.0183725235936844e-14
0.4000000000000001	1.000725457384001e-14
0.41000000000000014	9.837698687703004e-15
0.42000000000000015	9.674630433984094e-15
0.43000000000000016	9.517658429942139e-15
0.44000000000000017	9.366423306871915e-15
0.4500000000000001	9.220594431385763e-15
0.45999999999999996	9.079867027244447e-15
0.47	8.943959641227955e-15
0.48	8.812611905529479e-15
0.49	8.685582556565737e-15
0.49999999999999994	8.562647676226108e-15
0.51	8.443599126669718e-15
0.52	8.32824315401815e-15
0.53	8.21639913985e-15
0.54	8.107898482372592e-15
0.55	8.002583591671867e-15
0.56	7.900306985558766e-15
0.5700000000000001	7.800930474336831e-15
0.5800000000000001	7.70432442435064e-15
0.5900000000000001	7.610367091483602e-15
0.6000000000000001	7.518944016899281e-15
0.6100000000000001	7.429947478275487e-15
0.6200000000000001	7.3432759906202e-15
0.6300000000000001	7.258833851464155e-15
0.6400000000000001	7.176530725848715e-15
0.6500000000000001	7.0962812670665544e-15
0.6600000000000001	7.0180047695715625e-15
0.6700000000000002	6.941624850890583e-15
0.6800000000000002	6.867069159719331e-15
0.6900000000000002	6.79426910769275e-15
0.7000000000000002	6.723159622603104e-15
0.71	6.653678921064663e-15
0.72	6.5857682988466175e-15
0.73	6.519371937273773e-15
0.74	6.4544367242637686e-15
0.75	6.390912088710917e-15
0.76	6.328749847060115e-15
0.77	6.267904061023108e-15
0.78	6.208330905497411e-15
0.79	6.149988545834976e-15
0.8	6.092837023687886e-15
0.81	6.036838150735515e-15
0.8200000000000001	5.981955409656943e-15
0.8300000000000001	5.9281538617726785e-15
0.8400000000000001	5.8754000608354494e-15
0.8500000000000001	5.823661972487395e-15
0.8600000000000001	5.772908898954816e-15
0.8700000000000001	5.723111408580003e-15
0.8800000000000001	5.6742412698277856e-15
0.8900000000000001	5.626271389438263e-15
0.9000000000000001	5.579175754418436e-15
0.9100000000000001	5.532929377596286e-15
0.9200000000000002	5.4875082464828954e-15
0.9300000000000002	5.442889275206297e-15
0.9400000000000002	5.399050259302672e-15
0.9500000000000002	5.3559698331671505e-15
0.9600000000000002	5.313627429979966e-15
0.9700000000000002	5.272003243942269e-15
0.9800000000000002	5.231078194663126e-15
0.9900000000000002	5.1908338935582755e-15
1.0000000000000002	5.151252612123288e-15
1.01	5.1123172519650856e-15
1.02	5.0740113164714334e-15
1.03	5.0363188840192415e-15
1.04	4.999224582620694e-15
1.05	4.962713565918489e-15
1.06	4.926771490446158e-15
1.07	4.891384494075521e-15
1.08	4.8565391755782555e-15
1.09	4.822222575235418e-15
1.1	4.788422156431175e-15
1.11	4.755125788173059e-15
1.12	4.7223217284832984e-15
1.1300000000000001	4.689998608611208e-15
1.1400000000000001	4.658145418019966e-15
1.1500000000000001	4.626751490100811e-15
1.1600000000000001	4.595806488576667e-15
1.1700000000000002	4.565300394553603e-15
1.1800000000000002	4.53522349418612e-15
1.1900000000000002	4.5055663669199504e-15
1.2000000000000002	4.4763198742835054e-15
1.2100000000000002	4.447475149195705e-15
1.2200000000000002	4.419023585763959e-15
1.2300000000000002	4.390956829544226e-15
1.2400000000000002	4.3632667682407915e-15
1.2500000000000002	4.3359455228211076e-15
1.26	4.308985439024427e-15
1.27	4.2823790792439906e-15
1.28	4.2561192147631465e-15
1.29	4.230198818327847e-15
1.3	4.204611057037613e-15
1.3100000000000003	4.179349285540641e-15
1.3200000000000003	4.15440703951558e-15
1.3300000000000003	4.129778029427761e-15
1.3400000000000003	4.1054561345454806e-15
1.3500000000000003	4.081435397203697e-15
1.36	4.05771001730321e-15
1.37	4.034274347034601e-15
1.3800000000000001	4.011122885814666e-15
1.3900000000000001	3.988250275427143e-15
1.4000000000000001	3.965651295357375e-15
1.41	3.943320858310671e-15
1.42	3.921254005908206e-15
1.43	3.899445904550332e-15
1.44	3.877891841440114e-15
1.45	3.856587220760551e-15
1.4600000000000002	3.835527559998071e-15
1.4700000000000002	3.814708486404798e-15
1.4800000000000002	3.7941257335956895e-15
1.4900000000000002	3.7737751382717995e-15
1.5000000000000002	3.753652637066509e-15